223.1894390372083,457.314312293883,686.1894390372083,447.0756009367663,687.8105609627917,520.3836008759779,224.8105609627917,530.6223122330946
108.82391672280463,452.04307772458765,171.82391672280463,446.4819357568142,178.17608327719537,518.4431435888889,115.17608327719537,524.0042855566624
528.4474170882569,295.95943381884535,558.9166478574875,286.25484397509535,585.5910444502047,406.35306618115465,555.1218136809739,416.05765602490465
427.23133249356994,287.5280990559843,458.23133249356994,285.33150100300577,467.76866750643006,419.9293556254122,436.76866750643006,422.1259536783907
320.3341423653283,286.754324749305,351.3341423653283,286.9064014704964,350.6658576346717,423.13255421798016,319.6658576346717,422.98047749678875
204.89703501507546,299.19281209980073,235.89703501507546,297.7037373927695,242.10296498492454,426.900632724418,211.10296498492454,428.38970743144927
618.3879671548448,286.90698579359673,649.3879671548448,284.2124743800225,660.6120328451552,413.3438763279853,629.6120328451552,416.0383877415595
527.0397048600893,535.4812557476168,536.5781663985508,535.6050420870098,536.0372182168338,577.2882637648531,526.4987566783723,577.1644774254602
474.7370109144233,540.8320028143166,484.27547245288486,539.5464005381748,489.87837370096133,581.1168450297339,480.3399121624998,582.4024473058757
157.52591870625554,415.16789718855097,679.0643802447171,414.7545434152872,679.089465909129,446.40573343783404,157.55100437066753,446.81908721109784
224.1201543739253,540.9274005609537,233.65861591238684,542.0965665390187,228.49523024145932,584.2212576046112,218.95676870299778,583.0520916265463
169.31417552300323,534.4495689299837,178.85263706146478,535.352459648884,174.9935167846891,576.1215910196858,165.45505524622754,575.2187003007855
666.9685229309792,530.4510323068064,676.5069844694408,529.2569780700276,681.6468616844054,570.3158509564148,672.1084001459438,571.5099051931936
105.51263723386285,303.84558841885325,132.33109877232437,304.21701976956126,132.89967045844483,413.14460175387046,106.0812089199833,413.43954600353715
277.4537769859957,542.729148578699,286.99223852445726,543.5293570372327,283.4692999370812,585.5226824759885,273.93083839861964,584.7224740174548
613.5120669102739,528.8193611417414,623.0505284487355,527.9770196453471,626.7956253974185,570.385547962826,617.2571638589569,571.2278894592201
325.2913468804371,542.1363002609165,334.8298084188986,542.3010576226953,334.0932685041783,584.9422942402854,324.55480696571675,584.7775368785066
568.629237106177,535.6915065475288,583.0907755677155,534.0047389694038,587.9861475092076,575.9753166195386,573.5246090476692,577.6620841976636
112.7200807326953,540.8662855686184,122.25854227115684,540.6365421979755,123.2799192673047,583.0419668540078,113.74145772884316,583.2717102246507
