655.3325191592605,11.284127144500093,718.8385191592606,11.151094163740156,718.0081475074062,175.2175321873114,654.5021475074062,172.06766251008565
131.35968493264488,12.683389599607903,171.92658021059358,10.138109143064934,175.32339535453457,539.4129650712626,134.75650007658584,540.8745687127727
401.5831095610563,124.2012738272465,470.52541725336397,124.66726679147754,470.4361212081744,137.87835772141494,401.49381351586675,137.4123647571839
401.5557260655094,101.93427476252828,498.1903414501248,102.1874811393743,498.15581239602903,115.36527667400601,401.5211970114137,115.11207029715999
401.589630937112,78.63924575893878,470.53193862941976,79.17605921980234,470.4295998321187,92.31930797708769,401.487292139811,91.78249451622413
570.9578471276446,121.62055067937901,602.9770778968755,119.7253540581444,605.6767682569707,165.33645724228,573.6575374877399,167.2316538635146
401.57886286050325,146.33270045344855,447.44424747588783,146.62170558627042,447.36344483180443,159.44516070154788,401.49806021641984,159.15615556872598
207.60769401552136,121.38226381700113,341.1653863232136,120.01740195269107,341.3346136767863,136.57703733376098,207.77692136909403,137.94189919807104
295.3164979977832,495.6788320995742,701.1818826131678,494.35685304912136,701.3181173868322,536.1827645810303,295.45273277144753,537.5047436314832
543.0772918204196,39.48303518501129,681.2503687434966,31.111125236515573,684.3265543334265,81.88162214366771,546.1534774103496,90.25353209216343
184.63617805990802,-0.9868328929897418,692.0400242137542,0.2738847098867747,691.9984373247073,17.011453380129517,184.59459117086118,15.750735777253
313.75391857657024,446.6584374836238,682.6962262688779,444.805176031169,682.8806968080452,481.5290750425215,313.93838911573744,483.3823364949763
272.5362258460313,325.5363330874306,341.478533538339,327.10047854242424,341.021466461661,347.2464687607609,272.07915876935334,345.6823233057672
226.22755935137002,91.13301844059075,313.63140550521615,91.74281494629871,313.48397911016843,112.87385428672998,226.08013295632227,112.26405778102203
