327.936,371.68690896606444,392.9391393012578,375.40489687381046,392.11199999999997,389.86611959838865,327.1088606987422,386.14813169064263
247.28867736301058,636.0807553103123,408.24,636.0079496440887,408.2473226369894,652.1960867736186,247.296,652.2688924398423
279.55199999999996,543.3176242675781,419.73032687463103,551.6985568906249,418.99199999999996,564.0477106933594,278.8136731253689,555.6667780703125
21.464438912216913,463.44736272958255,139.44,463.296748137474,139.47956108778308,494.28472521933577,21.503999999999998,494.4353398114443
241.92,678.3031189348698,300.7224581081795,678.3155622248001,300.71999999999997,689.9316865825652,241.9175418918205,689.9192432926349
290.304,589.190036315918,403.5060803190928,595.0570057467058,402.864,607.4458256835937,289.66191968090715,601.5788562528058
268.8,438.65851666259766,478.9360805434343,447.27564102801733,478.128,466.981388671875,267.99191945656565,458.3642643064553
311.808,557.9341305541992,387.43798646282426,562.6123378404586,386.736,573.9609642333984,311.1060135371757,569.282756947139
405.0978525154954,665.4605650219081,462.0,652.9383862609864,465.4781474845046,668.7434681812168,408.57599999999996,681.2656469421387
322.56,353.3437133789062,403.62448495355994,357.52543146071105,402.864,372.2677741699219,321.79951504644004,368.08605608811706
317.18399999999997,574.9946957702637,381.9017598943245,577.9420146648945,381.36,589.8380761413574,316.64224010567546,586.8907572467265
295.68,495.95660009765623,409.03202264548133,502.65044740271634,408.24,516.0623710327149,294.8879773545186,509.3685237276547
311.808,416.8199483642578,403.846518694315,421.1358487729777,402.864,442.08850213623043,310.82548130568495,437.77260172751056
413.3665569472671,684.6576425029438,462.0,668.5968483581543,467.9614430527329,686.6486021259625,419.328,702.7093962707519
317.18399999999997,111.41655743408202,538.4662705104151,126.88362113828403,537.264,144.0841159057617,315.9817294895849,128.61705220155972
241.92,694.1281959686279,365.26606731089646,694.5112931065394,365.23199999999997,705.4799702568054,241.8859326891035,705.096873118894
268.7812361719685,765.6342730290702,601.776,765.4372001609802,601.7947638280315,797.1425107114502,268.8,797.3395835795402
279.55199999999996,157.12784600830076,528.4189640307645,173.62957251437894,526.512,202.38900860595703,277.6450359692354,185.88728209987886
21.257898601035382,532.8922888379781,139.44,531.9371714057922,139.6861013989646,562.3886944402965,21.503999999999998,563.3438118724823
16.128,394.5238929362297,144.95971436389382,395.10568127845175,144.816,426.92991448402404,15.98428563610617,426.34812614180197
241.92,707.6475263557434,359.8779762688802,707.8756384802364,359.856,719.2396824073792,241.8980237311198,719.0115702828862
15.122522703569215,29.607235515596912,123.312,27.68195400238037,124.31747729643078,84.18385379600281,16.128,86.10913530921935
214.1866756345106,140.20718302038281,273.84,93.61644140625,285.4453243654894,108.47553475305467,225.792,155.0662763671875
21.503999999999998,601.1665569341183,150.2321126372595,601.3263530191658,150.192,633.6401865262985,21.46388736274051,633.480390441251
10.72066458215522,229.60937537265798,655.536,228.97011613082884,655.5673354178447,260.5778843818209,10.751999999999999,261.2171436236501
306.432,510.7855878295898,403.61092515783776,516.5041657987614,402.864,529.1970737915038,305.6850748421623,523.4784958223324
193.536,685.4142767944336,217.60288678886803,691.6766763978663,209.328,723.4777073364257,185.26111321113197,717.215307732993
