319.1136858341093,371.1937027345717,446.6666666666667,154.8089345296224,490.2196474992241,180.48224127584498,362.6666666666667,396.86700948079425
384.0,337.48167928059894,556.0556539523376,364.03305418581954,532.0,519.9161783854166,359.94434604766246,493.3648034801961
234.66666666666666,214.29942067464194,429.7138346430811,473.01990631074995,361.3333333333333,524.5713831583658,166.28616535691893,265.8508975222579
-33.27818620917844,183.68253660987048,382.6666666666667,-27.053253173828125,415.94485287584513,38.630370291171175,0.0,249.36616007486978
393.6906769169416,619.1442899481897,428.4,609.6835205078125,431.50932308305846,621.0908907158729,396.8,630.55166015625
296.5473033471605,570.6198235160293,415.6,523.2981281280518,419.8526966528395,533.9971320503769,300.8,581.3188274383544
290.29058038343493,510.19764697637345,338.8,493.15142288208006,342.90941961656506,504.845834468939,294.4,521.8920585632325
411.21625490015987,589.3976881976739,447.6,572.487939453125,452.38374509984016,582.7808518413885,416.0,599.6906005859375
174.84265700850997,244.73949031878595,287.6,210.1437759399414,291.95734299149,224.34560489605778,179.2,258.94131927490236
169.40768078969373,238.9696902776359,210.8,220.2306293487549,214.19231921030627,227.72385220283286,172.8,246.46291313171386
345.52042842926994,0.234078908482585,799.6,-1.2338201522827148,799.6795715707301,23.380831980189292,345.6,24.84873104095459
639.0082512618371,226.0371638891328,684.4,225.09960021972657,685.391748738163,273.1146961572539,640.0,274.05225982666013
202.54598634014508,196.1897992321174,249.2,186.32229194641113,251.45401365985495,196.9793688587029,204.8,206.84687614440918
315.88925757150616,577.8203807974417,415.6,539.715800857544,419.7107424284938,550.4726489877146,320.0,588.5772289276123
215.26890244518557,206.29130363013974,249.2,196.40587272644044,251.5310975548144,204.40721321556336,217.6,214.2926441192627
315.6215136332451,628.1031833586749,390.0,594.8338954925537,394.3784863667549,604.6226589264813,320.0,637.8919467926025
51.2,661.6833186149597,748.8178146592716,667.9899626070167,748.4,714.20708694458,50.782185340728425,707.9004429525231
309.3792713750973,615.4662421888581,364.4,590.8030090332031,368.6207286249027,600.2189506822357,313.6,624.8821838378906
664.2436989850592,172.06541137841938,710.0,170.4622055053711,711.3563010149408,209.17171783300637,665.6,210.7749237060547
397.9793074835311,577.0587687096289,434.8,559.8262649536133,440.0206925164689,570.981319180996,403.2,588.2138229370117
358.4,628.224970626831,393.3282792064501,638.9266027261483,390.0,649.789531326294,355.0717207935499,639.0878992269767
190.3791166951317,622.172528986772,230.0,599.4377853393555,250.82088330486832,635.7232962085405,211.2,658.458039855957
312.3460207409112,524.5408834648695,377.2,500.4318328857422,384.8539792590888,521.0212381171618,320.0,545.1302886962891
335.2303586944741,290.842973568963,447.6,278.5856185913086,451.56964130552586,314.97741522498234,339.2,327.2347702026367
