330.30205212780413,73.12862387151218,526.05,72.14097256660462,526.1479478721958,91.55379051714444,330.4,92.541441822052
329.63717360359493,49.21647872014236,509.25,43.43040657043457,510.01282639640505,67.1102711768608,330.4,72.8963433265686
306.6039245356924,370.1967116783984,374.84999999999997,365.6311321258545,376.24607546430764,386.49960465918707,308.0,391.0651842117309
55.66568949763453,74.99748091579264,184.45,74.05005280971527,184.78431050236546,119.49302337884122,56.0,120.4404514849186
385.3496164498417,164.78430755820324,447.65,159.0152696609497,448.7003835501583,170.35846053872058,386.4,176.1274984359741
289.99639722239476,356.2120243314103,374.84999999999997,347.95375089645387,376.05360277760514,360.3207465883894,291.2,368.57902002334595
216.10545243320482,329.96770090393545,464.45,309.4074848175049,466.7445475667952,337.1230679101514,218.4,357.683283996582
419.2646479331956,534.4704401358687,442.05,533.0321891784668,442.7853520668044,544.68193336877,420.0,546.1201843261719
284.588021880146,279.0977917706406,380.45,270.78221158981324,381.461978119854,282.44829167967674,285.59999999999997,290.76387186050414
503.78601591436893,262.09691196946716,526.05,261.5431997299194,526.263984085631,270.14719642134094,504.0,270.7009086608887
368.83640901984916,138.1999616825372,458.84999999999997,130.66271686553955,459.6135909801508,139.78190667988952,369.59999999999997,147.3191514968872
128.7015400522647,156.50956041583626,156.45,156.07238121032714,156.54845994773527,162.32179079285055,128.79999999999998,162.75896999835967
311.763535988981,153.4527465905587,526.05,133.73871717453002,527.8864640110189,153.70061186891397,313.59999999999997,173.41464128494263
295.7039342669343,307.77035100083236,380.45,301.16165990829467,381.5460657330657,315.21697848219986,296.8,321.82566957473756
15.858460434367624,27.36342167151664,223.65,23.04776449203491,224.59153956563236,68.38129024910236,16.8,72.6969474285841
227.59092171181106,255.56263278682664,430.84999999999997,237.7607234954834,432.85907828818887,260.7000270489888,229.6,278.501936340332
