896.0,691.3876233100891,1182.4041167985529,693.4025222104574,1182.0,750.8449649810791,895.5958832014471,748.8300660807108
960.0,487.8728264570236,1150.109332259432,488.20708591576704,1150.0,550.3895680904388,959.890667740568,550.0553086316954
984.1763116681088,330.36448468914983,1150.0,309.9080390930176,1157.8236883318912,373.32828722247126,992.0,393.7847328186035
384.0,652.928243637085,670.6959713086004,656.1134776582135,670.0,718.7563381195068,383.3040286913996,715.5711040983783
959.4004006115372,571.2529846205225,1150.0,569.2620010375977,1150.5995993884628,626.6624759660253,960.0,628.6534595489502
896.0,760.6396040916443,1182.380543302323,762.3069913439248,1182.0,827.6668515205383,895.619456697677,825.9994642682578
960.0,77.6468334197998,1182.9887214063422,81.5369821638365,1182.0,138.21186447143555,959.0112785936577,134.32171572739887
958.8938215599935,407.66427812571345,1182.0,403.3025875091553,1183.1061784400065,459.88506116872014,960.0,464.2467517852783
1015.5768599984854,1030.9664138125781,1199.3999999999999,1021.9064529418945,1201.4231400015146,1062.9551895809764,1017.5999999999999,1072.01515045166
384.0,1038.9021702468394,671.4083883374959,1038.9812663930877,671.4,1069.4616206824778,383.99161166250394,1069.3825245362298
1017.3706274884169,1115.1413261524665,1189.8,1114.0712448120116,1190.029372511583,1151.0315736659538,1017.5999999999999,1152.1016550064087
556.8,162.10447425842284,633.1299694975723,162.95745749847205,633.0,174.58789443969727,556.6700305024276,173.73491119964805
853.5595249959287,907.7543125192816,911.4,906.3237201690673,912.2404750040713,940.3050800283257,854.4,941.73567237854
595.1999999999999,190.9838487625122,661.938232164429,191.76996550113063,661.8,203.50533485412598,595.0617678355709,202.71921811550754
528.0,171.85313987731934,594.6311534113597,172.01777888893463,594.6,184.62589473724364,527.9688465886403,184.46125572562835
528.0,132.42401418685913,613.9424939599412,133.19631202909542,613.8,149.0532594680786,527.8575060400588,148.2809616258423
566.4,119.19184284210205,614.1270345647035,120.16816666081459,613.8,136.15506534576414,566.0729654352964,135.1787415270516
547.1999999999999,150.1240219116211,642.7946324215585,151.6917218340019,642.6,163.5599464416504,547.0053675784415,161.9922465192696
384.0,966.1759015476331,546.6002104888711,966.1774978323083,546.6,987.618244137615,383.9997895111289,987.6166478529396
412.79999999999995,135.26405181884766,509.53246724264073,138.0520337156569,508.2,184.28362655639648,411.4675327573592,181.4956446595872
384.0,943.2163624763489,565.883720487282,944.0280987639425,565.8,962.7871390342711,383.916279512718,961.9754027466776
384.0,807.2211699485779,671.5860435774529,808.7511905409281,671.4,843.7203515052795,383.8139564225471,842.1903309129292
528.0,189.3495346069336,565.9713816228118,189.91424464774613,565.8,201.43802947998046,527.8286183771881,200.87331943916791
633.6,538.3742237091064,685.1340938439238,544.1715335471057,681.0,580.9207820892334,629.4659061560761,575.1234722512341
806.4,881.6393354415893,863.5748860883989,882.526847825893,863.4,893.7932733535766,806.2251139116009,892.9057609692729
854.1349374238506,326.40347223927887,949.8,324.31843757629395,950.0650625761493,336.47997540781586,854.4,338.5650100708008
48.0,647.8272689580917,162.80926635411893,649.2139566293707,162.6,666.5399321079254,47.79073364588106,665.1532444366463
384.0,857.7344192504883,567.0836121943153,865.2303184104603,565.8,896.581908416748,382.7163878056847,889.0860092567759
182.4,293.23559761047363,232.87939741557577,299.7844352386214,229.79999999999998,323.52088050842286,179.32060258442422,316.97204288027507
825.3815113192068,632.2581865074606,882.5999999999999,631.2402568817139,882.818488680793,643.5216482398538,825.5999999999999,644.5395778656006
853.8464278544354,450.0641707095614,882.5999999999999,448.7974027633667,883.1535721455645,461.3625901546964,854.4,462.62935810089107
384.0,725.4538135528564,681.1285727903096,727.3555281438913,681.0,747.4440576553344,383.8714272096904,745.5423430642995
96.0,-2.117319345474243,508.43813581749293,0.6188979103031604,508.2,36.51381540298462,95.76186418250701,33.777598147207215
