381.65343548565465,693.6616611309263,574.6666666666666,689.2824465433756,577.013231181012,792.7069282703188,384.0,797.0861428578695
42.666666666666664,726.537295130392,297.36528964588496,726.662237217136,297.3333333333333,791.8062492509683,42.63471035411506,791.6813071642242
362.6666666666667,36.226202646891274,724.0897979487168,36.773553147771715,724.0,96.06838480631511,362.57686871794994,95.52103430543467
371.1896122843726,109.48245603079621,716.4,109.36471803188324,716.4103877156274,139.8217274284857,371.2,139.9394654273987
146.7763281510573,102.55389638007243,217.2,101.7214900970459,217.6236718489427,137.56519751488605,147.2,138.3976037979126
395.9305630045455,620.7254924115177,473.2,613.3386524200439,474.06943699545445,622.4333271685604,396.8,629.8201671600342
358.39662753930475,555.2930657233554,434.8,555.262354850769,434.8033724606952,563.6524574075382,358.4,563.6831682801246
332.7793909860426,543.0195994860021,460.4,542.7364224433899,460.42060901395746,552.0243749135645,332.8,552.3075519561768
332.67804445546994,491.9437999903711,460.4,491.5147110939026,460.52195554453,527.8158150494544,332.8,528.2449039459228
345.6,563.4157043457031,409.863720912962,568.0219665491977,409.2,577.2817901611328,344.9362790870381,572.6755279576382
95.97901220267964,45.86593448023864,268.4,45.7852041721344,268.4209877973204,90.61021265585354,96.0,90.69094296395778
377.5101796437106,667.0302140172878,415.6,666.7676258087158,415.6898203562893,679.7965476099096,377.6,680.0591358184814
320.0,631.246455001831,352.15136658402486,633.1140368295445,351.6,642.6060916900635,319.44863341597517,640.73850986235
575.3440859298992,733.0103724365911,742.0,730.8481094360352,742.6559140701008,781.4025326842585,576.0,783.5647956848145
339.2,694.5111103057861,377.6471362835731,696.2261163819569,377.2,706.2500514984131,338.75286371642693,704.5350454222423
428.51777835529276,562.7186212419165,447.6,562.1803905487061,447.8822216447073,572.1861669660914,428.8,572.7243976593018
320.0,592.4606349945068,447.7544256864518,594.6230148203192,447.6,603.7465576171875,319.8455743135482,601.584177791375
364.5208950844029,682.2901040482852,441.2,680.1919303894043,441.47910491559713,690.3919989180233,364.8,692.4901725769043
