112.0,466.8454875946045,465.83087627832396,481.62288074366097,463.0,549.4055690765381,109.16912372167603,534.6281759274816
212.048485126526,769.0611257858806,388.61538461538464,722.1680039625901,393.1822841042432,739.3637728018598,216.6153846153846,786.2568946251503
196.87059265507014,384.22595184820943,388.61538461538464,383.77464763934796,388.6678688833914,406.07354238162077,196.92307692307693,406.5248465904823
192.0,541.4793792137733,379.24337402185745,544.5947541971392,378.7692307692308,573.092184800368,191.52585674737338,569.9768098170022
98.45832785622036,278.8618663524064,137.53846153846155,278.84308951634625,137.54167214377964,285.52530608522477,98.46153846153847,285.5440829212849
162.46153846153845,268.9545496427096,304.9990172724887,269.6873440322199,304.9230769230769,284.4586715698242,162.3855981121267,283.7258771803139
192.0,321.8676845843975,393.9206967514569,323.446984277925,393.53846153846155,372.3175063500038,191.61776478700466,370.7382066564763
88.54276986150475,256.6457330165991,147.3846153846154,256.2604753787701,147.45723013849525,267.3511993799229,88.61538461538461,267.73645701775183
178.8783744432137,729.2621873247499,408.3076923076923,669.957524226262,416.5062409414017,701.6748854291563,187.07692307692307,760.9795485276443
467.6923076923077,631.4157362717849,511.7902480474383,631.8612959492274,511.6923076923077,641.5546505267804,467.59436733717706,641.1090908493378
88.14941618915603,230.09310715729336,103.07692307692308,229.79224395751953,103.54289150315165,252.9115450127412,88.61538461538461,253.21240821251502
103.38461538461539,212.5140404334435,151.50868750470013,217.8188390179456,147.3846153846154,255.23159672663763,99.26054326453064,249.9267981421355
59.07692307692308,611.9221333723801,172.46771801512574,614.3535936193853,172.0,636.1655552203839,58.60920506179731,633.7340949733789
177.14844540660636,255.43963690256308,300.0,254.03364181518555,300.08232382416287,261.22684602285193,177.23076923076923,262.6328411102295
181.73189878122346,234.45539312494614,290.15384615384613,231.71861149714545,290.57579352646883,248.43472628094702,182.15384615384616,251.17150790874774
260.9230769230769,289.6668466421274,325.67850205729246,293.04036753585956,324.61538461538464,313.4471247746394,259.859959481169,310.0736038809072
63.71469084518746,735.4208354174498,103.07692307692308,735.1906049068158,103.36223223173562,783.9695663860804,64.0,784.1997968967145
