280.0620431321149,76.97137372461852,357.3333333333333,10.289127604166667,384.47129020121844,41.73655270767315,307.2,108.418798828125
114.31659604877223,593.8409005651439,373.44,369.26650390625,392.24340395122783,390.9626638879811,133.12,615.537060546875
590.3707825813049,140.6161534175747,619.2,138.65501708984374,622.7492174186951,190.82944228555027,593.92,192.79057861328124
114.42236926466661,234.6144723029431,327.36,48.525791015625,346.05763073533336,69.92112340018188,133.12,256.0098046875
399.36,460.4736016845703,440.2504777879708,461.203956879527,440.0,475.22748474121096,399.10952221202916,474.4971295462542
568.1978569279211,538.2809720805694,639.68,486.8459423828125,660.282143072079,515.4778951069306,588.8,566.9129248046875
69.47790271266517,268.09770198288703,117.44,252.84166015625,124.76209728733484,275.86094303664424,76.8,291.11698486328123
532.96771509566,215.03904828877938,593.6,174.6272900390625,608.47228490434,196.9411079612206,547.84,237.3528662109375
381.3235492586049,331.1915330006837,450.24,303.7151123046875,463.1564507413951,336.1121974680663,394.24,363.5886181640625
353.28,-0.41648862838745115,629.4424000683215,-0.3835126156723569,629.44,19.716207556724548,353.27759993167854,19.683231544009455
