377.6,181.92723083496094,543.8252243669535,183.53939216793316,543.6,206.76161575317383,377.37477563304645,205.1494544202016
633.3905448109423,208.28424915735474,799.6,206.08110275268555,799.8094551890578,221.88279109533082,633.6,224.0859375
179.2,206.54452917575836,607.6085493668352,206.76749524180914,607.6,223.1943081140518,179.1914506331648,222.97134204800105
473.6,718.659945678711,620.5385715456549,719.7187731172372,620.4,738.949012374878,473.4614284543451,737.8901849363517
24.713863268357734,42.844385409100404,358.0,34.99083557128906,358.8861367316423,72.59638898398126,25.6,80.4499388217926
472.8254878482968,760.2090613451385,780.4,750.5368019104004,781.1745121517032,775.1660210523225,473.6,784.8382804870605
614.3941646595191,783.1504092600431,786.8,783.0591103553772,786.8058353404809,794.0783745381747,614.4,794.1696734428406
704.0,741.7902465820313,729.2307230236554,741.9001998825325,729.2,748.9501392364502,703.9692769763446,748.840185935949
392.1046488228853,143.89048898338007,486.0,62.792414855957034,497.09535117711476,75.63861257911995,403.2,156.73668670654297
416.62757466607184,153.60303160680354,447.6,145.91426696777344,453.37242533392816,169.16715882288398,422.4,176.85592346191407
271.29709209243276,129.97127551527382,345.2,70.8683479309082,355.5029079075672,83.7512098362887,281.6,142.8541374206543
450.2661774865305,172.63056709525077,524.4,109.21515502929688,534.9338225134695,121.52939384224923,460.8,184.94480590820314
526.7535825432827,142.46294695993453,569.2,108.7647804260254,580.0464174567172,122.42699444631549,537.6,156.12516098022462
482.0575559466678,104.37379800246504,550.0,46.09114303588867,560.7424440533322,58.614043794409966,492.8,116.89669876098633
281.424265506221,152.92000312138617,313.2,143.47052001953125,319.775734493779,165.58271294306695,288.0,175.03219604492188
0.0,205.0266487121582,134.00413093484602,205.05621712461024,134.0,223.7776258200407,-0.004130934846022359,223.74805740758865
620.8,702.444284248352,786.9295328190813,702.9971128314285,786.8,741.9227895736694,620.6704671809188,741.3699609905931
121.98683459305573,91.04086072059826,153.2,78.12606201171874,172.01316540694427,123.59471056846424,140.8,136.50950927734374
294.4,183.1153579711914,345.3240026979282,183.4333946758167,345.2,203.2886932373047,294.2759973020718,202.9706565326794
315.8309444872455,171.85607360279568,409.2,94.41867370605469,419.7690555127545,107.16216370189184,326.4,184.5995635986328
339.2,497.2104248046875,370.2203033722175,502.385223715803,364.4,537.275,333.37969662778255,532.1002010888844
348.10416654968753,100.93891160327237,422.0,41.9957275390625,432.29583345031244,54.903397967040135,358.4,113.84658203125
