554.6666666666666,162.1334492365519,788.9693074690085,164.1938245773347,788.0,274.4219443003337,553.6973591976582,272.3615689595509
426.6666666666667,724.9963866472244,724.032080851944,725.1238038315405,724.0,799.9938920140266,426.6345858147228,799.8664748297106
42.666666666666664,722.3179223313928,340.06802498032226,722.5850101476339,340.0,798.3305901288986,42.59864168634437,798.0635023126575
447.46417417264456,22.601549221930686,702.6666666666666,21.26551691691081,703.2024924940221,123.6164003274264,448.0,124.95243263244629
332.8,330.5408542633057,422.09401661483207,331.2294641955195,422.0,343.4208671569824,332.70598338516794,342.7322572247686
29.671534446778388,96.48410248531924,172.4,41.490481567382815,181.12846555322162,64.14402709231749,38.4,119.13764801025391
133.1844404882961,112.68170865530082,281.2,57.34494247436523,288.8155595117039,77.7151480341523,140.8,133.0519142150879
332.8,432.1331497192383,402.9291860283255,432.9671116627745,402.8,443.83057022094727,332.6708139716745,442.996608277411
339.2,219.10740814208984,460.96707241939947,221.75843584015837,460.4,247.80522079467772,338.6329275806005,245.1541930966092
332.8,418.6488335609436,402.8245989777768,418.8041580338635,402.8,429.89406242370603,332.7754010222232,429.7387379507862
332.8,345.3299211502075,377.27353613632897,345.73522827299814,377.2,353.80420074462893,332.72646386367103,353.3988936218383
332.8,357.9035076141357,402.86420154504634,358.4690759834158,402.8,366.4225440979004,332.7357984549536,365.85697572862034
197.9130413193406,22.843888901246164,217.2,22.430569076538085,217.6869586806594,45.153776122557545,198.4,45.56709594726563
235.52436528103985,16.189871854686167,255.6,15.086074066162109,256.87563471896016,38.28704159746227,236.8,39.390839385986325
345.6,370.66196594238284,415.6990761583115,371.62194663951834,415.6,378.8566204071045,345.5009238416884,377.89663970996895
326.35865948541453,613.1005276086546,370.8,612.8597703933716,370.84134051458545,620.4908101675295,326.4,620.7315673828125
44.8,649.0269677877426,70.06039489510638,649.1596372907545,70.0,660.6588806390762,44.73960510489362,660.5262111360643
39.785812684142535,130.1196876193987,249.2,45.73969039916992,254.21418731585746,58.18389514427319,44.8,142.56389236450195
332.8,405.26438722610476,402.8403749003699,405.51778341886717,402.8,416.67767152786257,332.7596250996301,416.42427533510016
690.2772105758391,580.8340430881445,799.6,575.365550994873,800.5227894241609,593.8133995388087,691.2,599.28189163208
358.4,202.13731651306153,434.8121788584066,202.23174169626162,434.8,212.08730220794678,358.3878211415934,211.99287702474666
332.8,285.596866607666,448.1004768077296,289.3597590779092,447.6,304.69509353637693,332.29952319227044,300.9322010661338
6.282551875938993,637.0737812579538,25.2,636.8847106933594,25.31744812406101,648.6359782635307,6.4,648.825048828125
373.91705360588924,534.9187805136214,447.6,517.7859985351563,451.2829463941108,533.6252441445818,377.6,550.7580261230469
332.8,272.31241912841796,415.7489902806022,273.67665541396997,415.6,282.7356384277344,332.6510097193978,281.3714021421824
332.8,309.2752452850342,434.9892913619403,310.83353761099664,434.8,323.2468376159668,332.6107086380597,321.6885452900043
224.0,-1.0588863372802735,256.47662866097204,0.08989493104518201,255.6,24.872631454467772,223.12337133902798,23.723850186142318
606.6916476170486,612.7074336690878,799.6,601.11859664917,800.9083523829514,622.8974949197794,608.0,634.4863319396973
319.8755175216705,539.761581728339,390.0,508.7350051879883,396.52448247832956,523.4812649513485,326.4,554.5078414916992
