41.81534973045843,474.2743023879648,131.625,473.5726302266121,131.8096502695416,497.2067104183316,42.0,497.90838257968426
96.0,507.7608684897423,192.39577879606102,510.53932816928994,191.625,537.2806996107101,95.22922120393899,534.5022399311625
143.99609238116224,209.84544893388775,179.625,209.8385251108557,179.6289076188378,229.94651890790882,144.0,229.95344273094088
510.0,684.0964269340038,689.694467806684,684.5450944306046,689.625,712.3674364686012,509.9305321933161,711.9187689720005
210.0,172.11993956565857,245.85101692952293,172.51166147764184,245.625,193.19709295034409,209.7739830704771,192.80537103836087
83.77585731364411,338.08409084201827,179.625,337.19963532686234,179.8491426863559,361.49015526651374,84.0,362.3746107816696
522.0,528.0681132674217,707.6790924917099,528.4415768881632,707.625,555.3353470265865,521.9459075082902,554.9618834058451
204.0,336.7121500968933,299.79616319087245,337.37356029862786,299.625,362.16419237852097,203.82883680912755,361.50278217678647
102.0,700.3868983089924,179.78011542187198,701.1419206801518,179.625,717.1214411258698,101.84488457812802,716.3664187547104
210.0,213.76692938804626,245.66964665634453,213.8491733274386,245.625,233.21267254650593,209.95535334365547,233.1304286071136
