120.0,407.7833394892514,218.8723804544609,408.01099818827896,218.75,461.1609410867095,119.87761954553906,460.93328238768186
26.384901983138537,901.6333511116087,159.6153846153846,803.878099001371,170.153559555323,818.2405614062324,36.92307692307692,915.9958135164701
-5.097068027926147,358.7623725925375,79.61538461538461,297.579377247737,90.86629879715692,313.1571130131426,6.153846153846153,374.340108357943
57.038033335003625,170.67232902295564,190.3846153846154,72.54144155062161,201.03888974191943,87.01915704224868,67.6923076923077,185.1500445145827
659.8832421607466,102.76526683366988,749.6153846153846,37.599179194523735,760.5013732238688,52.588924873060876,670.7692307692307,117.75501251220703
455.38461538461536,440.8346809790684,664.2822499618193,441.35615362063703,664.2307692307692,461.9789094191331,455.3331346535653,461.4574367775645
370.7428731197943,990.941951293971,405.7692307692308,978.7913256425123,410.41097303405184,992.1719802151936,375.38461538461536,1004.3226058666522
10.694345672154046,414.1775938993759,165.76923076923077,408.722714644212,167.38257740476902,454.5879909270935,12.307692307692307,460.0428701822574
241.4237414847515,175.6278726163715,375.0,76.60406039311336,385.8839508229408,91.28575559501674,252.3076923076923,190.30956781827487
592.3410414313063,967.813697527272,725.7692307692307,869.3900049649752,736.5051124148475,883.9441149727279,603.0769230769231,982.3678075350248
457.299758699884,122.7796071760069,596.5384615384615,22.01805701622596,606.9310105308851,36.37914057038733,467.6923076923077,137.14069073016827
260.31175299936524,885.6111650369103,399.6153846153846,785.0044023073636,410.0728623852501,799.4841906572002,270.7692307692308,900.0909533867468
182.42853757085777,423.68006413352936,455.0,409.41956446721,457.1868470445268,451.2183871580684,184.6153846153846,465.47888682438776
585.3300392943016,304.6246689020667,738.0769230769231,200.92218839205228,749.6699607056983,217.99796481187562,596.9230769230769,321.70044532189
481.8096921214837,886.0563375757986,621.1538461538462,785.5062719491812,631.6518463400547,800.0545961681918,492.30769230769226,900.6046617948092
480.0,403.47944447627435,701.1773154080906,403.6587996704727,701.1538461538461,432.600624698859,479.9765307457555,432.4212695046606
