52.92213257756624,356.1129698376424,265.0,354.6168714761734,265.4112007557671,412.90620699817276,53.333333333333336,414.40230535964173
26.618793157655286,560.3392793786502,131.66666666666669,560.255126953125,131.71454017567805,620.0158562211219,26.666666666666668,620.1000086466472
26.666666666666668,461.14053301513195,265.4679487589101,463.0588515806798,265.0,521.311305363973,26.198717907756546,519.3929867984251
52.88326197187307,137.5507292770702,291.6666666666667,136.15709781646729,292.1167380281269,213.27186960743288,53.333333333333336,214.66550106803578
26.593882245113967,256.7911762616185,265.0,256.4829797794422,265.0727844215527,312.78554122622836,26.666666666666668,313.09373770840466
528.0,91.12115335464478,576.3258377493413,93.93987982958987,575.5,108.09850835800171,527.1741622506587,105.27978188305661
511.5124752005005,480.01406250152064,543.5,479.2447576522827,543.9875247994995,499.51593055573034,512.0,500.28523540496826
503.58566681885065,516.5277487770254,559.5,515.3396425247192,559.9143331811493,534.8388779624765,504.0,536.0269842147827
495.6109590096918,554.7280352368558,567.5,553.2977447509766,567.8890409903082,572.8516633257663,496.0,574.2819538116455
464.0,469.44994831085205,495.6335911265369,469.849350107546,495.5,480.430091381073,463.8664088734631,480.03068958437905
255.92570065991157,-0.016321934767855196,711.5,-1.2334814071655273,711.5742993400885,26.576243259020938,256.0,27.79340273141861
