572.2801832325208,357.9436021376164,724.0,348.0966974894206,727.7198167674792,405.41114690616615,576.0,415.258051554362
277.3333333333333,24.661534627278645,687.2190989569534,45.21728748084701,681.3333333333334,162.5806147257487,271.4475677097133,142.0248618721803
607.9163861446646,207.03092543893655,742.0,206.17439613342285,742.0836138553354,219.2635546941201,608.0,220.12008399963378
537.4042407968548,206.98297280632966,588.4,206.20664138793944,588.5957592031452,219.06569739020355,537.6,219.84202880859374
86.64926434384864,349.58907121193675,198.0,327.85679931640624,200.95073565615135,342.9756321572039,89.6,364.70790405273436
272.70704438146754,555.3542142908752,313.2,548.0892417907714,315.69295561853244,561.984289737445,275.2,569.2492622375488
105.62197912032207,305.65910346068205,159.6,298.2128875732422,162.77802087967794,321.25053246461096,108.8,328.6967483520508
208.8568688088153,324.98829005096184,262.0,316.4457061767578,264.3431311911847,331.02224766876475,211.2,339.56483154296876
215.15707433820407,636.770880510703,255.6,629.0947814941406,258.04292566179595,641.9657802558985,217.6,649.641879272461
550.4,753.4651866912842,787.1084433339508,755.5090452418365,786.8,791.2312538146973,550.0915566660491,789.187395264145
221.88107900235468,667.6664368669948,249.2,664.1919616699219,251.3189209976453,680.8525023419895,224.0,684.3269775390625
139.29242829292045,580.8964782509653,166.0,577.7063095092774,167.50757170707953,590.3274536338004,140.8,593.5176223754883
492.8,204.13942031860353,524.4562069852992,204.2516052867483,524.4,220.11201858520508,492.7437930147008,219.99983361706032
138.58473038101434,616.4181090177601,172.4,610.4212188720703,174.61526961898568,622.912683218568,140.8,628.9095733642578
48.796495934861426,216.2331710228581,134.0,201.31017684936523,136.40350406513858,215.03309103158526,51.2,229.95608520507812
473.6,276.391880851984,767.6082118487695,276.441258546015,767.6,325.33683822155,473.5917881512305,325.28746052751904
203.02860522082062,567.5249557218085,236.4,563.4075073242187,238.1713947791794,577.7644363680353,204.8,581.881884765625
377.51238117013355,162.45057032666153,543.6,162.05100040435792,543.6876188298664,198.47116619982773,377.6,198.87073612213135
182.04758611734513,290.1422767693172,230.0,282.6811882019043,233.55241388265486,305.51255111154217,185.6,312.97363967895507
138.35450816543022,649.8260064183826,178.8,642.8046249389648,181.24549183456978,656.8914709986095,140.8,663.9128524780274
99.22465847552573,279.7040335257444,153.2,272.5962905883789,156.37534152447427,296.7094506661501,102.4,303.81719360351565
144.77473291525362,682.3555938927896,191.6,674.6596450805664,194.0252670847464,689.4159515173667,147.2,697.1119003295898
601.6,161.60112266540528,729.4214809484401,162.35741473345269,729.2,199.7900733947754,601.3785190515598,199.033781326728
