179.9360372772583,358.133190991436,538.75,357.7655443549156,538.8139627227416,420.19156905814555,180.0,420.5592156946659
682.6836565935369,424.9126732323533,713.625,407.7953109741211,720.9413434064633,421.0203330542678,690.0,438.1376953125
508.30700311655835,544.3305836006977,539.625,526.7771987915039,547.3179968834417,540.5027141287945,516.0,558.0560989379883
46.69176017356705,343.1888931175861,71.625,328.947185754776,78.93323982643295,341.7418663123456,54.0,355.98357367515564
35.50853385040328,606.3990097995754,65.625,592.3003435134888,72.11646614959672,606.1669048313146,42.0,620.2655711174011
286.22215145571107,697.3111874051385,317.625,677.9423675537109,325.402848544289,690.5526660494514,294.0,709.9214859008789
695.8967886791411,154.66077931864092,725.625,141.61036205291748,731.728211320859,155.51317850606614,702.0,168.56359577178955
221.56774378336195,222.0568151388374,251.625,207.94614601135254,258.0572562166381,221.64754963777395,228.0,235.7582187652588
468.0,498.1659314632416,549.0851272250005,615.557655721567,539.625,622.0919802188873,458.53987277499954,504.700255960562
402.0,23.951239585876465,482.78694857727106,142.14403565685407,473.625,148.4063959121704,392.83805142272894,30.213599841192817
348.0,326.63397789001465,381.0822116342043,364.4339507431895,371.625,372.7108211517334,338.54278836579573,334.9108482985586
642.0,376.68799209594727,723.2878882836907,492.29518426483105,713.625,499.0895347595215,632.3371117163093,383.4823425906377
89.5054623665479,311.82018972107346,119.625,297.84752082824707,126.1195376334521,311.8471705847127,96.0,325.81983947753906
6.0,573.6672492027283,81.06916033874364,682.8388786635077,71.625,689.3329210281372,-3.444160338743632,580.1612915673579
522.0,200.20075249671936,603.5258581222271,316.7372969027649,593.625,323.6636731624603,512.099141877773,207.1271287564148
460.3832052152222,577.1805315986563,491.625,558.5030479431152,499.2417947847778,571.2436474784921,468.0,589.9211311340332
138.0,18.414395570755005,188.32985115364508,87.90027807042705,179.625,94.2053554058075,129.29514884635495,24.71947290613546
396.0448392869929,101.85667409003207,425.625,88.42798805236816,431.5801607130071,101.54577265679411,402.0,114.97445869445801
402.0,418.00558626651764,605.9193123511302,420.6778387093745,605.625,443.13678431510925,401.70568764886985,440.46453187225245
48.0,262.43428444862366,129.33739822790088,378.31926525973626,119.625,385.1362073421478,38.28760177209913,269.2512265310353
514.2171425650175,281.21663005710303,545.625,261.6184558868408,553.4078574349826,274.09119312404937,522.0,293.6893672943115
-0.832046904689157,636.30520635175,17.625,624.1555938720703,24.457046904689157,634.5344771809649,6.0,646.6840896606445
114.0,735.1051025390625,139.3597016160385,769.58715760254,131.625,775.2756156921387,106.26529838396151,740.7935606286612
588.0,676.9420566558838,657.5506548915431,768.1107796719358,647.625,775.6828479766846,578.074345108457,684.5141249606327
263.1933458323586,192.26802375584822,293.625,177.56671142578125,300.43165416764145,191.6564566823842,270.0,206.35776901245117
696.0,77.64231634140015,759.7980910798262,160.71790302986054,749.625,168.5303521156311,685.8269089201739,85.45476542717073
95.74838770837876,47.40470464516974,125.625,33.749815464019775,131.87661229162129,47.42821256827021,102.0,61.083101749420166
634.9746253625892,458.2721308762394,665.625,439.48997497558594,672.6503746374109,450.95459947044037,642.0,469.73675537109375
555.8125807033633,251.54966668729247,587.625,232.5841770172119,595.8124192966368,246.317627624231,564.0,265.2831172943115
621.3758310924751,726.1692091146035,653.625,703.9039878845215,662.2491689075249,716.3953203043419,630.0,738.6605415344238
160.83315650034027,521.7950804498387,191.625,504.07600021362305,198.79184349965976,516.5303895208644,168.0,534.2494697570801
435.7988402854838,78.20630477195884,467.625,56.52142810821533,475.8261597145163,68.55799271339274,444.0,90.24286937713623
568.3325739349476,761.4364350366745,611.625,735.1107137203217,619.2924260650525,747.7197310399856,576.0,774.0454523563385
222.0,141.12549662590027,309.0797369749201,263.1857871096567,299.625,269.9309456348419,212.54526302507995,147.8706551510855
288.0,615.1034073829651,375.00449482999727,737.2517882011947,365.625,743.9326643943787,278.6205051700028,621.7842835761492
328.1891905814874,667.271289776702,359.625,648.4720001220703,367.43580941851263,661.5330849181223,336.0,680.3323745727539
168.0,440.22407126426697,255.01577508745973,562.2497660671633,245.625,568.9462702274323,158.6092249125403,446.920575424536
202.79569864830026,490.32081025574246,239.625,471.553697347641,246.82930135169977,485.6916943218943,210.0,504.4588072299957
