522.6666666666667,117.56711673736572,635.2397302862066,120.91106426845094,633.5,179.47860050201416,520.9269363804602,176.13465297092895
435.98463793662745,608.8344205027756,577.5,576.5106560389202,589.5153620633725,629.1146253142817,448.0,661.4383897781372
349.3893648631475,344.8531149989904,386.05,336.2791091918945,389.46063513685255,350.86226357156625,352.8,359.4362693786621
257.59999999999997,335.4357314109802,308.97903350597693,340.04523484279633,307.65,354.859077167511,256.27096649402307,350.24957373569487
487.2,68.99701551198959,666.090112008707,69.18392660272148,666.05,107.57459514141082,487.159887991293,107.38768405067894
450.006006363219,683.4939528122856,694.05,621.204574394226,697.6439936367809,635.2855073317573,453.59999999999997,697.5748857498169
322.0985349880195,331.9231525857717,363.65,324.8405102729797,366.3514650119805,340.6890910665721,324.8,347.771733379364
397.22144214916085,329.7640684701524,453.25,304.64676370620725,459.22855785083914,317.98298658355856,403.2,343.1002913475036
196.0,346.51134605407714,219.91392184559348,349.55524850784576,218.04999999999998,364.19884567260743,194.13607815440653,361.1549432188388
422.95970867514666,335.83774942819895,453.25,317.71208877563475,461.49029132485333,331.48266683156663,431.2,349.6083274841308
460.4664953149972,282.37421201297286,537.25,243.68115005493163,547.1835046850027,263.3934515612459,470.4,302.0865135192871
145.6,178.11968688964842,174.08591071664745,207.61530470638692,162.04999999999998,219.23919677734375,133.56408928335253,189.74357896060528
179.2,320.72514972686764,239.2108642372574,337.84759169295853,234.85,353.1315816879272,174.83913576274261,336.00913972183633
274.4,355.0298881530762,308.0150114233802,355.90951700067257,307.65,369.8584264755249,274.03498857661975,368.97879762792854
