-1.4130580318530714,185.70810903126895,318.6666666666667,181.46727720896402,320.0797246985197,288.1188127496352,0.0,292.3596445719401
0.0,294.51030985514325,298.7471479079133,298.347199480219,297.3333333333333,408.42935276031494,-1.4138145745799457,404.59246313523914
-0.45257565064750876,465.19666468106107,297.3333333333333,462.8043050765991,297.78590898398085,519.1380816797177,0.0,521.5304412841797
6.4,530.3543730009347,159.60838056236378,530.4946628419693,159.6,539.6469462752342,6.391619437636221,539.5066564341996
460.8,430.79401168823244,570.1688951968871,435.67074415274436,569.2,457.3998420715332,459.8311048031129,452.52310960702124
448.0,458.3631927490234,571.3001446494724,465.11082015793437,569.2,503.48699645996095,445.8998553505277,496.73936905105
480.0,392.041552734375,570.0645998706507,393.95132440567806,569.2,434.72574920654296,479.13540012934936,432.81597753523994
-0.02454447055337232,410.7860102498165,313.2,410.57809591293335,313.2245444705534,447.5545292055973,0.0,447.76244354248047
511.28529601623825,37.27040995745304,588.4,32.91792793273926,589.1147039837617,45.58063069196102,512.0,49.933112716674806
492.8,355.98863983154297,582.7889481229518,358.3265253802429,582.0,388.6943984985352,492.01105187704826,386.35651294983523
454.4,303.46497650146483,609.8072854230365,313.6355391300889,607.6,347.3630966186523,452.1927145769634,337.1925339900283
