235.8989263194969,249.14170181694163,359.75,248.42199778556824,359.8510736805031,265.81537520942555,236.0,266.53507924079895
107.96881828327439,465.51618535813077,175.75,465.2467216849327,175.78118171672563,473.09020419422404,108.0,473.3596678674221
108.0,454.60396814346313,151.78410526074302,454.8031902628281,151.75,462.2986848950386,107.96589473925697,462.09946277567366
208.0,375.7269378900528,299.8093738372923,376.2065668077941,299.75,387.5717589855194,207.9406261627077,387.0921300677781
108.0,474.26602421700954,175.75705094251097,474.3480500105973,175.75,480.1724504828453,107.99294905748901,480.09042468925753
198.88382066857687,222.99703723706898,387.75,214.36019039154053,388.8661793314231,238.76823299608532,200.0,247.40507984161377
160.0,62.09907627105713,340.044984170403,64.05927689699854,339.75,91.15365672111511,159.705015829597,89.1934560951737
112.0,218.22916477918625,199.8681279717899,218.78295879239099,199.75,237.52581894397736,111.88187202821011,236.97202493077262
299.56773936779473,196.68209722036914,403.75,182.81937789916992,408.18226063220527,216.12907145028515,304.0,229.99179077148438
199.6984166082503,301.3049206687549,299.75,299.3929252624512,300.05158339174966,315.174289469566,200.0,317.08628487586975
200.0,149.03961563110352,301.3696564097979,154.36150665963942,299.75,185.21219730377197,198.38034359020205,179.89030627523607
112.0,107.2811930179596,384.009237197679,109.88371353597461,383.75,136.9785671234131,111.74076280232103,134.37604660539807
59.92222788459776,262.14321375789063,199.75,230.02721405029297,207.82777211540224,265.1965031534253,68.0,297.31250286102295
