512.0,8.980450312296549,788.8421511035481,12.641210178690983,788.0,76.32824007670085,511.15784889645187,72.66748021030641
597.3333333333334,629.4481302897135,747.8481065318165,633.1498333678879,745.3333333333334,735.4029070536295,594.8185601348503,731.7012039754551
67.16949137085506,228.85097433669867,172.4,220.36048278808593,175.63050862914494,260.3991618479937,70.4,268.88965339660643
140.8,338.04066581726073,159.67391421058255,338.1972620521851,159.6,347.10584449768066,140.72608578941745,346.94924826275627
569.6,296.96168060302733,730.1918294025273,301.79226392120694,729.2,334.76544494628905,568.6081705974727,329.93486162810945
633.3820290469087,470.48394889061456,786.8,469.55012550354,787.0179709530913,505.3606029587507,633.6,506.2944263458252
128.0,267.5185789108276,172.50140309410088,268.02243087019906,172.4,276.97859325408933,127.89859690589913,276.47474129471794
70.4,221.87398178577422,102.00964632636338,221.90746718896656,102.0,231.01343383789063,70.39035367363661,230.9799484346983
70.4,338.06457152366636,95.65660956795946,338.21815721063047,95.6,347.52739548683167,70.34339043204054,347.37380979986756
64.0,267.74375281333926,102.0856600172165,268.0949986233104,102.0,277.38313302993777,63.914339982783495,277.03188721996656
518.351616996504,246.88436192255364,780.4,246.54274826049806,780.4483830034959,283.6568606020893,518.4,283.9984742641449
128.0,478.9830286502838,172.4605357108503,479.2392874341861,172.4,489.7421474456787,127.9394642891497,489.4858886617764
384.0,299.79400939941405,498.9393992685285,319.9782030631014,492.4,357.21697692871095,377.4606007314715,337.0327832650236
608.0,735.7536043167114,780.5195399323957,736.2096181142642,780.4,781.4340702056885,607.8804600676043,780.9780564081357
185.2502956202979,478.9734358396924,204.4,478.34695625305176,204.7497043797021,489.0364274415576,185.6,489.6629070281982
70.37504005884843,408.3310037564358,102.0,408.2594161987305,102.02495994115158,419.28587337025795,70.4,419.35746092796325
140.66226963986418,408.74233060407335,159.6,408.5027770996094,159.7377303601358,419.39095186662973,140.8,419.63050537109376
739.6376756046074,687.7951691903179,774.0,677.3306640625,789.5623243953926,728.4327116690571,755.2,738.897216796875
70.39922181913458,478.9498634136502,102.0,478.9475971221924,102.00077818086541,489.79841722629624,70.4,489.80068351775407
313.6,254.11153564453124,438.40138055913593,266.0049062063446,434.8,303.79547729492185,309.99861944086405,291.90210673310855
531.2,395.4060745239258,748.5796051692757,396.51228521359377,748.4,431.8061954498291,531.0203948307243,430.6999847601611
70.4,587.4908985137939,98.09933948302846,588.8674121526569,95.6,639.1611766815186,67.90066051697154,637.7846630426556
57.56047270513077,552.9713390380842,114.8,552.7604187965393,114.83952729486923,563.4873346059816,57.6,563.6982548475265
76.8,642.9246906280517,95.90989283788699,643.5321534615254,95.6,653.28092918396,76.490107162113,652.6734663504864
12.8,18.76119721159339,473.23584816826167,19.17874320797315,473.2,58.70919470787048,12.764151831738275,58.29164871149072
287.98698010627515,696.0925077356727,428.4,695.9450074672699,428.4130198937249,708.339307602462,288.0,708.4868078708648
134.4,549.9666748046875,167.45490939804256,553.9836664149988,166.0,565.9557846069335,132.94509060195745,561.9387929966223
121.6,283.5771255493164,174.08772083409806,285.3385599590641,172.4,335.62974281311034,119.91227916590194,333.8683084033627
