248.03726022508576,134.71629159584765,304.365,113.54073829650879,344.72773977491426,220.90708998069044,288.4,242.0826432800293
236.77271436683048,78.74639726406315,304.365,28.8775036239624,347.7522856331695,87.68461942905208,280.15999999999997,137.55351306915284
8.24,144.21476570129394,87.98688650955687,228.2077409292392,32.445,280.94182384490966,-47.30188650955687,196.94884861696443
8.24,31.14199562072754,90.57573939681126,136.4683164735483,32.445,181.91030448913574,-49.89073939681125,76.58398363631498
168.096,170.07801506084203,209.97733336892506,170.1330735519499,209.9655,179.13436034452914,168.08416663107494,179.07930185342127
9.888,34.77181764730811,34.76125817434199,35.08649654690947,34.4535,59.412717769145964,9.580241825658003,59.0980388695446
93.93599999999999,10.299112751483916,210.27761392968137,12.138994461586417,209.9655,31.874957980155944,93.62388607031862,30.03507627005344
170.5626468155656,97.6650105472479,185.2455,97.64658144378662,185.2508531844344,101.91157573852203,170.56799999999998,101.93000484198332
79.104,275.30990558606385,229.82152785898487,275.77654413271404,229.74149999999997,301.62438964962956,79.0239721410151,301.15775110297943
118.65599999999999,211.35904881477356,125.94783451725257,211.40338774383736,125.91749999999999,216.3921027317047,118.62566548274741,216.3477638026409
190.344,179.7672982034683,202.60571994788927,179.95819513373502,202.5495,183.5693231678009,190.28778005211072,183.3784262375342
118.43122921114296,244.5148222122949,125.91749999999999,244.300152803421,126.14227078885702,252.13869393341125,118.65599999999999,252.35336334228515
126.07199999999999,244.07142093408106,140.75499270689394,244.09163936426873,140.74949999999998,248.08054327601192,126.06650729310606,248.06032484582425
278.0945799425548,230.18171329794964,303.9015,228.1380002403259,305.14292005744517,243.8139915741817,279.33599999999996,245.8577046318054
170.56799999999998,87.29805069351195,222.5768189948294,89.06303275791147,222.32549999999998,96.46866275024414,170.31668100517055,94.70368068584462
