56.61273917974429,742.5610299956338,724.0,671.6122767130533,731.3872608202556,741.1013591238324,64.0,812.0501124064127
597.3333333333334,615.2895380655924,725.0241293322136,617.0689899062528,724.0,690.5589752197266,596.3092040011196,688.7795233790662
42.666666666666664,31.383384346961975,191.16718187166825,32.3786521371983,190.66666666666666,107.05882016817729,42.166151461665095,106.06355237794095
32.0,667.3357851028443,525.8341444813683,685.5721833740952,524.4,724.4082244873047,30.565855518631754,706.1718262160537
396.62152763448495,169.2022404341681,428.4,168.87673835754396,428.57847236551504,186.30083344888857,396.8,186.6263355255127
364.52543722227165,144.45407625202677,460.4,143.2880428314209,460.67456277772834,165.86337026591758,364.8,167.02940368652344
428.7526996022766,342.02552530491556,460.4,341.8913877487183,460.4473003977234,353.05105054652483,428.8,353.1851881027222
415.8983517350459,353.2916601987214,460.4,352.9830783843994,460.5016482649541,367.64212543055106,416.0,367.95070724487306
409.6,755.388094329834,761.5789865333438,758.7921250017037,761.2,797.9795791625977,409.22101346665613,794.575548490728
409.6,429.953678894043,435.1470674456922,430.68973209974183,434.8,442.7358116149902,409.25293255430785,441.99975840929136
377.51241758395156,309.6298961370814,454.0,309.04558219909666,454.08758241604846,320.51025355163927,377.6,321.094567489624
371.0994900563244,383.6886833381295,466.8,382.67056999206545,466.9005099436757,392.11829298022985,371.2,393.1364063262939
390.3276753366045,395.3856926537282,447.6,394.87030296325685,447.67232466339544,402.90733140938215,390.4,403.4227210998535
