43.34222222222222,717.3438966757722,243.34493865951035,728.474850471114,237.02777777777777,841.9825839275784,37.02506134048965,830.8516301322364
337.5646094353668,123.00824548918204,652.165,122.935526765413,652.1696213338638,142.9286366987369,337.5692307692307,143.00135542250595
262.5538461538461,752.285808462959,434.65121890401457,752.4791905732005,434.6203846153846,779.9196816156001,262.5230118652161,779.7262995053586
532.6043118534108,268.10711102495844,644.6634615384614,268.05172747325435,644.6683804542814,278.0043128021991,532.6092307692307,278.0596963539032
487.59999999999997,229.76006672125595,652.18215231584,230.02792410195832,652.165,240.5669842941944,487.58284768415984,240.29912691349202
435.04753114302895,152.57749370867126,652.165,152.18612335581045,652.2066996262017,175.31949875594447,435.0892307692307,175.71086910880527
495.0994525833476,192.5295654135282,652.165,192.49766533408027,652.1670858781907,202.767846648484,495.1015384615384,202.79974672793193
247.5507692307692,784.8461892414092,435.91394104220285,789.9357896590824,434.6203846153846,837.8095658845167,246.25721280395092,832.7199654668435
495.1015384615384,77.70203248647542,652.2912891779689,78.24570566767595,652.165,114.75912050870747,494.97524928356944,114.21544732750694
150.0307692307692,496.83198253925025,188.78343666067778,514.0922491563667,179.56807692307692,534.7825304295466,140.81540949316835,517.5222638124301
626.0345757403726,1040.4619846745543,674.6696153846153,1026.0505490581804,686.265808875012,1065.1848410982445,637.6307692307691,1079.5962767146182
705.179347810573,990.7377881467464,749.685,958.4831425109276,772.1548829586576,989.4875691906182,727.6492307692307,1021.742214826437
495.0766862496708,209.03451041710304,652.165,208.72823863662205,652.1898522118676,221.4750612433789,495.1015384615384,221.78133302385987
157.3996541522482,711.1905782750291,344.601923076923,710.3621892505425,344.73457661698257,740.3397033725062,157.53230769230768,741.1680923969928
510.10461538461533,246.38231322403422,644.6637383783336,246.38519915928913,644.6634615384614,259.293087633318,510.10433854474314,259.29020169806313
