150.204801044014,124.4195753522508,179.0,123.92593936920166,179.195198955986,135.31245284599137,150.4,135.80608882904053
73.47584619526442,205.5812202368807,230.2,204.19324054718018,230.32415380473557,218.21210561646708,73.6,219.6000853061676
181.43621341288068,311.99598033286964,220.6,307.3496089935303,221.56378658711932,315.47326710365377,182.4,320.11963844299316
278.05828180585763,159.89814223215288,393.4,158.3745376586914,393.7417181941424,184.24369317128952,278.4,185.76729774475098
318.9177423354528,284.77007365661603,335.8,283.79565353393554,336.8822576645472,302.5462440924074,320.0,303.5206642150879
115.19334462776176,331.24961699247115,188.6,331.16849133968356,188.60665537223824,337.19061380625016,115.2,337.2717394590378
271.8890984742072,75.76702517468087,383.8,75.21531753540039,383.91090152579284,97.7110903839434,272.0,98.26279802322388
272.0,36.60307903289795,384.0180117993644,37.70551548847088,383.8,59.857584381103514,271.7819882006356,58.75514792553058
105.6,291.10821081995965,195.00350067094323,291.1362872090411,195.0,302.2834556043148,105.59649932905677,302.25537921523335
131.2,174.30156707763672,201.9007463817276,176.0831627955646,201.4,195.9547546386719,130.6992536182724,194.17315892074402
94.46602251643755,262.5606892328456,163.0,255.58379440307618,164.53397748356247,270.6520419378087,96.0,277.6289367675781
70.18629069795222,224.0023632548034,230.2,222.61937294006347,230.4137093020478,247.34580650113224,70.4,248.7287968158722
112.0,109.46205978393554,186.27779869037315,114.7236812345279,185.4,127.1154800415039,111.12220130962685,121.85385859091154
