21.6,709.2558463095222,776.3207774883438,709.9881298719254,776.25,782.9342449754477,21.529222511656247,782.2019614130446
-14.569540292967478,151.99255890366712,149.85,-6.7091926574707035,186.0195402929675,30.763482527759894,21.6,189.46523408889772
232.19436121940902,493.84881709146345,344.25,384.8357860565186,371.255638780591,412.5951656050698,259.2,521.6081966400146
386.4052089494717,416.81108199474414,459.675,406.1189873886109,462.0697910505283,422.52978867175983,388.8,433.2218832778931
673.8248406034857,57.51323782312533,718.875,57.295649056434634,718.9701593965144,76.99770466459135,673.9200000000001,77.21529343128205
419.59559934254804,499.36915588974404,466.15500000000003,491.38508953571323,467.75940065745203,500.74121581435753,421.20000000000005,508.7252821683884
395.28000000000003,431.0912131690979,443.623391738484,435.4134882497137,440.235,473.31166597366337,391.891608261516,468.98939089304764
758.1600000000001,17.45446580886841,777.7503689595593,17.942919301673296,777.195,40.21706205368042,757.6046310404408,39.728608560875536
210.50998367128767,490.35559283647376,343.035,478.67321622848516,346.36501632871233,516.4489602526681,213.84,528.1313368606568
357.96900963766274,426.4006818600283,388.39500000000004,423.3726356506348,393.3059903623373,472.7185620669737,362.88,475.7466082763672
415.8566568257531,369.9873537917565,505.035,346.67711866378784,516.858343174247,391.9098736862709,427.68,415.22010881423955
540.3891158854738,293.6428850856609,576.315,290.6851641654968,580.2458841145263,338.4315509876423,544.32,341.3892719078064
340.7104567421133,401.6497747905694,505.035,286.83711261749266,520.7245432578867,309.2926238910713,356.40000000000003,424.10528606414795
672.4767062859237,78.78083686826365,718.875,75.46768306732179,720.3182937140764,95.67995502474173,673.9200000000001,98.9931088256836
