340.0,310.7964515686035,434.4714216002105,334.5039214305724,418.75,397.15189933776855,324.27857839978947,373.4444294757996
551.8583741598262,676.7846104531621,635.625,676.2040808200836,635.7666258401738,696.6397624582912,552.0,697.2202920913696
695.9236216946508,654.4954711291512,725.625,654.4327926635742,725.7013783053493,690.6260995772165,696.0,690.6887780427933
29.612422062641013,666.3887763490064,65.625,665.8736672401428,66.012577937359,692.9702190886157,30.0,693.4853281974792
687.4629872197019,587.5270891570188,725.625,585.1164736747742,728.1620127802983,625.2794589615726,690.0,627.6900744438171
15.671978574103054,497.3942336920731,77.625,493.65204656124115,79.95302142589695,532.1931339617737,18.0,535.9353210926056
689.0000484207494,326.4893752789928,731.625,325.45436096191406,732.6249515792506,366.6353252672719,690.0,367.6703395843506
21.30754464552727,592.8709732745806,71.625,589.9291105270386,74.31745535447274,635.980715825685,24.0,638.9225785732269
687.4615778045546,397.2441878785951,725.625,394.42399978637695,728.1634221954454,428.7745022306579,690.0,431.594690322876
677.7675033552687,270.594735431735,731.625,270.2320611476898,731.8574966447314,304.75804717534356,678.0,305.12072145938873
689.260499759954,522.831503261508,725.625,522.1316514015198,726.3645002400461,560.5562926636325,690.0,561.2561445236206
293.76584292812004,700.047203792053,461.625,698.2600314617157,461.85915707188,720.2531028857653,294.0,722.0402752161026
689.5516619152102,457.7496591031484,725.625,457.35546040534973,726.07333808479,498.3831233561106,690.0,498.7773220539093
