187.92,14.557111849486827,583.4176518558979,15.058599176831114,583.335,80.2419311311841,187.83734814410204,79.74044380383981
185.50212500761714,244.81342119963386,374.53499999999997,238.9048125886917,376.9528749923828,316.2593796750762,187.92,322.1679882860184
0.0,700.1476660251617,249.4318690301503,700.7639531604366,249.255,772.3487230490148,-0.17686903015032485,771.7324359137399
532.4399999999999,253.44102431201935,573.4985572127454,261.30794759664207,569.6324999999999,281.4854331922531,528.5739427872546,273.61850990763037
451.008,234.577827627182,523.5396673337444,249.82965215506783,519.5205,268.9432282047272,446.9888326662555,253.69140367684133
451.008,212.91457573127747,642.8781390360573,254.7443735493701,638.5364999999999,274.6591455287933,446.6663609639426,232.8293477107007
407.15999999999997,549.8481139250994,588.4681171683652,550.1380870897669,588.4245,577.4100820055007,407.1163828316347,577.1201088408332
168.96327107215765,336.5692894271069,431.8245,334.7402469191551,431.98922892784236,358.41429944902126,169.128,360.24334195697304
501.12,184.0461812467575,532.8697160320282,186.2204384902425,532.0485,198.21229267215728,500.29878396797176,196.0380354286723
451.008,186.41360972213744,643.3824325253,224.63080112152778,638.5364999999999,249.0238421974182,446.16206747469994,210.80665079802787
463.536,177.89386994934083,488.5779577012812,178.75252862736517,488.2005,189.7607208595276,463.15854229871877,188.90206218150323
369.57599999999996,161.10879954242705,407.0429155144845,162.3633863925893,406.76849999999996,170.55851684188843,369.30158448551543,169.3039299917262
