53.333333333333336,52.6413037472715,931.6994687560043,52.97408673666449,931.6666666666667,139.55376587808132,53.300531243995614,139.22098288868835
-0.07433511300320382,900.5436637693218,985.0,899.7081224123638,985.0743351130034,987.3466473128825,0.0,988.1821886698406
688.0,645.1539535522461,791.7169339208327,646.7415914566225,791.5,660.9134130477905,687.7830660791673,659.3257751434141
648.0,559.5409860610962,840.546077818365,567.6096135833916,839.5,592.5727415084839,646.953922181635,584.5041139861885
351.7535638758519,529.3742428931275,439.5,528.5203628540039,439.7464361241481,553.8446363297423,352.0,554.698516368866
294.93786698875647,560.631382349825,495.5,552.2778539657593,496.56213301124353,577.7788940631389,296.0,586.1324224472046
680.0,619.3984518051147,799.8883548123887,622.536917963841,799.5,637.3719415664673,679.6116451876113,634.233475407741
343.1608338339325,650.7254413653238,447.5,644.252763748169,448.3391661660675,657.780070872225,344.0,664.2527484893799
359.944633408108,667.8591091172683,391.5,667.7235919237137,391.555366591892,680.6157796843064,360.0,680.751296877861
335.53046059985047,623.215660620465,455.5,619.2994112968445,455.96953940014953,633.6831802837709,336.0,637.5994296073914
696.0,662.3662104606628,735.7420756936772,663.1546126047634,735.5,675.3572564125061,695.7579243063228,674.5688542684055
767.9435217208642,792.9658109904528,999.5,792.5622018575668,999.5564782791358,824.9646188257932,768.0,825.3682279586792
672.0,758.662784576416,800.2699949065386,764.9807323983821,799.5,780.6135368347168,671.2300050934614,774.2955890127507
383.3326988801463,717.985797810271,415.5,716.3777027130127,416.1673011198537,729.725965571687,384.0,731.3340606689453
326.7030468037954,769.9568956367385,455.5,759.8011207580566,456.7969531962046,776.2492620475876,328.0,786.4050369262695
696.0,534.3991975784302,784.7099521344967,538.7253315191019,783.5,563.5361204147339,694.7900478655033,559.2099864740621
783.4971607791912,831.4735410069977,983.5,826.5978469848633,984.0028392208088,847.2245047235931,784.0,852.1001987457275
720.0,716.1303467750549,759.560889850375,716.3092689647192,759.5,729.7724211215973,719.939110149625,729.593498931933
407.4403425355576,663.6354506614019,431.5,662.5966811180115,432.0596574644424,675.5592934487055,408.0,676.598062992096
