610.0640000000001,433.05715518283847,710.3821642204789,433.6270993004282,710.205,464.8104887161255,609.8868357795212,464.2405445985358
636.7618630291588,364.0450966621727,683.389,363.85822045707704,683.5071369708413,393.33435797773905,636.88,393.52123418283463
227.6200017344766,157.27880493181232,274.44500000000005,156.25939915180209,274.7609982655234,170.77434356863023,227.936,171.79374934864046
596.6560000000001,253.80015474271775,623.1991131108647,253.93941949353655,623.053,281.7877932267189,596.5098868891354,281.64852847590015
40.224000000000004,100.97725726515056,133.7791381702053,101.4151887162544,133.661,126.65300346755983,40.10586182979473,126.21507201645598
167.56835750051349,717.4390404989152,375.00500000000005,717.2441413402557,375.03664249948656,750.9221412809463,167.60000000000002,751.1170404396057
697.1770257323686,724.002742654374,810.7650000000001,723.7546846604348,810.8039742676315,741.6013504280542,697.216,741.8494084219933
610.0640000000001,283.7815550193787,652.7668023518689,287.69270459899275,649.869,319.33155618667604,607.1661976481312,315.420406607062
744.144,744.7667616944314,804.1290763781705,745.0070660507697,804.061,762.0003773927689,744.0759236218297,761.7600730364305
529.616,508.1342542133332,550.090843403924,508.8442316552798,549.3090000000001,531.3915976924897,528.834156596076,530.681620250543
167.60000000000002,805.2353231263162,636.6057276556614,807.8634587189796,636.461,833.6909311084748,167.45527234433862,831.0627955158113
770.7970785201571,783.1692339434328,804.061,782.9128615293504,804.2239214798429,804.0516698222457,770.96,804.3080422363282
589.952,325.0023503036499,657.0985928189673,326.19873493952025,656.5730000000001,355.69741449928284,589.4264071810328,354.50102986341255
777.5052253217907,824.2363524442541,837.581,823.564782365799,837.7397746782094,837.7680831064357,777.6640000000001,838.4396531848909
40.224000000000004,23.4435543769002,153.97456329060861,24.194863721002623,153.77300000000002,54.7121706404686,40.02243670939141,53.960861296366176
622.9987113108009,399.6062564815189,696.797,398.4066232738495,697.2702886891992,427.5221021515225,623.4720000000001,428.72173535919194
