-0.8776227129107926,69.57825916427774,66.36,4.765252990722656,94.1176227129108,33.56127208572226,26.88,98.37427825927735
394.87019481788934,11.965846746952431,483.0,4.385227203369141,491.32980518211065,101.22481975695382,403.2,108.80543930053712
26.305998559887108,228.12711024809664,205.38,209.16803265380858,207.29800144011287,227.28411403702907,28.224,246.24319163131713
124.95452024931569,325.87995797576303,261.828,325.50293115520475,261.86547975068424,339.10934750710135,124.99199999999999,339.4863743276596
24.750777518320984,446.7652318838782,96.51599999999999,429.8421968536377,99.98922248167901,444.57103146756225,28.224,461.49406649780275
59.151414873352564,370.64644560979787,128.772,345.41987338256837,134.13258512664746,360.2140780718428,64.512,385.4406502990723
52.416,451.486304145813,327.90557250794376,462.18686344196976,326.34,502.49306510925294,50.850427492056234,491.7925058130961
235.3938786550379,98.4671632811678,354.56399999999996,44.02281404113769,361.0901213449621,58.307467700277506,241.92,112.75181694030762
64.467634612668,410.967553143765,431.17199999999997,410.179586148262,431.21636538733196,430.82636615249965,64.512,431.61433314800263
157.248,360.0445748634338,354.72843181740905,363.27617691125397,354.56399999999996,373.3244643630981,157.0835681825909,370.092862315278
197.43669035333843,153.39958540711714,253.76399999999998,109.97875758361816,261.95930964666155,120.61005521788285,205.632,164.03088304138183
173.376,368.77294435501096,354.7396350844726,373.41624954476646,354.56399999999996,380.2764097251892,173.20036491552744,375.6331045354337
212.98033249034444,49.37882549624884,290.05199999999996,38.444723327636716,294.79966750965554,71.90980771297967,217.72799999999998,82.8439098815918
124.47128220270591,301.70639850517404,177.156,300.21028713226315,177.6767177972941,318.54707054237235,124.99199999999999,320.0431819152832
95.33990913139493,285.9537520330601,294.084,237.99669941711426,299.54409086860505,260.62446189516254,100.8,308.58151451110837
348.960880146011,35.84731590416948,390.852,20.482692352294922,396.707119853989,36.44647608801802,354.816,51.811099639892575
234.80090247480155,188.5848210910159,423.108,67.8053452835083,430.2270975251985,78.90471943632784,241.92,199.68419524383543
350.85585183780046,178.39995701207005,427.14,147.69540438079832,431.10014816219956,157.5342231637112,354.816,188.2387757949829
