21.333333333333332,-34.21430206298828,149.72637624404763,193.8954462180004,62.666666666666664,242.89756520589194,-65.72637624404763,14.787816924903268
606.9082872379067,180.34241532410752,788.0,25.640716552734375,927.7583794287599,189.23998213682998,746.6666666666666,343.9416809082031
81.58715336458133,757.1305106376169,210.8,741.7988594055175,212.4128466354187,755.3916878487112,83.2,770.7233390808105
41.47404726325855,728.5269277039276,223.6,705.0748748779297,226.92595273674146,730.9038424071563,44.8,754.3558952331543
742.4,325.8932678222656,787.8168466987796,326.71071844432765,786.8,383.2058380126953,741.3831533012204,382.3883873906333
211.2,734.9781387329101,322.2154070575671,741.4452961824411,319.6,786.3414474487305,208.5845929424329,779.8742899991996
12.768962689268609,254.56667800730398,63.6,254.5359671473503,63.631037310731394,305.90732901060653,12.8,305.93803987056015
19.2,172.07302589416503,66.75973562055268,181.6077672846022,57.2,229.29217529296875,9.640264379447315,219.7574339025316
735.028882401154,563.1527850664245,786.8,562.1274017333984,787.771117598846,611.1586681806459,736.0,612.1840515136719
14.486448018448101,408.80337483063937,57.2,405.2182270050049,61.913551981551905,461.37561782225373,19.2,464.9607656478882
736.0,17.929270935058593,788.0675827511739,19.256413530549676,786.8,68.98729400634765,734.7324172488261,67.66015141085657
732.3745761105753,488.22474657671285,786.8,484.5023132324219,790.4254238894248,537.5093690238731,736.0,541.231802368164
595.7922847288538,721.0595585811292,774.0,697.6646514892578,779.8077152711462,741.9041804325427,601.6,765.2990875244141
735.3457093439831,407.7117432987483,786.8,407.0729278564453,787.4542906560168,459.77369142415216,736.0,460.4125068664551
11.985794652531622,566.0604028748589,63.6,565.2070423126221,64.41420534746837,614.4530045224112,12.8,615.3063650846482
22.893979285897796,690.1050888765888,262.0,669.957746887207,264.70602071410224,702.0724469434185,25.6,722.2197889328003
