431.4473285692516,320.02119895321715,643.455,303.13249423027037,648.0876714307483,361.287450376922,436.08,378.17615509986877
432.60169609115883,244.10026374561696,643.455,231.4399580669403,646.9333039088411,289.3699867560157,436.08,302.0302924346924
432.48232560700035,465.8531386454627,643.455,452.1663397407532,647.0526743929996,507.6220378605798,436.08,521.3088367652892
436.08,144.5412595907226,700.3531650812968,144.6147993251492,700.335,209.89302701644598,436.0618349187032,209.81948728201942
322.32,73.8435823854804,586.7509599176955,74.5304766102974,586.5749999999999,142.26907196044922,322.14404008230457,141.5821777356322
432.0455796240218,392.8229124950633,643.455,377.4073204421997,647.489420375978,432.73535911328935,436.08,448.15095116615294
11.901345897889344,579.3712823799184,188.415,569.3752681732177,195.47365410211063,694.0198317805,18.96,704.0158459872007
153.576,235.99996921777725,267.3987655907815,239.26198777431856,266.9805,253.85667675876618,153.15773440921845,250.59465820222488
164.952,462.27889899158475,244.43253692116727,463.5723614225473,244.2285,476.1099996700287,164.74796307883275,474.8165372390662
164.952,264.475987046957,255.69932741133678,265.447082511562,255.6045,274.3085533533096,164.85717258866322,273.3374578887047
153.576,144.22826918792725,261.8861219809628,147.80550809881132,261.2925,165.77894257450103,152.98237801903718,162.201703663617
