18.666666666666668,627.6814793944359,689.5385214113122,628.1123551527248,689.5,688.0900404999654,18.62814525535445,687.6591647416765
392.0,229.87686570485434,521.6362890835971,230.1986943570548,521.5,285.0975074966749,391.8637109164029,284.77567884447444
18.666666666666668,71.82344171901545,167.99187060794853,74.18302830481613,166.83333333333334,147.50045426686606,17.508129392051487,145.14086768106537
257.5855581459028,298.9823512467188,324.45,298.88798424601555,324.46444185409723,309.12086763059676,257.59999999999997,309.21523463129995
296.73533982422316,433.1390380269435,436.45,432.9123260736465,436.5146601757769,472.76013451157536,296.8,472.9868464648724
436.65326828331206,159.85533160662666,475.65,159.43493647575377,475.79673171668793,173.0460774471758,436.8,173.4664725780487
341.59999999999997,342.1664155006409,589.2481676200559,363.01252554469556,587.65,381.9984793663025,340.00183237994406,361.1523693222478
257.5994657438499,318.0757984840253,324.45,318.0709630165249,324.4505342561501,325.457075953955,257.59999999999997,325.46191142145545
190.33627084269418,472.341784427107,537.25,471.7851188182831,537.3137291573058,511.50109779483023,190.4,512.0577634036541
263.2,328.718577837944,318.8921463139075,329.0449567964649,318.84999999999997,336.2366541147232,263.15785368609244,335.9102751562024
358.4,410.528560256958,488.28620614009503,425.9315897928658,486.84999999999997,438.0424129486084,356.9637938599049,422.6393834127006
140.0,447.3364888191223,184.49282314583579,447.58064469910784,184.45,455.3843586802482,139.9571768541642,455.1402028002627
442.4,438.3780200958252,487.3235993675823,440.0049239155539,486.84999999999997,453.082395362854,441.9264006324177,451.4554915431253
145.43227930252488,272.60146213768076,167.65,272.28543190956117,167.81772069747512,284.0766192078774,145.6,284.392649435997
123.2,407.7816135406494,195.93903652643527,409.5275734152835,195.65,421.5692238330841,122.91096347356469,419.82326395845
425.59999999999997,213.51852378845214,481.30614202229697,213.69739122262652,481.25,231.18215854167937,425.543857977703,231.003291107505
139.90944102201084,496.5273561246386,190.04999999999998,496.1274529933929,190.14055897798914,507.4818971626768,140.0,507.8818002939224
268.78073860608106,340.00957802635656,313.25,339.8887259364128,313.26926139391895,346.9762323369361,268.8,347.09708442687986
257.22084116971064,269.96813255969994,318.84999999999997,268.94250893592834,319.22915883028935,291.7259542780686,257.59999999999997,292.7515779018402
604.184564443207,163.55902654127988,621.25,163.23489627838134,621.8654355567929,195.63753508133973,604.8,195.96166534423827
358.4,309.6581527709961,533.8851121756197,322.38027055534525,531.65,353.2107437133789,356.16488782438023,340.4886259290297
117.5113274723962,284.257712730956,190.04999999999998,284.00472554564476,190.1386725276038,309.4296791223765,117.6,309.6826663076877
