319.8257818270122,406.0202167838466,510.6666666666667,405.3972457249959,510.8408848396545,458.76722144984683,320.0,459.3901925086975
85.33333333333333,68.58733503023784,767.0970799138901,72.7462461715566,766.6666666666666,143.3032112121582,84.90292008610983,139.14430007083942
608.0,237.88132972717284,646.284492038686,238.15246609286663,646.0,278.32278099060056,607.715507961314,278.05164462490677
268.5157136750063,487.0694946212966,511.6,485.25315246582034,511.8842863249937,523.2996946410935,268.8,525.1160367965698
664.9210081534883,587.2587353422866,697.2,569.9049682617188,704.2789918465116,583.072294931151,672.0,600.4260620117187
94.09375932548298,635.9005484472381,127.6,631.4596267700196,129.50624067451702,645.8419922937287,96.0,650.2829139709472
259.9669921320832,586.2462390019527,313.2,557.1231857299805,328.43300786791684,584.9670666621098,275.2,614.090119934082
669.3296170272948,554.2695075565534,780.4,540.8532867431641,783.0703829727051,562.9608879512591,672.0,576.3771087646485
351.28722662184185,530.673614263244,441.2,528.201887512207,441.9127733781582,554.1300898078009,352.0,556.6018165588379
211.2,524.9688293457032,288.23789098594153,535.1669324275714,281.2,588.3321411132813,204.16210901405844,578.134038031413
