102.22530347662912,76.9330862577407,528.0,75.77381884256998,528.1746965233709,139.93620126489319,102.4,141.09546868006387
214.91051477442343,149.0706458700945,296.64,148.56108291625978,296.76948522557655,169.3293918191145,215.04,169.83895477294922
261.90010596097835,447.4416534188827,301.76,436.3717199707031,306.09989403902165,451.9985272451798,266.24,463.0684606933594
229.18725527736228,310.6705156143728,301.76,301.6418145751953,302.97274472263774,311.389862803596,230.4,320.41856384277344
307.7524577530057,432.98371949653387,352.96,419.8714404296875,357.52754224699424,435.6190734722161,312.32,448.7313525390625
174.68187599780046,440.9305168999118,255.68,416.7414562988281,260.19812400219956,431.8705914985257,179.2,456.05965209960937
388.02851011101865,588.1687833690941,434.88,582.6414047241211,435.97148988898135,591.8931551074684,389.12,597.4205337524414
308.7837227102092,397.50091259671905,352.96,386.561728515625,356.49627728979084,400.84246142671844,312.32,411.7816455078125
25.6,305.31730194091796,133.66817749577228,310.2934074833271,132.8,329.1479833984375,24.73182250422771,324.17187785602835
317.44,314.7911932373047,353.37592966995305,316.5358219557649,352.96,325.1031573486328,317.024070330047,323.3585286301726
363.74849037695196,435.34844406246776,434.88,413.1200885009766,439.771509623048,428.77308914065725,368.64,451.00144470214843
368.4597306453725,300.48754516320895,383.68,300.19239349365233,383.8602693546275,309.488455203002,368.64,309.7836068725586
399.36,311.44075744628907,434.93541374473006,311.6662047427499,434.88,320.410451965332,399.30458625526995,320.1850046688712
218.3296160832599,409.8804361480702,245.44,401.8214111328125,247.27038391674012,407.97878260192977,220.16,416.0378076171875
305.3778073213644,415.5611415231079,352.96,401.81292541503905,354.7821926786356,408.1194834768921,307.2,421.8676995849609
219.1227001728425,586.2950381212673,255.68,582.1782150268555,256.7172998271575,591.3894150037327,220.16,595.5062380981445
392.14470120109735,409.5987646600294,414.4,402.046943359375,416.49529879890264,408.2218115118456,394.24,415.7736328125
217.17454908810348,393.8465567287949,245.44,387.9902374267578,248.42545091189652,402.3994784274551,220.16,408.2557977294922
179.2,543.0067651367187,225.09882074663966,543.3840667143025,224.96,560.2716413879394,179.06117925336036,559.8943398103556
312.13948338015774,149.59604435282495,409.28,148.73418121337892,409.46051661984234,169.08019313496803,312.32,169.94205627441406
385.2571216937194,397.08488774770944,434.88,380.9409191894531,438.7428783062806,392.81452631479056,389.12,408.9584948730469
173.57276391469333,300.64602445345565,214.72,298.4980712890625,215.22723608530669,308.21493257779434,174.08,310.3628857421875
306.26789566824124,600.3583527517345,352.96,595.8418106079101,353.89210433175873,605.4779241037343,307.2,609.9944662475586
255.95645981161314,179.58795159377067,363.2,179.37764572143556,363.2435401883868,201.5805632682899,256.0,201.790869140625
15.30556694891027,343.22537314125555,168.64,342.8986766433716,168.69443305108973,368.446734495673,15.36,368.773430993557
276.48,553.3844586181641,307.24042098304466,554.0435502374422,306.88,570.8647338867188,276.11957901695536,570.2056422674407
179.2,54.32862548828125,414.8535797981952,61.076521497548754,414.4,76.91667419433594,178.74642020180482,70.16877818506843
188.4376892539509,351.6016410389301,429.76,346.1142846679688,430.76231074604914,390.1937883433941,189.44,395.68114471435547
