249.33333333333331,739.8527482872207,656.0717174930876,740.5168309270994,655.9166666666666,835.4826059887806,249.17828250691238,834.818523348902
115.56990235125942,569.4204352239434,251.17499999999998,569.1266987085343,251.20509764874058,583.021445811325,115.6,583.3151823267341
163.2,693.6458545207977,203.84731642382474,694.3059463116891,203.575,711.0747230172157,162.92768357617524,710.4146312263242
333.2,668.087968325615,448.7191614965288,671.2728957871495,448.375,683.7558323621749,332.8558385034712,680.5709049006404
346.8,684.935711812973,435.1990064818337,688.0154972442699,434.775,700.1857450008392,346.3759935181663,697.1059595695423
353.59999999999997,697.896465730667,428.2457185793447,699.6283983122017,427.97499999999997,711.2962790966034,353.32928142065526,709.5643465150688
129.2,584.566092556715,237.76688456562965,585.9916801069037,237.575,600.6048194289207,129.00811543437035,599.179231878732
81.2626614004991,199.97126872663583,278.375,198.00083509683608,278.71233859950087,231.7465036856643,81.6,233.716937315464
217.4587795045274,232.9474889287362,271.575,232.4436450958252,271.71622049547256,247.61167727619315,217.6,248.11552110910415
326.4,535.2169620037079,469.3127145076327,538.0730489633244,468.775,564.9791764736175,325.8622854923673,562.1230895140011
333.2,641.0423916339874,449.4110649530482,647.103314936738,448.375,666.9686399936676,332.1639350469518,660.907716690917
88.33260976541892,549.4349148117317,271.575,548.600016951561,271.64239023458106,563.3907455570684,88.39999999999999,564.2256434172392
122.28475151065999,493.3922639945597,237.575,492.47856543064114,237.69024848934004,507.0205900093465,122.39999999999999,507.93428857326506
346.8,626.7364126205445,442.1286472565756,630.5563088971677,441.575,644.3730306625366,346.2463527434243,640.5531343859133
101.98213742389119,512.5059489190567,257.97499999999997,512.3853858157992,257.99286257610885,535.4972194109123,102.0,535.6177825141698
