205.58770292985196,143.3012419230885,313.4,133.86035919189453,315.812297070148,161.4081315510326,208.0,170.84901428222656
286.7183836143688,124.46322724875843,361.4,91.64885864257812,372.2816163856312,116.41412870827283,297.6,149.22849731445314
134.3725778072676,375.68974547629244,271.8,375.4041655063629,271.8274221927324,388.60033349747766,134.4,388.88591346740725
4.090308714868054,235.8355401466536,207.8,159.30858917236327,216.50969128513194,182.49321237104658,12.8,259.0201633453369
76.73721636832525,7.704120149430876,326.2,7.2373639106750485,326.2627836316748,40.79273655194318,76.8,41.25949279069901
86.4,145.0309712409973,188.91011806987106,146.67753049043245,188.6,165.98460369110109,86.08988193012894,164.33804444166594
237.2072464387374,197.25178246363345,262.2,193.3484031677246,264.9927535612626,211.2299863351947,240.0,215.13336563110352
76.7706161837632,56.31336833371766,323.0,56.02765877246857,323.0293838162368,81.3511338935887,76.8,81.6368434548378
76.7947051851796,85.24110380614023,319.8,85.2051407635212,319.8052948148204,120.9826485248484,76.8,121.01861156746745
80.0,127.69585661888122,243.05267786485493,128.20852363041195,243.0,144.9626091003418,79.94732213514507,144.44994208881107
121.28346146184553,239.228453772985,271.8,201.76657257080078,278.51653853815446,228.7526741567025,128.0,266.21455535888674
