42.579411942323304,88.95574630137436,318.6666666666667,88.60840074221294,318.75392139101,157.96272720559287,42.666666666666664,158.3100727647543
42.00888448917542,17.94750736511958,404.0,13.697972933451334,404.65778217749124,69.73030024412064,42.666666666666664,73.97983467578888
512.503061875368,736.1460382681331,702.6666666666666,672.1494445800781,723.496938124632,734.0458562631169,533.3333333333334,798.0424499511719
460.8,462.81776123046876,501.51123438491885,479.0520899981263,492.4,501.9005615234375,451.68876561508114,485.66623275577996
339.2,416.7043060302734,523.1134778069915,550.2656801118324,511.6,566.1196929931641,327.68652219300856,432.55831891160517
358.4,382.4019119262695,476.88109710857316,463.4627121827287,460.4,487.552018737793,341.91890289142685,406.4912184813338
320.0,435.53995513916016,444.66661523403775,523.9976640275218,434.8,537.9030380249023,310.1333847659622,449.44532913654075
358.4,564.5890213012696,393.6917416407735,574.8928025925798,390.0,587.5374801635742,354.70825835922653,577.233698872264
513.8816139183641,725.2010946592546,652.4,530.2162475585938,663.3183860816359,537.9727334657454,524.8,732.9575805664062
384.0,582.13337059021,434.16870966892157,616.9210467928667,428.4,625.2403354644775,378.2312903310784,590.4526592618207
262.4,529.3369033813476,359.52649544883735,598.7587446281742,351.6,609.8485214233399,254.47350455116265,540.4266801765133
480.0,219.4696517944336,638.6607349071369,321.6444641817942,620.4,350.0003921508789,461.7392650928631,247.8255797635183
