691.0060789031662,729.6629237240411,945.6,729.0916028976441,945.7939210968337,815.5073786670112,691.2,816.0786994934082
153.58100178333126,92.1137438639345,766.4,91.96575024127961,766.4189982166688,170.6344651356993,153.6,170.78245875835418
228.40918571822385,288.0021642944799,587.2,274.7593566894531,589.1908142817762,328.6970033385768,230.4,341.9398109436035
255.758187774081,15.598641523328562,664.0,14.074191665649414,664.241812225919,78.83057629207062,256.0,80.35502614974976
588.8,854.8521083831787,920.5271783320674,856.9933698412954,920.0,938.6645641326904,588.2728216679326,936.5233026745739
665.0667748813825,460.881184048837,920.0,458.9235023498535,920.5332251186176,528.3611434505526,665.6,530.3188251495361
588.8,1052.0584411621094,823.2237934374003,1068.4814052245608,817.6,1148.7562561035156,583.1762065625998,1132.3332920410642
588.8,957.8707668304444,818.2246266658391,959.7790571654881,817.6,1034.874935913086,588.1753733341609,1032.966645578042
665.6,521.9866569519043,920.7902910128987,524.8631561894498,920.0,594.9742797851562,664.8097089871013,592.0977805476107
288.2467506808019,1139.1595361220454,432.73846153846154,1122.9770958533654,435.9378647038135,1151.5443100318007,291.44615384615383,1167.7267503004807
455.1461341511257,662.7380084223016,613.9076923076923,652.2170569786658,615.6230966181051,678.1025733835878,456.8615384615385,688.6235248272236
494.53122890957974,779.0322765337157,613.9076923076923,768.6383657602164,615.6226172442664,788.3346743376785,496.24615384615385,798.7285851111778
416.15885725670654,717.6814399385521,613.9076923076923,703.5472402719352,615.2257581279089,721.9880424833228,417.4769230769231,736.1222421499399
384.3668986234729,752.9278434911896,613.9076923076923,734.8235727163461,615.5100244534502,755.1392538645796,385.96923076923076,773.2435246394231
227.8397311678745,339.2347571350169,598.1538461538462,329.3934795673077,598.7448842167408,351.63345153009726,228.43076923076924,361.4747290978065
574.3782735082763,1184.2618272250236,724.1846153846154,1182.20217191256,724.8217264917237,1228.5416170357937,575.0153846153846,1230.6012723482572
474.6776244049637,1019.164690127746,582.4,991.7748253455529,588.2146832873441,1014.6435580693693,480.4923076923077,1042.0334228515626
493.56532993980244,1047.5980664367555,582.4,1037.4538555438703,585.0808239063515,1060.9303102158888,496.24615384615385,1071.074521108774
477.6863269797377,1099.984146752235,637.5384615384615,1085.983154296875,640.3444422510316,1118.0195979893517,480.4923076923077,1132.0205904447116
423.73330520877727,631.2494787994419,613.9076923076923,619.5141338641827,615.5282332527612,645.7754310563273,425.3538461538462,657.5107759915866
62.89458241303462,112.5017505892358,109.78461538461538,112.16413104717549,109.90541758696538,128.9416529188772,63.01538461538462,129.2792724609375
494.4143281384067,1073.2489778887355,582.4,1063.9122380183294,584.2318257077471,1081.1746248756876,496.24615384615385,1090.5113647460937
795.5692307692308,46.30946232722356,839.5561673182618,59.6954706309635,834.4615384615385,76.43661639873798,790.4746019125074,63.05060809499804
367.92007944611606,532.1483149321672,606.0307692307692,519.589248422476,608.3260744000378,563.1065509782895,370.2153846153846,575.6656174879807
779.8153846153846,59.13175424429087,839.1751639287941,78.3304040989342,834.4615384615385,92.90433349609376,775.101759148129,73.70568364145042
850.7076923076924,38.000523963341344,910.7294715947091,58.22577482894887,905.3538461538461,74.1788330078125,845.3320668668293,53.95358214220497
55.04699845784219,98.8165965689636,94.03076923076924,98.57798931415265,94.12223231138857,113.52127245898112,55.13846153846154,113.75987971379207
447.30936397399984,596.1381072435124,613.9076923076923,585.8472975510817,615.5829437183079,612.9680094181463,448.9846153846154,623.258819110577
