117.59403050737602,306.2260138562945,150.65,305.91100300788884,150.815969492624,323.3271729990217,117.76,323.64218384742736
382.72,388.6561674818397,415.61245055418925,388.660734765161,415.61,406.30902299910787,382.7175494458108,406.30445571578656
114.08000000000001,390.36323691844945,150.79933349216364,390.67240972509904,150.65,408.40820725440983,113.93066650783635,408.0990344477602
154.45659089907815,118.99554259253144,191.13000000000002,118.77556108951569,191.23340910092188,136.01502991246585,154.56,136.23501141548158
294.40000000000003,387.8917887878418,331.5718312306703,389.2065365784609,330.97,406.2220958328247,293.7981687693297,404.9073480422057
33.120000000000005,302.4780780911446,66.15633585621919,302.7601147116526,66.01,319.9011529397965,32.973664143780816,319.6191163192885
47.16247002147496,113.33558296781433,80.73,111.95672370910646,81.40752997852503,128.45079859155763,47.84,129.8296578502655
386.30162147750264,111.80406957382193,422.97,111.5991225528717,423.0683785224974,129.20065140014657,386.40000000000003,129.4055984210968
382.72,303.89554470062257,419.97236672234,305.3301518393246,419.29,323.04913196563723,382.03763327766006,321.61452482693517
2.493070968830876,54.615201188197915,99.13000000000001,43.113552818298345,103.99692903116913,84.00552414787693,7.36,95.5071725177765
36.800000000000004,392.14962592065336,73.42310887441289,392.25815976056776,73.37,410.1789491784573,36.746891125587105,410.07041533854283
382.35364998369437,208.82079309542596,419.29,208.08615215301515,419.6563500163057,226.50553453366342,382.72,227.24017547607423
202.38857347622098,300.35505012096036,238.97,300.33198171257976,238.98142652377905,318.4519375044001,202.4,318.4750059127808
279.68,108.7007361984253,316.76007687091686,109.79392908903868,316.25,127.0952578353882,279.16992312908314,126.0020649447748
202.4,390.1646970367432,242.92988306868054,390.82271658759424,242.65,408.061760673523,202.1201169313195,407.40374112267193
390.08000000000004,357.0866498565674,412.2273403124664,357.8585858283837,411.93,366.3894709396362,389.7826596875336,365.61753496781995
36.800000000000004,207.91942268371582,73.6911519591436,208.57637266538433,73.37,226.61072239875796,36.47884804085641,225.95377241708943
154.56,209.37409235954286,198.64491635188259,209.7600915648548,198.49,227.45306688785556,154.40508364811743,227.06706768254358
393.76000000000005,74.59330086991191,419.2925269180427,74.5962628393236,419.29,96.37859546244145,393.75747308195736,96.37563349302977
5.283754992685491,17.010921010261107,84.41000000000001,13.183449459075929,86.48624500731451,56.10616461109586,7.36,59.93363616228104
275.9910485041926,208.43220504121098,312.57,208.41414887785913,312.5789514958075,226.54847368283956,276.0,226.56652984619143
287.04,303.0706816864014,328.04362716605635,304.73161317513836,327.29,323.3365029907227,286.2863728339437,321.6755715019857
