328.22088392536796,392.1171925759668,397.7505,390.38720697212216,397.96961607463203,399.1936713213568,328.44,400.9236569252014
266.4721158339144,221.47347469706145,382.29449999999997,220.31385666418075,382.4383841660856,234.68497429709822,266.616,235.84459232997892
146.5797359231407,240.04637159087676,196.8225,238.61301445770263,197.07476407685928,247.4555033290146,146.832,248.88886046218872
297.13685291513406,299.9660787451364,382.29449999999997,297.1983318271637,382.68564708486593,309.2330902058982,297.52799999999996,312.00083712387084
142.81479659124417,426.93745689278387,386.1585,424.1878493814468,386.3117034087558,437.74654265231345,142.968,440.4961501636505
293.3129019169302,371.2781143553236,401.61449999999996,329.0590726804733,405.8295980830698,339.8717733094713,297.52799999999996,382.0908149843216
274.344,240.41532050800322,382.58720905200863,242.20011912493604,382.29449999999997,259.95213148498533,274.05129094799133,258.16733286805254
339.846019733928,401.75774396488754,397.7505,400.65064190483093,397.93648026607195,410.3779209292165,340.032,411.48502298927303
142.968,219.23462611581758,204.55080890866938,219.23586082650553,204.5505,234.6430843501277,142.9676910913306,234.64184963943976
46.368,3.14125498008728,109.98025734963085,14.337877680717959,100.2225,69.77539560699462,36.610242650369145,58.578772906363945
19.76740742737777,29.153956672071633,46.1265,21.13698754119873,61.13509257262223,70.48392583525258,34.775999999999996,78.50089496612549
428.904,92.09820246505737,472.9212005502378,93.84000371217259,471.1665,138.1831835975647,427.14929944976217,136.4413823504495
471.40799999999996,400.4017765159607,514.956000285476,422.1388170393157,494.3505,463.4198889198303,450.8024997145241,441.68284839647526
293.5255289435269,266.9865088268185,382.29449999999997,266.13825089120866,382.43297105647304,280.62904748526563,293.664,281.47730542087555
428.904,312.2910223903656,476.31645420239573,313.7707222658739,475.03049999999996,354.97518929100033,427.6180457976042,353.49548941549205
38.64,306.5320462517738,83.68196405039355,309.31009607096155,80.9025,354.37498978614803,35.860535949606444,351.5969399669603
428.904,194.59803648376464,472.83056794285017,196.16000002099275,471.1665,242.9580153465271,427.2399320571498,241.396051809299
42.504,252.67865819978712,78.21689597196233,253.7882605799828,77.0385,291.7152995910644,41.32560402803766,290.60569721086875
150.696,186.8330906982422,165.95431653832972,186.93160411354492,165.91049999999998,193.71815810108185,150.65218346167026,193.6196446857791
324.5475815934385,190.41025682647208,382.29449999999997,190.32811338973045,382.3229184065614,210.30628170173188,324.57599999999996,210.3884251384735
428.904,363.36662980270387,476.06939603660413,364.2492795407582,475.03049999999996,419.76387484931945,427.8651039633958,418.8812251112651
37.53654182083125,147.8252346390177,84.7665,146.66054950046538,85.86995817916873,191.4076506091665,38.64,192.5723357477188
177.1281120008396,101.37824674130306,351.3825,97.47728092002869,351.9983879991604,124.98872072409765,177.744,128.889686545372
173.86102740630056,184.5962949466573,196.8225,184.534540766716,196.84147259369942,191.58894081987273,173.88,191.65069499981402
142.968,206.94743959665297,177.55886176694997,207.18241170394643,177.5025,215.47957561826706,142.91163823305004,215.2446035109736
246.73008050095677,330.7310551776566,274.1025,325.66847740745544,278.53241949904327,349.62023091700894,251.16,354.68280868721007
7.728,429.71604592645167,108.79788300460469,440.51638426257466,104.0865,484.6056446399689,3.0166169953953164,473.8053063038459
11.592,364.08944570124146,82.52541537370469,366.56331008002786,80.9025,413.0973607363701,9.969084626295306,410.6234963575837
142.91017355010882,198.91796108713902,189.09449999999998,198.5724163248539,189.15232644989115,206.3013010619565,142.968,206.64684582424164
32.69034447776059,200.54872806229017,80.9025,198.17869932460783,82.98815552223941,240.60601119862176,34.775999999999996,242.9760399363041
408.49791150783267,428.56263346150234,471.1665,422.7749038581848,476.1165884921673,476.37365154978914,413.448,482.1613811531067
455.05433686271203,47.497349860168676,505.9425,39.19494036483765,514.568163137288,92.0644300165403,463.68,100.36683951187133
-1.37987728103725,20.890496173614178,34.5345,14.71924876499176,43.64237728103725,67.72372569513925,7.728,73.89497310376167
393.556498141811,8.170400395209636,502.07849999999996,6.785727699279785,502.650001858189,51.576475649063745,394.128,52.96114834499359
11.592,88.37084908390045,92.18027173371682,94.83819149385312,88.6305,139.07119338798523,8.042228266283185,132.60385097803254
428.904,145.67298167037964,477.42579945409386,153.45461956556622,471.1665,192.48399576187134,422.6447005459061,184.70235786668474
138.93562496589095,170.93839270715844,208.4145,170.1756545920372,208.58287503410904,185.51317047304974,139.10399999999998,186.275908588171
