42.65062238573979,716.6375862498106,724.0,716.4839401145776,724.0160442809268,787.6328877091138,42.666666666666664,787.7865338443468
-15.956964113273457,172.89541419725012,105.33333333333333,63.66895039876302,142.62363077994013,105.07788292189052,21.333333333333332,214.3043467203776
-2.173876111515734,50.53250042941263,105.33333333333333,8.85979970296224,128.8405427781824,69.50368515306621,21.333333333333332,111.1763858795166
152.84913516594958,21.045691115627157,185.2,16.129652404785155,192.35086483405044,63.18718699716582,160.0,68.10322570800781
224.0,416.55723266601564,289.2335604713492,423.00892317423984,287.6,439.5259841918945,222.3664395286508,433.0742936836703
390.4,436.07938690185546,455.52572106748977,441.94124141730407,454.0,458.8921371459961,388.87427893251026,453.0302826305475
563.2,446.7549415588379,601.3119852930988,447.15341464726,601.2,457.86425552368166,563.0880147069012,457.46578243525954
224.0,434.06318359375,255.67563843937629,434.28421118845154,255.6,445.12401542663576,223.9243615606237,444.9029878319342
563.2,429.9574905395508,627.8059979357773,434.1456114271271,626.8,449.66414642333984,562.1940020642227,445.47602553576354
563.2,399.61946029663085,659.077587914054,400.8338718387959,658.8,422.74939117431643,562.922412085946,421.5349796321514
390.4,405.9162368774414,486.30214821522543,407.22008766427547,486.0,429.4439979553223,390.0978517847746,428.1401471684882
390.4,454.73729667663576,429.2699161076445,457.7953794848946,428.4,468.85249214172364,389.5300838923555,465.7944093334648
217.6,387.1671657562256,313.6358822528456,389.14653649925646,313.2,410.2948417663574,217.1641177471544,408.31547102332655
