-29.53146458989716,279.12095609585396,98.75,229.039146900177,188.28146458989713,458.36847004016283,60.0,508.45027923583984
351.0675079896694,396.57185188610254,458.75,381.0392165184021,467.6824920103306,442.9651535383969,360.0,458.4977889060974
253.55502843122088,325.7746830779732,458.75,308.69054555892944,465.19497156877907,386.1001166504204,260.0,403.1842541694641
40.0,462.7571105957031,208.4670557602343,549.8065702746638,98.75,762.1422863006592,-69.71705576023433,675.0928266216985
701.0955002669051,653.074102378875,719.625,649.3685417175293,726.529499733095,683.8942013015451,708.0,687.5997619628906
624.0,69.75671517848969,678.0859246904195,70.20131044470257,677.625,126.27374303340912,623.5390753095807,125.82914776719623
624.0,129.59851026535034,678.5311239269668,130.51064041140168,677.625,184.68268632888794,623.0938760730332,183.77055618283663
353.8333866185765,713.6526548149036,407.625,712.5502928495407,407.79161338142353,720.6804741142347,354.0,721.7828360795975
622.8087887006529,190.43426764103768,677.625,189.3045415878296,678.8162112993472,247.10412061122062,624.0,248.2338466644287
216.0,681.3811340332031,241.67651946449737,682.9154917808967,239.625,717.2463898658752,213.94848053550265,715.7120321181818
323.956315122888,697.7824101314128,425.625,697.4640810191631,425.668684877112,711.4162576630533,324.0,711.7345867753029
628.7290415720576,248.1192280181389,671.625,247.13121700286865,672.8959584279426,302.3117555252571,630.0,303.29976654052734
18.0,64.4822106398642,101.85443341633592,64.93322263688434,101.625,107.59064474701881,17.770566583664085,107.13963274999868
16.159193771551145,23.784152204041117,107.625,18.17919373512268,109.46580622844886,48.21881431912936,18.0,53.82377278804779
341.99318025626707,688.7813865878662,425.625,688.7164685055614,425.63181974373293,697.5021189487496,342.0,697.5670370310545
