160.4431790181743,266.8076423709713,225.23100000000002,266.1071749391556,225.36382098182574,278.39208870145455,160.576,279.09255613327025
145.136,303.1587591762543,240.87643434151988,304.97989087446376,240.67100000000002,315.7799736499787,144.93056565848013,313.9588419517692
135.872,249.4440612564087,246.93784442824207,250.1861823618852,246.847,263.78195946598055,135.78115557175798,263.03983836050406
282.69150093181287,271.0817608340146,336.399,256.76721060180665,340.89149906818716,273.62284948703035,287.184,287.9373997192383
144.88983093899645,14.49266757333094,154.207,14.315494346618653,154.45316906100356,27.261009882571162,145.136,27.43818310928345
298.08963114586476,302.50796128965663,327.135,294.790652882576,328.5813688541353,300.2343017108317,299.536,307.9516101179123
228.512,146.33643557167053,243.794100224481,146.43083527017868,243.75900000000001,152.1131113462448,228.476899775519,152.01871164773667
203.70762910661497,145.84952832680705,215.967,145.66749249458314,216.06737089338503,152.4270628158474,203.80800000000002,152.6090986480713
129.64493199764865,126.4278835686386,169.64700000000002,125.92458251190186,169.69806800235136,129.983436900264,129.696,130.48673795700074
291.96749655075917,297.27051740332195,330.223,287.02698724365234,331.61550344924086,292.227432761473,293.36,302.4709629211426
246.99179137849737,131.08595390631845,290.079,130.72141152381897,290.1272086215027,136.41944563935112,247.04000000000002,136.7839880218506
52.496,259.11418554687504,64.45549975346098,264.88234312722767,61.567,270.87125927734377,49.607500246539026,265.10310169699113
138.96,288.6423239660263,206.99624834948142,292.54001737659473,206.703,297.65881853199005,138.66675165051856,293.7611251214216
8.892092596056575,21.7060776391432,138.767,20.113232561111452,139.13890740394342,50.43723601641205,9.264000000000001,52.0300810944438
138.96,283.04238785457613,216.20409382039432,286.49440430500886,215.967,291.79973745441436,138.72290617960567,288.34772100398163
74.11200000000001,285.0820460586548,116.60834733792785,291.60613479338343,114.063,308.18591611862183,71.56665266207214,301.66182738389324
157.42668190845745,146.1648901202644,197.43900000000002,145.81408142948152,197.50031809154257,152.80786193728795,157.488,153.15867062807084
185.28,125.6710216240883,256.12966415658144,126.00154289561827,256.111,130.00234205579758,185.2613358434186,129.6718207842676
179.03200975041906,141.74749217911568,194.351,141.4613771905899,194.42299024958095,145.31583422927056,179.104,145.60194921779635
