11.849748487555654,695.5071748973296,749.625,691.4340866804123,749.7752515124444,718.6497622268781,12.0,722.7228504437953
24.0,722.4279211387038,749.6940361699938,724.3028360864016,749.625,751.0235878229141,23.930963830006217,749.1486728752164
660.0,83.12075757980347,691.0020342200364,84.7047412986895,689.625,111.65632009506226,658.6229657799637,110.07233637617624
-0.4470883925169007,169.5622573378036,53.625,126.78672695159912,66.0720883925169,142.52095766044164,12.0,185.29648804664612
626.6128678108654,141.8108237146223,749.625,130.3058795928955,753.0121321891347,166.52147074948905,630.0,178.02641487121582
613.3909335964864,24.446544849283043,743.625,10.15702772140503,748.2340664035137,52.163867748373214,618.0,66.45338487625122
347.9519229077741,50.12936677248614,563.625,49.80361497402191,563.673077092226,81.63439677445754,348.0,81.96014857292175
725.9875726904562,389.20333909940115,749.625,389.19659442454576,749.6374273095439,432.7494168062867,726.0,432.75616148114204
348.0,7.475590467453003,450.6155670313501,10.446946484082664,449.625,44.656107902526855,347.00943296864995,41.6847518858972
53.68000681504058,122.02226909022872,179.625,10.602049827575684,191.94499318495943,24.528081098980262,66.0,135.9483003616333
