649.2951347827989,595.1125617832114,729.2,525.5669479370117,745.5048652172011,544.3005241542886,665.6,613.8461380004883
504.3814156919043,276.8931599918211,556.4,239.73336639404297,570.4185843080957,259.3574503597414,518.4,296.51724395751955
504.3359724364162,42.05647928202144,556.4,4.028746032714844,570.4640275635837,23.28390157735356,518.4,61.31163482666015
616.3107190007224,416.243993596115,658.8,399.69578247070314,663.2892809992775,411.2224858960725,620.8,427.77069702148435
207.67200614664026,359.7344494916929,287.6,293.57029724121094,303.92799385335974,313.2949328325259,224.0,379.45908508300784
207.36275693422462,124.69283570710085,287.6,57.79644927978516,304.2372430657754,77.75158567961789,224.0,144.6479721069336
-9.864889798856595,358.88568409024884,70.0,291.1419876098633,86.2648897988566,310.3171094125588,6.4,378.06080589294436
-9.250580682347039,594.2167646382964,63.6,532.0574966430664,79.25058068234704,550.3999567056978,6.4,612.5592247009278
504.24558349723486,747.7089077136019,556.4,709.373193359375,570.5544165027652,728.6297885754606,518.4,766.9655029296875
-9.934604870165765,124.18648291982602,70.0,55.90692138671875,86.33460487016576,75.02977684579898,6.4,143.30933837890626
650.5593342418094,358.72098497126166,729.2,292.5387252807617,744.2406657581905,310.4107044818633,665.6,376.5929641723633
63.104322026267354,277.0488941876211,121.2,236.79908905029296,134.89567797373266,256.56712754089455,76.8,296.81693267822266
61.45590205459138,505.9676681395141,121.2,470.1379684448242,136.54409794540862,495.72342683118904,76.8,531.553126525879
62.55075776786705,747.7734007650326,121.2,706.6501693725586,135.44924223213295,726.972192496686,76.8,768.0954238891602
63.5859681051704,40.41553149271615,121.2,2.9447052001953127,134.4140318948296,23.262208985799475,76.8,60.733035278320315
722.3002970522176,277.0251856605103,780.4,237.0227294921875,794.0997029477824,256.9202244957397,736.0,296.9226806640625
722.800738037196,40.30321719511496,780.4,3.2437469482421877,793.599261962804,23.75855038301004,736.0,60.81802062988281
486.4,530.5568504333496,537.7925039863328,531.2017928383813,537.2,578.4157196044922,485.8074960136672,577.7707771994606
424.9333675490508,126.47177624246328,511.6,53.928733825683594,528.2666324509493,73.84023547628672,441.6,146.3832778930664
722.8977083291028,509.4458449463821,780.4,473.8005859375,793.5022916708972,494.9369675536179,736.0,530.5822265625
425.3668977582587,360.8344120545369,511.6,290.21716461181643,527.8331022417412,310.0399531798381,441.6,380.6572006225586
286.12601202316995,503.467649841133,332.4,477.2316040039062,347.07398797683004,503.11294097917954,300.8,529.3489868164063
511.707871534337,509.8150890132495,556.4,468.56702117919923,569.492128465663,482.7522937992505,524.8,524.0003616333008
774.4,759.883203125,803.8096085195623,763.4335034780179,799.6,798.3046203613281,770.1903914804377,794.7543200083103
435.2,388.56488342285155,475.32245769823487,433.71648645160406,460.4,446.97682800292966,420.27754230176515,401.8252249741772
334.55622231991276,506.5504434064227,396.4,445.3320678710937,407.44377768008724,456.4886679217023,345.6,517.7070434570312
563.1649498655295,755.1824501448066,748.4,755.0375842094421,748.4350501344705,799.8549762315363,563.2,799.9998421669006
458.716421788734,786.7376513619997,511.6,765.3634414672852,520.0835782112661,786.3533154348753,467.2,807.7275253295899
241.43233605221212,788.7973350444616,287.6,768.1366172790528,295.76766394778787,786.3877723774133,249.6,807.0484901428223
23.0237428163514,788.9647083532433,70.0,766.0686157226562,78.9762571836486,784.485337423124,32.0,807.3814300537109
280.6493714110222,277.6672206057061,338.8,237.99364166259767,352.5506285889778,258.1483067380439,294.4,297.82188568115237
279.98741632027065,748.8052084621982,338.8,707.7641326904297,353.21258367972933,728.4176186862394,294.4,769.4586944580078
280.3635854745006,42.50789190986857,338.8,2.5775115966796873,352.8364145254994,23.119207699506436,294.4,63.04958801269531
427.9646586435455,580.7631209003323,479.6,555.8894287109375,493.2353413564545,584.1950578106051,441.6,609.06875
206.4919724046499,585.37184950447,294.0,523.6901504516602,311.5080275953501,548.5288462963113,224.0,610.210545349121
128.0,479.4022018432617,176.45434137458702,495.3365251748348,172.4,507.66528472900393,123.94565862541299,491.73096139743086
642.8044566078237,126.45937902624262,729.2,56.954899597167966,745.5955433921763,77.33490808313238,659.2,146.83938751220703
723.5632130876827,743.2867476274056,780.4,709.1318710327148,792.8367869123174,729.8278031538445,736.0,763.9826797485351
