799.2746702092517,374.088599761163,905.0,372.99493312835693,905.7253297907484,443.1129462720605,800.0,444.2066129048666
799.5593492106854,440.20873909762196,905.0,439.5457128683726,905.4406507893148,509.6221351070137,800.0,510.28516133626306
560.0,14.594462712605795,958.391667343401,14.824920960656778,958.3333333333334,115.66654294729233,559.9416659899324,115.43608469924136
26.523584449210222,934.5459406400422,558.3333333333334,933.3748241265615,558.4764155507899,998.3491603769661,26.666666666666668,999.5202768904468
48.11496634426302,36.41948557323555,238.33333333333334,30.916546185811363,243.55170032240366,211.298189000027,53.333333333333336,216.80112838745117
863.9395805395407,981.572058824681,919.5,981.3767960071564,919.5604194604593,998.5686536749375,864.0,998.7639164924622
367.2851760114415,850.6862688876934,471.5,846.4087829589844,472.2148239885585,863.8244465969258,368.0,868.1019325256348
391.803985664265,670.4853012530317,455.5,669.9587786197662,455.696014335735,693.6715900929461,392.0,694.1981127262115
783.9997391907438,981.1555277556992,847.5,981.1543742585927,847.5002608092562,995.5119792343238,784.0,995.5131327314302
376.0,402.0220642089844,488.0795351234884,405.33921560268493,487.5,424.92048263549805,375.4204648765116,421.6033312417975
400.0,239.40173721313477,463.76728050439954,240.28970117114324,463.5,259.4838933944702,399.73271949560046,258.59592943646174
328.0,453.4743676185608,479.6186884929543,455.0153516706764,479.5,466.6932101249695,327.8813115070457,465.15222607285386
376.0,199.2555637359619,496.1200387144534,204.72707070936863,495.5,218.3392391204834,375.3799612855466,212.86773214707668
975.5861072943784,981.9960393786557,999.5,981.4067306518555,999.9138927056216,998.2023172497622,976.0,998.7916259765625
368.0,302.4079713821411,503.8511390041596,304.2419286301611,503.5,330.25269508361816,367.6488609958404,328.41873783559817
351.20300404941173,748.6808414433649,495.5,744.6213436126709,496.29699595058827,772.9509859110663,352.0,777.0104837417603
447.40387998531685,549.9637382966101,471.5,549.5470676422119,472.09612001468315,584.0207683104455,448.0,584.4374389648438
360.0,619.2284316420555,495.52762005053995,619.4791725467207,495.5,634.408047914505,359.97237994946005,634.1573070098398
720.0,938.8920783996582,762.2172110400899,941.0504152769442,759.5,994.1992416381836,717.2827889599101,992.0409047608975
