199.62458797420734,331.0654990323744,231.75,329.4749536514282,232.12541202579266,337.0574257723131,200.0,338.6479711532593
280.0,329.6662378311157,312.1088779791305,331.15195982022294,311.75,338.90789890289307,279.6411220208695,337.42217691378585
187.76019539475354,174.37098169501988,223.75,173.225821018219,223.98980460524646,180.76233625236782,188.0,181.9074969291687
90.32185499433471,261.8158432014532,147.75,252.89583253860474,149.42814500566527,263.6999401084833,92.0,272.6199507713318
114.76609698812226,358.797756543403,151.75,352.7584533691406,152.98390301187774,360.31471408342804,116.0,366.35401725769043
183.46747676661144,234.36748944714213,235.75,231.75480890274048,236.28252323338856,242.41116655871724,184.0,245.0238471031189
99.00831478935072,278.031868790507,139.75,272.44491386413574,140.74168521064928,279.67656817543536,100.0,285.26352310180664
280.0,250.76439023017883,315.87249811889353,251.3802939561174,315.75,258.5150349140167,279.87750188110647,257.8991311880782
284.0,174.18010902404785,320.3458768735079,176.83728943293886,319.75,184.9879093170166,283.4041231264921,182.3307289081256
364.0,246.74496841430664,417.31945604089276,254.85492331875167,415.75,265.1734199523926,362.43054395910724,257.06346504794755
191.68477878522847,251.5150865602178,227.75,249.87080359458923,228.06522121477153,256.78477344039254,192.0,258.4290564060211
203.82249346756865,219.5394292024681,239.75,218.5271565914154,239.92750653243135,224.82720564326553,204.0,225.83947825431824
380.0,189.701726436615,420.9060587764914,195.9296813283512,419.75,203.52283334732056,378.8439412235086,197.29487845558435
360.0,279.5318994522095,413.16394346371027,288.09914288995935,411.75,296.8733549118042,358.58605653628973,288.3061114740543
368.0,264.7112183570862,408.7401377311596,270.45815981752736,407.75,277.4772582054138,367.0098622688404,271.73031674497264
272.0,233.03268384933472,328.2837660277555,235.88221807239972,327.75,246.4251208305359,271.4662339722445,243.57558660747088
87.16439577043556,199.99667971145732,127.75,195.81615924835205,128.58560422956444,203.92842729080098,88.0,208.10894775390625
183.40865514263712,268.948793358843,239.75,265.0771312713623,240.34134485736288,273.68252187248027,184.0,277.55418395996094
272.0,266.2094373703003,324.2713043287694,269.37486598234545,323.75,277.9832601547241,271.4786956712306,274.81783154267896
360.0,343.54390501976013,393.26651426989366,350.47493510041096,391.75,357.75367188453674,358.48348573010634,350.8226418038859
0.0,24.166210174560547,491.7868652122048,24.614747888049077,491.75,65.03459799289703,-0.03686521220479259,64.5860602794085
94.75829356674717,295.5699721376442,147.75,288.1745433807373,148.99170643325283,297.07195081310044,96.0,304.4673795700073
299.99883771438715,375.43393726059793,327.75,375.42865170910954,327.75116228561285,381.5310947059691,300.0,381.5363802574575
166.70063220748955,442.8461876068948,451.75,359.95529556274414,461.04936779251045,391.93442915335913,176.0,474.82532119750977
271.1296257191951,194.53128819356533,335.75,192.28952980041504,336.6203742808049,217.3787240516129,272.0,219.62048244476318
115.08036783607722,243.66968712779413,147.75,239.25627899169922,148.66963216392278,246.06372656849493,116.0,250.47713470458984
388.0,237.19122886657715,424.8420801079631,243.7239225365621,423.75,249.88286781311035,386.9079198920369,243.3501741431254
364.0,208.74551486968994,433.1990458216258,212.7068148138014,431.75,238.01986598968506,362.5509541783742,234.0585660455736
176.56556577539433,198.15902793175783,239.75,189.03712272644043,243.18443422460567,212.82631790869627,180.0,221.94822311401367
154.1364714557056,400.27799591158,175.75,394.2206611633301,177.6135285442944,400.87002578641807,156.0,406.92736053466797
226.6257079241803,380.18456676379157,251.75,374.8624622821808,253.1242920758197,381.35014316662836,228.0,386.67224764823914
94.22894488460372,223.76058460754163,143.75,210.62712478637695,149.52105511539628,232.38747905212634,100.0,245.52093887329102
292.0,221.51835560798645,331.96685853336453,222.87202452693907,331.75,229.274738073349,291.78314146663547,227.92106915439638
