19.351642288461942,8.622970690997231,718.75,3.13681960105896,719.3983577115381,85.79227535235704,20.0,91.27842644229531
252.0,218.96783566474915,341.81301851682156,220.28113627165285,341.625,233.1392058134079,251.81198148317847,231.82590520650422
246.0,508.72383427619934,347.80361874576045,510.36298469176245,347.625,521.4565576314926,245.8213812542396,519.8174072159295
420.0,574.1487522125244,539.7548426761443,575.4328641067541,539.625,587.5418472290039,419.8701573238557,586.2577353347742
486.0,280.0980534553528,515.7117644388554,280.32055407478236,515.625,291.9066996574402,485.9132355611446,291.68419903801066
258.0,521.0794068574905,341.9280008215599,523.4703991504374,341.625,534.1062566041946,257.69699917844014,531.7152643112479
425.980645279426,410.3803185029893,485.625,410.2718234360218,485.644354720574,420.9119368688197,426.0,421.0204319357872
246.0,556.7416781187057,305.7512674210633,557.6016377764081,305.625,566.374884724617,245.87373257893674,565.5149250669148
252.0,208.9913524389267,335.6825285722784,209.53585720988218,335.625,218.3771688938141,251.94247142772164,217.83266412285863
424.70203048975037,209.0085288327232,455.625,206.27364349365234,456.9229695102497,220.9496048647866,426.0,223.68449020385742
276.0,574.7450577020645,299.83736139700835,575.2652684992406,299.625,584.9961994886398,275.7876386029917,584.4759886914637
424.83688010506546,284.0310839322644,473.625,279.18163776397705,474.78811989493454,290.8832694384021,426.0,295.73271560668945
636.0,73.36424589157104,744.03652115032,74.83380039414216,743.625,105.08739995956421,635.5884788496801,103.61784545699311
425.75450943729044,299.0473225509247,503.625,297.2550959587097,503.8704905627096,307.92142053493654,426.0,309.7136471271515
282.0,190.1284897327423,323.7430146629771,190.62139627793766,323.625,200.61576104164124,281.8819853370229,200.12285449644594
419.88664957563566,472.7419073947947,527.625,471.6204718351364,527.7383504243644,482.51025291595056,420.0,483.6316884756088
288.0,585.7661304473877,312.11389838074416,587.2255442307198,311.625,595.3036136627197,287.5111016192559,593.8441998793877
425.97026264509736,518.2964453392549,521.625,518.0248655676842,521.6547373549027,528.4988373822647,426.0,528.7704171538353
414.0,602.9763050079346,516.0475933325932,606.6163651770681,515.625,618.463595867157,413.5774066674069,614.8235356980234
425.6292940388821,458.55390259694906,527.625,455.24841356277466,527.995705961118,466.6870889954582,426.0,469.99257802963257
282.0,201.49050852656364,329.65688676831724,201.66870166675287,329.625,210.19666242599487,281.9681132316828,210.01846928580565
420.0,560.6360460519791,497.6624398688814,560.9091835109089,497.625,571.554634988308,419.96256013111866,571.2814975293783
419.70733492310706,267.19529037217336,497.625,265.16225802898407,497.91766507689294,276.3788918997841,420.0,278.4119242429733
424.98446663034196,332.4125462662599,473.625,328.2168617248535,474.64053336965804,339.9899309981444,426.0,344.1856155395508
419.9231238169184,394.1618580060538,503.625,393.54645895957947,503.7018761830816,404.002569989628,420.0,404.6179690361023
414.0,591.3267638683319,515.7742492094402,592.811361435373,515.625,603.0429060459137,413.8507507905598,601.5583084788727
419.3349129310204,236.11731912441704,503.625,231.22211587429047,504.29008706897963,242.67419336490184,420.0,247.56939661502838
419.9105783261979,362.6912175354329,503.625,361.9795446395874,503.7144216738022,372.4982587161693,420.0,373.20993161201477
425.89249388558824,250.99341316306464,455.625,250.6980550289154,455.7325061144118,261.520259784819,426.0,261.8156179189682
426.0,487.70240584015846,521.656945873912,487.9766266912646,521.625,499.1203625500202,425.968054126088,498.8461416989141
419.980225688368,424.65605032999144,515.625,424.48657697439194,515.644774311632,435.6464998219528,420.0,435.8159731775522
420.0,544.6589426770806,533.6334233184409,544.7454327829562,533.625,555.8122536689043,419.9915766815592,555.7257635630289
420.0,440.3854057788849,509.70813340455504,441.05017432941565,509.625,452.2687293291092,419.916866595445,451.6039607785785
269.82484212319844,477.9508952399941,323.625,477.4164047241211,323.80015787680156,495.0472534397392,270.0,495.5817439556122
329.09090561785337,545.0861915449055,347.625,543.6563873291016,348.53409438214663,555.4406868120282,330.0,556.870491027832
420.0,502.1303687095642,485.7184904361229,502.7007661896342,485.625,513.4722905158997,419.9065095638771,512.9018930358297
419.92750726003646,532.0155269530862,533.625,531.2116552591324,533.6974927399636,541.4648372503668,420.0,542.2687089443207
419.8229952154896,315.0277792968664,515.625,313.4847882986069,515.8020047845105,324.47475080109507,420.0,326.01774179935455
258.0,453.14314806461334,335.83561138706085,454.5608007086071,335.625,466.12432873249054,257.7893886129392,464.7066760884968
419.76673052704393,346.69577174988103,521.625,344.469478726387,521.8582694729562,355.1421191135376,420.0,357.36841213703156
420.0,375.37770652770996,467.8829910222912,376.3772107323935,467.625,388.7367203235626,419.74200897770885,387.7372161188791
