64.0,-4.234359343846639,724.6505402761858,0.9060805516679494,724.0,84.51366933186848,63.34945972381427,79.3732294363539
352.0,516.7146453857422,428.49861979292336,517.4978427135176,428.4,527.1305084228516,351.9013802070766,526.3473110950762
332.8,533.8109441757202,447.72649098734945,534.7960243896134,447.6,549.5533660888672,332.6735090126506,548.568285874974
313.5627104256892,385.8705951730364,473.2,385.66562685966494,473.23728957431086,414.70819677909674,313.6,414.91316509246826
332.8,499.98452072143556,447.6919289490021,500.82219697146354,447.6,513.4307605743409,332.708071050998,512.5930843243128
576.0,714.5692100524902,614.5882817027768,715.2495727808687,614.0,748.615274810791,575.4117182972232,747.9349120824126
473.2754176102415,656.1608398465285,530.8,655.5673892974853,531.1245823897585,687.0299373598925,473.6,687.6233879089356
588.8,675.1502693653107,665.2242869384744,675.1884849877449,665.2,723.7579400062561,588.7757130615256,723.7197243838218
487.87254851128574,684.0159300929248,550.0,676.8051361083984,554.9274514887143,719.259545981294,492.8,726.4703399658204
320.0,468.4430751800537,460.4981985855071,469.4609157157721,460.4,483.01581344604494,319.9018014144929,481.99797291032655
313.6,421.9239646911621,467.2616312725762,424.44006162135247,466.8,452.6325424194336,313.13836872742377,450.11644548924323
