227.63330854211094,369.087885087138,478.75,304.0255117416382,511.116691457889,428.9489667957966,260.0,494.0113401412964
12.27699431898159,337.61268918769275,138.75,330.3488075733185,146.4730056810184,464.81572116358365,20.0,472.0796027779579
-16.653468948475673,474.2742018150915,78.75,463.2128965854645,95.40346894847568,606.8486316752802,0.0,617.9099369049072
-3.278774165762442,615.2713549588148,138.75,611.8577796220779,142.02877416576243,748.277875735956,0.0,751.6914510726929
312.0,463.048043936491,491.8011533643692,463.6688984565308,491.625,514.6833906769753,311.8238466356308,514.0625361569355
62.573550469322115,477.0797612405604,155.625,471.15309405326843,159.0514495306779,524.9499558471853,66.0,530.8766230344772
588.0,374.97740936279297,720.1427709748635,376.56770529272035,719.625,419.5909502506256,587.4822290251365,418.0006543206983
522.0,609.6372156143188,666.9188246762402,614.3191455859867,665.625,654.3666372299194,520.7061753237598,649.6847072582516
378.0,296.5752347074449,485.63361232003746,296.6050344559027,485.625,327.71184454858303,377.9913876799626,327.68204480012525
533.5729566674559,719.2376250684121,677.625,716.7680525779724,678.0520433325443,741.6778152525567,534.0,744.1473877429962
