212.7231277228731,13.694535206832866,439.1666666666667,11.184439659118652,439.7768722771269,66.23298872403466,213.33333333333334,68.74308427174887
284.0,455.21954441070557,372.1538511469374,458.75879445519223,371.75,468.8177146911621,283.5961488530626,465.27846464667545
118.80399790726302,451.1097984620599,215.75,444.6443796157837,216.946002092737,462.5778846434088,120.0,469.04330348968506
268.0,386.9601402282715,392.5176611501762,391.458510354497,391.75,412.7078447341919,267.2323388498238,408.2094746079664
296.0,192.71008586883545,384.3016632506529,197.098809587977,383.75,208.19834232330322,295.4483367493471,203.80961860416167
121.5942434452482,199.46732528451616,211.75,182.4127459526062,214.1557565547518,195.13031570669477,124.0,212.18489503860474
99.57825822066893,386.4923983372022,127.75,357.0848388671875,136.17174177933106,365.152666970415,108.0,394.5602264404297
137.86662387647823,253.6599529566886,219.75,239.0424861907959,221.88337612352177,250.9931232151864,140.0,265.6105899810791
130.45276302628406,389.4606740168472,191.75,385.0721244812012,193.29723697371594,406.6832173176865,132.0,411.0717668533325
84.0,59.89159208536148,159.7957284710304,60.17868357360459,159.75,72.25156944990158,83.9542715289696,71.96447796165847
107.32281876083822,430.88008459153315,211.75,426.01436042785645,212.4271812391618,440.5478862946973,108.0,445.413610458374
122.40968636974569,245.3403974739137,227.75,226.80471992492676,229.34031363025431,235.8426488670287,124.0,254.37832641601562
134.3315373222424,231.73588087066472,211.75,218.73405504226685,213.4184626777576,228.66879938141048,136.0,241.67062520980835
19.8871442744747,59.784702863260925,71.75,59.32984447479248,71.8628557255253,72.19763005180675,20.0,72.65248844027519
203.97051672319816,69.52206578342356,439.75,69.2971220612526,439.77948327680184,100.2006374052342,204.0,100.42558112740517
164.0,17.31411647796631,176.26381911703328,17.751806996414448,175.75,32.14870262145996,163.48618088296672,31.71101210301182
122.51240939484221,411.2981049047763,199.75,405.7465887069702,201.2375906051578,426.44326148163725,124.0,431.99477767944336
180.0,354.45618772506714,215.2628999813684,379.26660482374166,207.75,389.9446454048157,172.4871000186316,365.13422830614115
19.16752239495488,22.623370063895255,163.75,19.24962306022644,164.5824776050451,54.92558647931191,20.0,58.29933348298073
