57.51452167827519,28.43961793546349,363.59999999999997,27.94586441516876,363.68547832172476,80.93520406718582,57.599999999999994,81.42895758748054
86.12114171591809,346.77716935485887,172.44,345.63140785217286,172.71885828408193,366.63990626007035,86.4,367.78566776275636
224.64000000000001,298.3970321273804,310.7623153723865,298.73154660102415,310.68,319.92402411460876,224.55768462761353,319.589509640965
443.52000000000004,493.8095111846924,588.2863509142694,500.97852498803235,587.16,523.723314743042,442.39364908573066,516.5543009397021
587.52,132.31214469909668,679.3963233268134,132.7897174833716,679.32,147.47293830871584,587.4436766731866,146.99536552444093
449.28000000000003,381.61471687316896,587.4089613209665,384.1182164128803,587.16,397.85449562072756,449.0310386790336,395.35099608101615
455.04,530.8173090362549,576.1281808615698,536.1095284031203,575.64,547.2793096160889,454.5518191384302,541.9870902492236
63.36,99.05170880556106,489.3690781196101,100.32914670697868,489.24,143.37503620147706,63.230921880389914,142.09759830005945
567.6700042237628,411.05739074993977,598.6800000000001,408.90882293701173,601.2499957762373,446.0012329072868,570.24,448.14980072021484
460.8,543.159009475708,564.6857894406561,548.5529057122072,564.12,559.4499419403077,460.2342105593439,554.0560457038084
120.96000000000001,161.65575550496578,391.3286800991807,161.7553715846491,391.32,185.3140878689289,120.95131990081931,185.21447178924558
437.76,469.60832290649415,622.804828180557,477.3882695122117,621.72,503.19074020385744,436.67517181944305,495.4107935981399
374.40000000000003,586.2689875030518,431.9861755967204,587.9074426994011,431.64000000000004,600.0743476867676,374.05382440327963,598.4358924904183
679.6800000000001,35.60331047058106,700.2274712592315,58.905472405577235,690.84,67.18319343566895,670.2925287407685,43.88103150067277
460.8,624.6868057250977,553.5847053560257,632.8501672981524,552.6,644.0423208618164,459.81529464397437,635.8789592887617
523.3778617439266,588.0938847679348,592.9200000000001,582.1145655441285,593.7021382560735,591.2111808448582,524.16,597.1905000686646
460.8,553.6899230575561,558.9473149852562,559.2395376731878,558.36,569.626455116272,460.21268501474384,564.0768405006404
466.56,446.06045516967777,558.8799682537842,450.30891645337186,558.36,461.60793731689455,466.04003174621585,457.3594760332004
523.261498022031,622.5506558466699,587.16,614.9769272232056,588.0585019779691,622.5574642705176,524.16,630.131192893982
455.04,579.5051989746094,478.3439385865105,581.3371077444017,477.72,589.2743078613281,454.41606141348956,587.4423990915358
432.0,426.26126197814943,570.1568135335599,428.13019054250975,569.88,448.5930784606934,431.7231864664401,446.724149896333
