146.97789485714156,763.7581439788034,230.0,763.0717485427856,230.22210514285842,789.9361994927236,147.2,790.6225949287415
243.2,385.9402687072754,320.3657010462663,388.3815146838374,319.6,412.5846710205078,242.4342989537337,410.1434250439458
614.215815796429,695.0629743031983,742.0,693.422265625,742.184184203571,707.7671816416259,614.4,709.4078903198242
319.22686622465744,571.3681329303201,409.2,568.8589126586915,409.97313377534255,596.5811773724142,320.0,599.0903976440429
594.43274845878,664.6025434253826,646.0,661.9263885498046,646.76725154122,676.710679841219,595.2,679.3868347167969
678.4,156.6059455871582,780.706435318251,157.56245515260014,780.4,190.33819122314452,678.0935646817491,189.3816816577026
102.06108416175184,17.816127119788824,268.4,16.392983818054198,268.73891583824815,56.00592583583862,102.4,57.429069137573244
678.3856469456606,549.8839799781796,735.6,549.7874601364135,735.6143530543394,558.2955627540592,678.4,558.3920825958252
672.0,208.67635040283204,787.1839360132856,209.7836247435508,786.8,249.72247238159179,671.6160639867145,248.61519804087303
665.6,709.7669504165649,729.2104398786361,709.8465646754983,729.2,718.1878502845764,665.589560121364,718.1082360256431
31.766482667607466,20.332456125282153,63.6,20.118112325668335,63.83351733239253,54.79920905683149,32.0,55.013552856445315
678.4,728.0322444915771,722.8990592551501,728.5941788535513,722.8,736.4385890960693,678.30094074485,735.8766547340952
588.6922161736717,548.7518323921917,646.0,548.5153379440308,646.1077838263284,574.6337194419148,588.8,574.8702138900757
588.8,574.8318210601807,646.0218379539505,574.8771441337254,646.0,602.4482633113861,588.7781620460495,602.4029402378413
563.2,230.33539314270018,665.2650228545699,230.65772545261657,665.2,251.24690914154053,563.1349771454301,250.92457683162417
