63.171320708570235,167.0309837174953,239.0,164.52550411224365,239.82867929142978,222.6802721905171,64.0,225.18575179576874
68.72774331942563,231.84473136094988,142.46153846153845,231.10233879089355,142.65687206518976,250.5027052505191,68.92307692307692,251.2450978205754
551.3846153846154,228.90035423865686,621.7244681566458,241.17103369713416,620.0,251.05629202035757,549.6601472279697,238.78561256188024
68.71986436461358,254.21803500138927,226.15384615384616,252.49305167564978,226.35705871230948,271.0396438374873,68.92307692307692,272.7646271632268
78.76923076923077,429.0688175788292,103.16636640868029,429.2849579300413,103.07692307692308,439.380995456989,78.67978743747356,439.16485510577695
78.76923076923077,463.2229266533485,98.42265322923085,463.6787106197993,98.15384615384616,475.2696822239802,78.50042369384609,474.81389825752944
561.2307692307693,213.17311213566705,617.597467994976,221.63731742986758,615.0769230769231,238.4226848895733,558.7102243127163,229.9584795953728
142.54534802358503,82.81554595070006,221.23076923076923,81.79251362727238,221.45465197641494,99.01221210476682,142.76923076923077,100.03524442819449
73.84615384615384,530.0746547625615,108.0144518862559,530.1248828700975,108.0,539.9559591550094,73.83170195989794,539.9057310474734
78.76923076923077,377.6898439847506,103.07839591699567,377.6933678047717,103.07692307692308,387.85379380446216,78.76775792915818,387.85026998444107
580.9230769230769,205.44086544330304,605.2477638681823,205.50053950975777,605.2307692307693,212.42799157362717,580.9060822856637,212.36831750717243
73.80301231909398,479.3615516604357,103.07692307692308,479.23386375720685,103.12006460398294,489.12455176422344,73.84615384615384,489.2522396674523
122.94380045862252,99.93296123312567,236.0,98.86082194401668,236.13312261830058,112.89849172344078,123.07692307692308,113.97063101254977
