466.1333333333333,45.34859908421834,749.3510375763531,48.69355918862253,748.6,112.283895556132,465.3822957569802,108.93893545172782
358.71999999999997,419.9372546958923,455.7920185224751,421.2052448248528,455.61999999999995,434.3742631149292,358.5479814775248,433.1062729859687
431.67999999999995,514.7243722724915,486.1097943518691,515.1502072497087,486.02,526.6276301193237,431.59020564813085,526.2017951421063
431.67999999999995,543.4103061866759,473.9582429858924,543.8022940619552,473.85999999999996,554.3983892250061,431.58175701410755,554.0064013497268
334.4,434.02095432281493,474.01957516985107,435.6132958386239,473.85999999999996,449.6051544952392,334.2404248301489,448.01281297943024
431.66584503439356,483.7047776012845,467.78,483.66160612821574,467.79415496560637,495.50263412900495,431.67999999999995,495.54580560207364
297.91999999999996,527.3206882858276,364.5651762734733,528.2718459108112,364.41999999999996,538.4439752006531,297.7748237265267,537.4928175756694
297.91999999999996,538.7733970069885,365.2549431997862,543.6769006755216,364.41999999999996,555.1423459434509,297.0850568002137,550.2388422749178
297.91999999999996,496.1105435180664,377.32059961815725,501.0434300388045,376.58,512.9642503356934,297.1794003818427,508.03136381495517
492.24219780903036,421.22522889518007,516.42,420.9769430541992,516.6578021909696,444.1338589344097,492.47999999999996,444.3821447753906
407.35999999999996,557.5151165270805,516.431078713012,557.6635597279484,516.42,565.8038259840012,407.348921286988,565.6553827831332
291.84,460.6104970169067,522.7936063629122,464.9481155634271,522.5,480.58099052429196,291.54639363708776,476.2433719777715
297.91999999999996,513.4574698066712,346.31013598988204,514.0583532502051,346.17999999999995,524.5384194183349,297.7898640101179,523.9375359748009
605.9065425163043,27.540858294036276,644.0999999999999,-4.9191071319580075,652.2734574836957,4.698050397369975,614.0799999999999,37.15801582336425
431.67999999999995,500.0310373687744,468.11655008671215,501.06084401133415,467.78,512.9686367797851,431.34344991328777,511.93883013722535
431.67999999999995,526.3325323104858,474.92212957215656,529.9871823267051,473.85999999999996,542.5543896865844,430.6178704278434,538.8997396703651
297.91999999999996,481.851891670227,340.5497291588119,483.4783416998633,340.09999999999997,495.2658739852905,297.4702708411881,493.6394239556542
346.56,561.7978572654723,437.6249061478492,564.5829122400708,437.38,572.5907812309265,346.3150938521508,569.8057262563281
