90.0,112.49174249245698,1378.1265160697283,112.50418229706891,1378.125,269.49134391878033,89.99848393027176,269.47890411416836
1050.0,608.8455587625504,1318.1339119580368,608.886575027169,1318.125,667.1463457262143,1049.9910880419632,667.1053294615957
60.0,923.8626162847504,658.4799495891926,925.2832656152767,658.125,1074.8136301338673,59.64505041080739,1073.3929808033408
180.0,648.5058948397636,510.7694731622626,662.8624305929608,508.125,723.7901508808136,177.3555268377374,709.4336151276165
179.5340554858928,508.30575660354697,478.125,506.6616368293762,478.5909445141072,591.2824866872351,180.0,592.9266064614058
1050.0,665.4240940511227,1318.406880433637,666.6650924474317,1318.125,727.6310437917709,1049.718119566363,726.3900453954619
839.6367073661758,928.3582307776181,1468.125,926.8243338167667,1468.4882926338244,1075.6773356715473,840.0,1077.2112326323986
1050.0,439.13421750068665,1260.313375241405,446.1816131196497,1258.125,511.48865818977356,1047.811624758595,504.4412625708106
389.6855982549108,782.0857632401561,1018.125,779.5562182366848,1018.4394017450892,857.6660934594298,390.0,860.1956384629011
1106.5568692342094,514.0774164292724,1282.5,510.32121364886945,1283.6354384580982,563.5059347059815,1107.6923076923076,567.2621374863844
119.53953186408627,434.3616981170626,387.1153846153846,430.2728979404156,387.5758527512983,460.40646984633213,120.0,464.4952700229791
147.69230769230768,529.8288392103635,212.66159890124766,531.0769612034816,211.73076923076923,579.5300325063558,146.76147802182925,578.2819105132378
184.6153846153846,602.3461169462937,525.9887253539111,605.260075079047,525.5769230769231,653.5031563502091,184.20358233839647,650.5891982174559
608.3729756691326,612.258115898404,950.1923076923076,605.7941634838397,951.0501012539443,651.1550206571943,609.2307692307692,657.6189730717585
125.78736079812421,481.0406921306327,470.1923076923077,456.76077989431525,473.63571612495275,505.60473315235913,129.23076923076923,529.8846453886765
662.3350950657275,445.9718824670707,867.1153846153846,433.8636016845703,869.3956741650417,472.4288086386985,664.6153846153846,484.5370894211989
581.5384615384615,663.9804273385267,941.5742145754506,668.4987659541949,940.9615384615385,717.3187692348773,580.9257854245493,712.8004306192092
