127.53022647690864,80.47465572947738,276.0,79.3198429743449,276.46977352309136,139.71679327692115,128.0,140.87160603205362
42.666666666666664,275.8265851338704,384.13457657348226,281.53815624037526,382.6666666666667,369.29756927490234,41.198756759851086,363.5859981683975
600.301200291127,446.15095883626,652.4,441.0170837402344,653.698799708873,454.1973626969431,601.6,459.33123779296875
62.30609962966359,489.0450427538118,172.4,481.0978302001953,174.0939003703364,504.56368031442554,64.0,512.510892868042
85.57768051808895,609.135707989815,191.6,567.2460723876953,195.62231948191103,577.426529559013,89.6,619.3161651611329
40.98001719526497,518.2334805902773,63.6,512.6927307128906,73.81998280473502,554.4155733648008,51.2,559.9563232421875
104.63226125673778,614.6260669645364,178.8,584.8063781738281,182.96773874326223,595.1724071565573,108.8,624.9920959472656
479.98447674028756,542.7934160614088,575.6,542.5864107131958,575.6155232597124,549.7565858459398,480.0,549.9635911941529
550.0113204731115,314.8469203959975,614.0,313.68150863647463,614.3886795268885,335.02254066357284,550.4,336.1879524230957
127.84659880428168,380.089144601694,306.8,378.83477954864503,306.9534011957183,400.71968909276404,128.0,401.974054145813
632.7018709326319,452.2978290002244,678.0,449.2638427734375,678.8981290673681,462.67312131715846,633.6,465.7071075439453
57.500935660639485,570.1256767755497,178.8,524.8892395019532,191.69906433936052,559.4773841375363,70.4,604.7138214111328
281.6,80.76310195922852,300.64223502374386,81.09409704135632,300.4,95.02994232177734,281.35776497625614,94.69894723964954
537.6,402.549714422226,620.4093104903055,402.63278893854425,620.4,411.91355657577515,537.5906895096945,411.83048205945687
475.1404174355724,477.7170418725101,511.6,462.14478530883787,516.4595825644276,473.5226065649899,480.0,489.0948631286621
588.8,556.0237836837769,646.0286058281812,556.2370069096276,646.0,563.9147430419922,588.7713941718188,563.7015198161415
657.8269198687956,532.9175572982675,678.0,527.3356079101562,685.7730801312043,555.4274011978262,665.6,561.0093505859375
498.44089478698845,358.4308585706352,658.8,355.5319190979004,659.5591052130115,397.5229416307808,499.2,400.4218811035156
