20.0,635.2574635460041,738.8365007680551,635.9138674407214,738.75,730.6419912725687,19.91349923194487,729.9855873778513
491.3334108845948,167.36453862053006,605.625,163.29651188850403,606.2915891154053,182.0243950380698,492.0,186.09242177009583
257.17728015788555,328.38615731912944,641.625,319.9535450935364,642.4477198421145,357.46182353776607,258.0,365.89443576335907
510.0,205.9045190513134,563.646478011888,205.9872741021134,563.625,219.91052931547165,509.9785219881121,219.82777426467166
269.9073849032,561.2185283112192,431.625,559.9050031900406,431.71761509680005,571.3075202298498,270.0,572.6210453510284
504.0,89.55870366096497,619.1419151915223,100.12749899239996,617.625,116.65355658531189,502.4830848084777,106.0847612538769
276.0,604.8201339840889,323.6736656604883,605.1178226059452,323.625,612.9114373326302,275.95133433951173,612.613748710774
252.0,76.57565295696259,270.07385207142903,77.51275311090215,269.625,86.16976368427277,251.551147928571,85.2326635303332
263.5072021548547,251.30987268645384,419.625,246.65247774124146,420.11779784514533,263.171264589242,264.0,267.82865953445435
485.6695235638975,121.3117042821918,569.625,120.60159516334534,569.9554764361026,159.67348694381377,486.0,160.38359606266022
420.5873129323831,82.40720468492673,491.625,57.4255850315094,497.03768706761696,72.81709188489751,426.0,97.79871153831482
462.0,10.584880828857422,520.8046347659857,46.52349317703835,503.625,74.63370895385742,444.8203652340143,38.695096605676504
30.0,344.67439679056406,59.753030188280206,345.0382836728029,59.625,355.5066084265709,29.871969811719797,355.1427215443321
269.9191317552441,573.5445354558142,419.625,572.5342481732368,419.705868244756,584.5174246453136,270.0,585.5277119278908
269.8135320160593,548.6353157752745,431.625,546.1122601032257,431.8114679839407,558.071036339403,270.0,560.5940920114517
232.92302725248544,101.78800970989883,299.625,99.51191568374634,300.7019727475146,131.07309287112537,234.0,133.34918689727783
420.0,101.73241138458252,479.97707662089425,102.32053419960793,479.625,138.2254947423935,419.64792337910575,137.6373719273681
547.5575479491032,36.223214987278126,617.625,18.964237689971924,628.0674520508969,61.35817539358125,558.0,78.61715269088745
501.0553118285547,71.50004932818223,545.625,52.30033206939697,554.5696881714454,73.06428172650529,510.0,92.26399898529053
108.0,382.1178538799286,162.82495353794678,388.5031679623195,161.625,398.806090593338,106.80004646205325,392.4207765109471
262.99306869068704,287.9609418120244,329.625,284.2983090877533,330.631931309313,302.61676547862504,264.0,306.2793982028961
270.0,590.7959142923355,335.7704308553487,591.5372979373307,335.625,604.4389178752899,269.8545691446513,603.6975342302949
257.29257146432525,311.0630450722853,389.625,306.7872984409332,390.33242853567475,328.6818923476061,258.0,332.95763897895813
569.3086385663491,145.68170858614602,611.625,143.95393109321594,612.316361433651,160.88660930402125,570.0,162.6143867969513
11.890680307249593,0.5090421200860916,431.625,-1.4460346698760986,431.73431969275043,22.023747745422586,12.0,23.978824535384774
521.9459973887434,233.5732636084303,545.625,233.40115213394165,545.6790026112566,240.8308018813387,522.0,241.00291335582733
275.98505720765934,610.5249583800772,323.625,610.4331015497446,323.63994279234066,618.1829201499482,276.0,618.2747769802809
515.9040251596771,221.09226285642305,557.625,220.69552338123322,557.720974840323,230.78820169740996,516.0,231.1849411725998
