0.0,728.4028981526693,382.8734327841082,729.746870567451,382.6666666666667,788.6507976849874,-0.20676611744152007,787.3068252702056
576.0,14.991143544514975,746.2156459961985,17.602377083112803,745.3333333333334,75.11673482259114,575.1176873371347,72.50550128399333
619.144674286444,476.8145579146355,729.2,462.14375,730.855325713556,474.5614308548958,620.8,489.23223876953125
70.38105387102415,463.11514898689666,326.0,462.9567455768585,326.01894612897587,493.5305161848458,70.4,493.68891959488394
70.3254113061956,402.19028079919315,294.0,401.6452877521515,294.0745886938044,432.2577799636891,70.4,432.80277301073073
396.8,457.3762393951416,486.6867165985512,462.3027210322167,486.0,474.83229179382323,396.1132834014489,469.90581015674815
70.4,343.7657853633165,358.01219886375554,343.8817289057178,358.0,374.1425089001656,70.38780113624442,374.0265653577643
396.8,424.7165977478027,493.5469245719647,432.21821787099344,492.4,447.0098793029785,395.6530754280353,439.50825917978784
70.4,286.0591052889824,191.62114843030562,286.14269657552,191.6,316.8114075779915,70.37885156969438,316.7278162914539
396.8,514.6537113189697,486.39576101310485,517.5173753610635,486.0,529.8995922088623,396.40423898689517,527.0359281667686
612.6463612950713,463.2152050996536,735.6,446.59917678833006,737.3536387049287,459.5755785917527,614.4,476.19160690307615
435.2,748.4072949886322,793.2411662942993,748.7887598895925,793.2,787.4272505760193,435.15883370570066,787.0457856750589
70.33292774145175,522.1098735163187,262.0,521.6902690887451,262.06707225854825,552.3275612165953,70.4,552.7471656441688
147.1694070236563,42.135227243003946,204.4,42.07663631439209,204.4305929763437,71.95931983798971,147.2,72.01791076660156
146.68516731999256,78.76923018182517,204.4,77.78506240844726,204.91483268000744,107.9765427521348,147.2,108.9607105255127
435.2,237.32740783691406,506.4182308258761,240.67662789405853,505.2,266.5812393188477,433.98176917412394,263.23201926170316
582.4,200.40032348632812,717.6830861187332,205.1536874902822,716.4,241.67095184326172,581.1169138812668,236.91758783930763
396.8,473.4088020324707,512.040852968236,477.54245740031786,511.6,489.83285598754884,396.3591470317641,485.6992006197017
619.4699000322425,497.8393529684366,690.8,490.2208557128906,692.1300999677575,502.6742517678916,620.8,510.2927490234375
44.8,149.42028613090514,249.2372621102304,149.57499709695747,249.2,198.8136773943901,44.76273788976958,198.6589664283378
396.8,671.3587951660156,525.4626901798295,679.3549973112378,524.4,696.4541870117188,395.73730982017054,688.4579848664966
748.8567604784128,295.5790103322383,786.8,287.1259765625,793.1432395215872,315.59895597635546,755.2,324.05198974609374
396.8,370.1469451904297,716.8265638655689,374.1646584995184,716.4,408.1421371459961,396.3734361344311,404.12442383690734
396.8,408.46111526489256,589.1247182091281,418.0666896627351,588.4,432.57714157104493,396.0752817908719,422.9715671732024
619.3834184205969,512.3630837765273,690.8,504.56651000976564,692.2165815794032,517.5423910769883,620.8,525.33896484375
396.8,501.03195152282717,473.4806065579807,502.7917100051257,473.2,515.0190021514893,396.51939344201935,513.2592436691907
25.6,51.22414534091949,127.82187306728883,52.17551112244216,127.6,76.01521711349487,25.378126932711176,75.0638513319722
409.6,206.35420913696288,531.619179413051,209.9358250709275,530.8,237.84378662109376,408.780820586949,234.26217068712913
746.8398220546133,342.97279473825336,774.0,319.3965492248535,782.3601779453868,329.0275958867466,755.2,352.6038414001465
396.8,578.4541015625,415.8205460601638,578.7861978123374,415.6,591.4177963256836,396.5794539398362,591.0857000758463
396.7842548081821,591.4041824598431,422.0,591.3762680053711,422.0157451918179,605.5992486219287,396.8,605.6271630764007
44.8,76.25915632247924,108.61828268915761,76.89029751288588,108.4,98.9621042251587,44.58171731084241,98.33096303475206
37.55290688879147,207.67090040018175,153.2,205.49273567199708,154.04709311120854,250.46814760396865,38.4,252.64631233215331
396.8,298.27051849365233,718.2622833367071,310.51650267219543,716.4,359.40223083496096,394.93771666329286,347.15624665641786
