20.280126084187767,137.87014491563679,297.3333333333333,133.92092418670654,298.3865405824789,207.80751252963503,21.333333333333332,211.75673325856528
490.6666666666667,241.62927945454916,788.4153090371616,242.81745415501973,788.0,346.8911244074504,490.2513576295051,345.7029497069798
41.0697733132734,32.269776362030655,233.33333333333334,28.144802729288738,234.93022668672663,102.57543633595213,42.666666666666664,106.70040996869405
490.6666666666667,59.920217514038086,788.1068098937677,60.36486428028288,788.0,131.81382671991983,490.55985677289897,131.36917995367506
262.4,538.449201965332,339.27716328055124,540.4702829959142,338.8,558.620450592041,261.9228367194488,556.5993695614588
422.1614834820408,568.1376949381472,466.8,567.2615673065186,467.03851651795924,579.4139331746458,422.4,580.2900608062744
524.6027223207738,566.0896491045437,588.4,565.061697769165,588.5972776792262,577.3052529340305,524.8,578.3332042694092
388.49145140021466,100.08592658221735,479.6,96.45911102294922,481.50854859978534,144.4033998948334,390.4,148.03021545410155
268.5550740115211,571.9496284118779,287.6,571.5671955108643,287.84492598847885,583.7643608459346,268.8,584.1467937469482
390.17635792053113,567.9605982755629,409.2,567.6399139404297,409.42364207946883,580.9068135286363,390.4,581.2274978637695
390.4,46.113562965393065,473.5661443738533,46.793256524856886,473.2,91.59405746459962,390.03385562614665,90.91436390513579
569.4889334083748,506.0723572895222,690.8,505.30433921813966,690.9110665916253,522.8476851299114,569.6,523.615703201294
364.6553653096325,539.9207599391523,492.4,538.7897323608398,492.54463469036745,555.1255901585039,364.8,556.2566177368165
371.2,500.04964141845704,390.0698221292061,500.1474658518738,390.0,513.6157897949219,371.1301778707939,513.5179653615052
230.4,512.9572881698608,499.028025052837,516.1642907168755,498.8,535.2643440246582,230.17197494716297,532.0573414776435
191.87914636660855,498.07511617498113,230.0,497.66744289398196,230.12085363339148,508.9682660882025,192.0,509.37593936920166
300.74591651409287,571.1800576225653,319.6,571.1047546386719,319.6540834859071,584.6459784492121,300.8,584.7212814331054
313.4811727698267,499.90351635358445,358.0,499.51907901763917,358.11882723017334,513.2795763359297,313.6,513.664013671875
620.4839952081574,564.9283117456848,658.8,564.0142669677734,659.1160047918427,577.2609277562683,620.8,578.1749725341797
358.3800288362029,569.9608031819557,377.2,569.9342399597168,377.21997116379714,584.0837555338646,358.4,584.1103187561035
575.1521797642058,529.8022827395067,690.8,526.8494094848633,691.6478202357941,560.0538696042433,576.0,563.0067428588867
