443.63919910105477,1044.636584754002,1056.0,1043.6983898162841,1056.0941342322787,1105.1399000533304,443.73333333333335,1106.0780949910481
443.5791950629457,1118.9134658875048,748.8,1118.1507747650146,748.9541382703876,1179.8352569518506,443.73333333333335,1180.5979480743408
443.44666106641336,971.570330850269,748.8,970.0232612609864,749.0866722669199,1026.605288656567,443.73333333333335,1028.1523582458497
443.71443552019286,766.6690407855572,1124.2666666666667,766.5295784473419,1124.2855644798071,858.7476572569944,443.73333333333335,858.8871195952098
460.8,619.386689453125,501.6950353828844,620.8641402864521,501.12,636.7808068847656,460.22496461711563,635.3033560514385
449.74324275278843,474.4778125682691,572.8,470.49691284179687,573.6167572472116,495.7443456348559,450.56,499.7252453613281
460.3612378225247,645.2005001592468,562.56,641.9644464111328,562.9987621774753,655.8211233759096,460.8,659.0571771240234
603.2202749049947,504.5471151372378,664.96,502.21484375,665.8997250950052,527.0911807611997,604.16,529.4234521484375
449.6728684823956,516.1221656719231,511.36,514.2154467773438,512.2471315176044,542.9163731464363,450.56,544.8230920410156
604.16,580.5648411560059,675.25611103528,580.786633021626,675.2,598.7732096862793,604.10388896472,598.5514178206591
602.7960210430314,457.90786380026475,736.64,451.64671630859374,738.0039789569687,480.804370086454,604.16,487.065517578125
614.149915820984,663.0637238516895,705.92,661.8405737304688,706.1700841790159,680.6038030037794,614.4,681.826953125
276.2837387506575,897.7681681520273,368.0,896.5132513427734,368.1962612493425,910.857108947582,276.48,912.1120257568359
214.9982104661809,817.0296894747323,306.56,816.7204598236084,306.6017895338191,829.0941907590324,215.04,829.4034204101563
460.4075655081956,673.9915257937174,552.32,672.137328491211,552.7124344918044,691.5902796262044,460.8,693.444476928711
253.38175044459365,443.1012065917228,368.0,401.63016845703123,380.85824955540636,437.1679828614022,266.24,478.63902099609373
450.56,593.1984643554688,532.4403817305275,595.6449848254736,531.84,615.7386181640625,449.95961826947246,613.2920976940577
235.51400408670327,879.3467649170993,337.28,879.3045233440399,337.28599591329674,893.7495367243649,235.52,893.7917782974243
204.8,1055.1448828125,245.51582795312706,1055.6043462311097,245.12,1090.6810513305663,204.40417204687296,1090.2215879119567
604.16,601.2858166503906,675.4060440469261,601.9772106979575,675.2,623.2094201660157,603.9539559530738,622.5180261184488
603.960929851667,632.6777049109617,716.16,631.0547894287109,716.359070148333,644.8173579552492,604.16,646.4402734375
