405.3333333333333,742.1780089139938,660.0781082042084,742.5300867834607,660.0,799.0450189113617,405.2552251291249,798.6929410418949
349.4708650030564,663.4994237474411,724.0,591.4724833170573,737.1958016636103,660.0886448967645,362.6666666666667,732.1155853271484
704.0,-1.912933349609375,803.0693238832305,73.96377766393285,766.6666666666666,121.4933369954427,667.5973427834361,45.616625981900484
134.3603084183188,523.3197065480518,230.0,522.9898057460784,230.0396915816812,534.4965696207714,134.4,534.8264704227447
134.4,448.64525232315066,268.507273414166,449.61531434337195,268.4,464.44544353485105,134.29272658583403,463.47538151462976
134.3966011352357,509.4047129642793,153.2,509.3989028930664,153.20339886476432,520.3988041865996,134.4,520.4046142578125
83.2,678.4059844970703,156.48249972091963,685.4432942296828,153.2,719.6253601074219,79.91750027908036,712.5880503748094
134.4,495.4577529191971,210.81304881417864,495.54723505768845,210.8,506.6902373552322,134.38695118582137,506.6007552167409
217.51792416822508,93.37834169612069,274.8,93.0390115737915,274.8820758317749,106.89417417301993,217.6,107.23350429534912
31.53944365912066,758.7352996857198,217.2,755.8317207336426,217.66055634087934,785.2806001632182,32.0,788.1841791152954
134.3232911327628,390.7089286737147,217.2,390.5567009210587,217.27670886723718,432.31898372843835,134.4,432.4712114810944
345.6,132.07421875,364.4989236832528,132.24203479615667,364.4,143.3825138092041,345.5010763167472,143.21469776304744
12.8,6.852898907661438,108.59375199935104,7.297880780758331,108.4,49.007964038848876,12.606248000648954,48.56298216575198
140.70320487845146,131.57264565104398,217.2,130.98086261749268,217.29679512154854,143.49307767277804,140.8,144.08486070632935
185.6,559.9641521453857,204.4181136529546,559.9925073810307,204.4,572.0137363433838,185.5818863470454,571.9853811077388
