512.0,20.73419729868571,745.7522451057013,22.364606686365814,745.3333333333334,82.42410341898601,511.5810882276321,80.79369403130589
512.0,81.30117503801982,745.3735676200823,81.4615484001548,745.3333333333334,140.0100437005361,511.959765713251,139.8496703384011
42.666666666666664,27.341858208179474,361.4628783575742,28.013989822978363,361.3333333333333,89.45800177256267,42.537121642425795,88.78587015776378
332.8,556.9985424518585,466.8468025884322,557.2431713690287,466.8,582.889106464386,332.75319741156784,582.6444775472157
57.563079774286074,104.35192520108276,230.0,104.18010189533234,230.03692022571394,141.232176922893,57.6,141.4040002286434
25.590439605444754,716.5635654322632,569.2,716.4372568488121,569.2095603945552,757.5834857065402,25.6,757.7097942899912
268.8,102.84840240478516,450.637725892683,116.67807254348381,447.6,156.6192398071289,265.762274107317,142.78956966843026
326.175221830827,631.7565690218836,441.2,630.7396732330322,441.424778169173,656.1651488125891,326.4,657.1820446014405
313.43909557245985,520.6853815122929,479.6,519.6396852493286,479.7609044275402,545.2073631242428,313.6,546.253059387207
307.2,672.9564713954926,492.423015667448,673.2091456148596,492.4,690.080796957016,307.176984332552,689.828122737649
339.2,605.2114450454712,422.19309454300844,605.8455228131841,422.0,631.1192581176758,339.0069054569916,630.4851803499629
326.2763784885703,379.6687609196441,460.4,379.0137487411499,460.5236215114297,404.3271174906953,326.4,404.9821296691895
339.2,354.2599378347397,422.01869115740647,354.318181475064,422.0,380.8957989454269,339.1813088425935,380.8375553051026
