-18.12681664147452,89.11296206811123,158.75,-28.654813766479492,196.8768166414745,28.608303486316863,20.0,146.3760793209076
620.0,32.48891592025757,720.9657673743504,36.54322071876217,718.75,91.72324895858765,617.7842326256496,87.66894416008303
219.9953017976395,669.9764192681586,478.75,669.9580445652828,478.7546982023605,736.1186754114633,220.0,736.1370501143392
56.81266451194787,667.9113657964501,449.625,535.6685560941696,452.81233548805216,545.1361762987343,60.0,677.3789860010147
95.96515826548942,640.7477625510502,185.625,640.4292296469212,185.6598417345106,650.2363935583426,96.0,650.5549264624715
377.9153583620525,447.1670402683817,443.625,446.68910479545593,443.7096416379475,458.32618137220516,378.0,458.8041168451309
377.81570594683285,401.0723412849404,443.625,400.485125541687,443.80929405316726,421.138968148043,378.0,421.7261838912964
186.0,448.10667675733566,251.71518169789633,448.59678578720155,251.625,460.6885986328125,185.90981830210367,460.19848960294667
564.0,394.0407586991787,635.6315512564528,394.07874846707034,635.625,406.4314604848623,563.9934487435473,406.39347071697074
192.0,531.0122811198235,239.76925017966596,531.5770231080768,239.625,543.7785648107529,191.85574982033404,543.2138228224995
563.8458656269245,345.0249069627872,635.625,344.5054689645767,635.7791343730756,365.8047037425885,564.0,366.32414174079895
563.9793327300376,381.5992887059007,635.625,381.4403791129589,635.6456672699625,390.75838389603757,564.0,390.91729348897934
185.954975331238,402.96651943803465,251.625,402.82119557261467,251.670024668762,423.16727637469137,186.0,423.31260024011135
96.0,627.6809740662575,185.66704321551947,628.1093680544113,185.625,636.9094234406948,95.95795678448053,636.4810294525411
83.9893541273481,705.5135972748345,131.625,705.4547776803374,131.6356458726519,714.0764457483942,84.0,714.1352653428912
287.99321976036373,562.798001078071,353.625,562.7403305545449,353.6317802396363,570.4565635722859,288.0,570.5142340958118
389.9559485625041,529.6508319353281,437.625,529.47778236866,437.66905143749597,541.6123995209517,390.0,541.7854490876198
288.0,547.4025764465332,323.8906197710558,548.1192595353759,323.625,561.4211754798889,287.73438022894425,560.7044923910463
174.0,544.8768997192383,215.79168209609102,545.6879281644818,215.625,554.2769304513931,173.83331790390898,553.4659020061497
707.870897031124,548.406024848616,725.625,548.1809695959091,725.7541029688762,558.3656125911119,708.0,558.5906678438187
425.71465862106413,508.148552989891,539.625,506.75786304473877,539.9103413789359,530.129955434868,426.0,531.5206453800201
521.998147503724,708.0743014550837,737.625,708.0643383180723,737.6268524962761,748.1569257034852,522.0,748.1668888404965
71.94608502026627,557.3544561473072,143.625,556.8338008224964,143.67891497973375,564.2563067766488,72.0,564.7769621014595
401.93133239125495,437.35247630733505,425.625,437.1679301261902,425.6936676087451,445.98408382278427,402.0,446.16863000392914
582.0,468.66200172901154,623.701641485214,468.90546088416835,623.625,482.0332306623459,581.9233585147861,481.78977150718913
521.9980039116666,569.4551357937621,557.625,569.4469348266721,557.6269960883335,578.1184281358852,522.0,578.1266291029751
611.7672272103263,93.60953275975521,713.625,93.13604485988617,713.8577727896738,143.21064640465443,612.0,143.68413430452347
174.0,430.01019752025604,263.65363342881267,430.3202780185912,263.625,438.59906673431396,173.97136657118733,438.2889862359788
102.0,369.1707914471626,167.6717964999411,369.41426535025954,167.625,382.03660467267036,101.95320350005892,381.7931307695735
582.0,485.45310151576996,641.655199552581,485.6749747644146,641.625,493.79474741220474,581.9698004474191,493.57287416356013
281.8991231535328,369.71702184777297,323.625,369.3881961107254,323.72587684646726,382.1888208736893,282.0,382.51764661073685
72.0,542.7341175824404,113.70127862943599,542.9726660046119,113.625,556.3071343302727,71.92372137056401,556.0685859081012
378.0,545.2008047103882,401.7898667613042,545.7061250623269,401.625,553.4678514003754,377.83513323869585,552.9625310484367
72.0,305.93863213062286,96.50630642614337,306.64129639557234,95.625,337.37797451019287,71.11869357385666,336.67531024524345
294.0,467.207568526268,509.98208016199493,469.19490742008196,509.625,508.0020360946655,293.64291983800507,506.01469720085163
24.0,627.7789129167795,89.83849818074926,628.5312193807603,89.625,647.2156256139278,23.78650181925076,646.4633191499472
288.0,568.5672740936279,336.2865937867417,571.5235927582421,335.625,582.3296370506287,287.33840621325834,579.3733183860145
192.0,555.7290545850992,239.65105897839896,555.8818835736286,239.625,564.0068991780281,191.97394102160104,563.8540701894988
515.96711830331,562.1946696336607,563.625,561.9959313869476,563.6578816966901,569.8810367290637,516.0,570.0797749757767
327.67218263136715,423.05376097498646,347.625,421.676176071167,349.95281736863285,455.39207604588756,330.0,456.76966094970703
377.7338401486268,332.52107732394524,437.625,332.1869414448738,437.8911598513732,379.8939468969983,378.0,380.22808277606964
661.2555364458694,401.16533886074984,707.625,396.361620426178,712.3694635541307,442.15910686373746,666.0,446.9628252983093
233.91771427240738,545.4638643102538,251.625,545.2970209121704,251.70728572759262,554.0301017923464,234.0,554.1969451904297
185.79482039000953,335.30711738014577,245.625,335.04786533117294,245.8301796099905,382.39920919394143,186.0,382.6584612429142
72.0,566.3577798977494,131.6543814028421,566.5271891351493,131.625,576.8733156993985,71.97061859715792,576.7039064619986
138.0,230.2758493423462,197.53915889623656,241.98172448531255,191.625,272.0626916885376,132.08584110376347,260.35681654557123
413.90511013461247,552.0306203596526,437.625,551.7438579797745,437.71988986538753,559.5927855737276,414.0,559.8795479536057
551.9820178867718,371.16875853819863,647.625,370.9920342564583,647.6429821132283,380.7239336700915,552.0,380.9006579518318
71.25314598340164,421.88270017903676,89.625,421.5052328109741,90.37185401659838,457.85564115244523,72.0,458.2331085205078
514.9399550946881,547.7443163009315,557.625,544.3817603588104,558.685044905312,557.8382099060387,516.0,561.2007658481598
521.2590880043743,662.4733463778915,731.625,659.1694421768188,732.3659119956257,706.3447288021622,522.0,709.6486330032349
185.9617612421641,440.68976073718784,251.625,440.45246905088425,251.66323875783593,451.0338793172765,186.0,451.2711710035801
588.0,494.78254437446594,623.7758452003309,495.35516565422506,623.625,504.77957010269165,587.8491547996692,504.2069488229326
