185.89371321909067,198.053212359319,224.24615384615385,186.8719510591947,227.398594473217,197.68502381856564,189.04615384615386,208.86628511868992
331.8835612008944,157.08514660905612,373.9076923076923,145.22568359375,376.79336187602865,155.45108385969388,334.7692307692308,167.310546875
3.3893244050391593,8.189371071698199,220.30769230769232,4.975201650766226,220.85682944111468,42.03545428119064,3.9384615384615387,45.24962370212261
151.2474436440061,57.57649493692288,184.86153846153846,38.012440842848555,195.09101789445543,55.58828120490405,161.47692307692307,75.15233529897837
289.59759471083976,51.85473024867782,322.7076923076923,48.91742694561298,324.55625144300643,69.75489828197122,291.44615384615383,72.69220158503606
92.67803241031197,88.2151725748008,125.78461538461538,86.1089092548077,127.62965989738035,115.10961333265112,94.52307692307693,117.21587665264423
132.0593202146381,126.8267333529636,188.8,117.84621065579928,190.64837209305423,129.5245831284066,133.90769230769232,138.50510582557092
259.7243217698981,154.33977190830498,303.0153846153846,147.21455265925482,307.16798592240957,172.44472704001234,263.87692307692305,179.5699462890625
282.0056370556673,82.86597069349675,338.46153846153845,75.33542574368991,340.02513217510193,87.05756446275325,283.5692307692308,94.5881094125601
109.86942851146249,206.21123126745968,224.24615384615385,162.2926992563101,232.5305714885375,183.86775010273263,118.15384615384616,227.7862821138822
462.5204541378047,144.06257950106718,519.6307692307693,135.8613046499399,521.8487766314261,151.30659868402898,464.73846153846154,159.50787353515625
