57.59936878482401,642.5954490423072,670.8,642.5903723990544,670.8006312151759,718.8339698059381,57.599999999999994,718.839046449191
19.2,467.6112363696098,173.25931373874099,472.3193023692908,171.6,526.6160636901856,17.54068626125903,521.9079976905045
28.8,531.4250834369659,86.98137806879835,534.282236400214,86.04,553.4519042587281,27.858621931201643,550.5947512954801
103.64687571759775,534.2883441848968,160.92000000000002,534.1945038771629,160.95312428240226,554.4110951118256,103.68,554.5049354195595
117.04489626421413,269.51868953092355,304.92,225.32109260559082,308.8351037357859,241.96341190950614,120.96000000000001,286.16100883483887
187.42287939262215,160.71151528386895,339.48,128.10450393676757,342.1371206073779,140.4955232903498,190.08,173.10253463745119
22.376881311919707,31.613004476328268,109.08,29.538816490173343,109.74311868808029,57.25783651183092,23.04,59.33202449798584
348.0754560093546,128.16612819644016,374.04,121.22831909179688,377.32454399064545,133.52062717465358,351.36,140.45843627929688
143.97817684446014,50.09020404151877,212.76000000000002,49.91437219619751,212.78182315553988,58.451144487343235,144.0,58.62697633266449
49.48106375977412,155.04092154649572,126.36,139.26397384643556,128.71893624022587,150.7587516865365,51.84,166.5356993865967
125.67604147552301,29.590433945614752,212.76000000000002,25.74184982299805,213.80395852447703,49.36405423645312,126.72,53.21263835906983
168.39631986389517,132.65050845403005,402.84000000000003,83.86266151428222,407.2436801361049,105.02397610407543,172.8,153.81182304382324
