453.33333333333337,289.3684522310893,569.9784551166903,388.3948793688185,479.1666666666667,495.3638211886088,362.5215448833097,396.3373940508796
348.0,325.2033567428589,403.95675420800745,326.45229085946323,403.75,335.7156252861023,347.79324579199255,334.46669116949795
63.549821736117224,346.4103879739512,183.75,343.0737953186035,184.20017826388278,359.2913900802862,64.0,362.62798273563385
212.0,239.29789543151855,263.79203632319644,239.46666879581986,263.75,252.3664932847023,211.95796367680353,252.197719920401
51.87381877872164,61.243145873332786,287.75,60.34466016292572,287.87618122127833,93.4705566265337,52.0,94.36904233694077
255.9862876585696,309.1601028848956,315.75,309.09290239214897,315.7637123414304,321.28775982963344,256.0,321.35496032238007
63.741073485508586,374.73746476116395,199.75,369.43615317344666,200.0089265144914,376.0790974145868,64.0,381.3804090023041
63.68783116706384,364.8737697341574,167.75,360.73586916923523,168.06216883293615,368.5864603779184,64.0,372.7243609428406
199.20186180777327,258.76631499146566,319.75,252.4951090812683,320.5481381922267,267.83730553770914,200.0,274.1085114479065
80.0,409.00660252571106,148.35109053657825,414.776711873446,147.75,421.89706110954285,79.39890946342176,416.1269517618079
259.26886446140395,211.62626090115222,311.75,207.91646671295166,312.48113553859605,218.25958046847668,260.0,221.96937465667725
95.38027238987259,203.48887236838243,215.75,199.2840394973755,216.3697276101274,217.02468363518813,96.0,221.22951650619507
63.67514828354671,411.1830906377715,79.75,410.81701838970184,80.07485171645328,425.0818068279344,64.0,425.447879076004
344.0,66.00884628295898,497.82703415369366,72.69428094901575,495.75,120.4853401184082,341.92296584630634,113.79990545235144
251.03737643670405,134.72349150250156,279.75,133.4343662261963,280.71262356329595,154.87483327319424,252.0,156.1639585494995
452.0,195.54364013671875,478.5580967240761,217.21736537524652,459.75,240.2640380859375,433.1919032759239,218.59031284740973
236.0,463.03845235705376,467.80394017887073,463.48154830057365,467.75,491.70014560222626,235.9460598211293,491.25704965870636
67.61281252757722,386.9489500926951,183.75,381.73536443710327,184.1371874724228,390.36030455360617,68.0,395.573890209198
259.9973445202537,323.59716316686155,307.75,323.5712375640869,307.7526554797463,328.462395180006,260.0,328.48832078278065
193.77108581652604,310.23933262525094,231.75,294.63774585723877,241.97891418347396,319.5379729777764,204.0,335.1395597457886
63.43139844988592,401.0771324886913,107.75,398.380184173584,108.31860155011408,407.7239396319752,64.0,410.4208879470825
159.98851164007627,429.45705633924797,171.75,429.44162225723267,171.76148835992373,438.1962868614356,160.0,438.2117209434509
347.447639236871,237.9878145834233,407.75,234.8180809020996,408.302360763129,245.32642682587846,348.0,248.49616050720215
447.08732907266483,126.39774307155677,483.75,125.50244903564453,484.66267092733517,162.87671104526453,448.0,163.77200508117676
380.0,305.55486536026,391.89910974912226,305.7409251245943,391.75,315.27696466445923,379.85089025087774,315.09090490012494
348.0,345.039813041687,383.94416300753824,345.8441725227279,383.75,354.52067470550537,347.80583699246176,353.7163152244645
44.0,454.55310052633286,203.99233217007372,455.5546878531023,203.75,494.26453173160553,43.75766782992626,493.2629444048361
12.0,9.243995279073715,500.676023306414,21.368728645198686,499.75,58.69123077392578,11.073976693586005,46.56649740780081
79.89113770864475,417.5315759356229,115.75,417.04783844947815,115.85886229135525,425.1176656310351,80.0,425.60140311717987
342.8036456116934,175.1601991834515,367.75,173.76243209838867,368.9463543883066,195.11411569691958,344.0,196.51188278198242
448.0,232.586088180542,484.8590910581783,237.32085277558312,479.75,277.09399223327637,442.8909089418217,272.3592276382352
55.765679409355016,100.84619323759306,103.75,99.92486035823822,103.98432059064498,112.12860842199099,56.0,113.04994130134583
159.11124317144518,219.73851277862164,195.75,217.3896884918213,196.63875682855482,231.25319693054584,160.0,233.6020212173462
127.93735212981416,407.0337467573606,167.75,406.6947841644287,167.81264787018586,414.0530521489657,128.0,414.3920147418976
260.0,329.84112310409546,303.93842170540734,330.78744052106157,303.75,339.5360403060913,259.81157829459266,338.5897228891252
164.0,252.3153151869774,195.8579615164086,252.50565193003183,195.75,270.57590878009796,163.8920384835914,270.3855720370435
375.76379943170207,246.52638777056038,395.75,245.8648796081543,395.98620056829793,253.00122682294548,376.0,253.66273498535156
260.0,350.6362795829773,287.8021401601274,350.8867022574393,287.75,356.6753475666046,259.9478598398726,356.4249248921426
