42.666666666666664,299.1751495997111,361.8980891568062,301.32753414334985,361.3333333333333,385.0894276301066,42.10191084319387,382.93704308646784
576.0,128.6662851969401,748.7743064119692,136.4816393627416,745.3333333333334,212.55135091145834,572.5590269213641,204.73599674565685
596.4275124007204,54.91220006920247,702.6666666666666,53.62056350708008,703.5724875992796,128.1257707915967,597.3333333333334,129.41740735371908
21.03917621196703,706.2014462777335,766.6666666666666,703.5899648666382,766.9608237880329,787.577404054169,21.333333333333332,790.1888854652643
42.666666666666664,391.0829882497589,340.0997096924596,391.36686070257196,340.0,495.8396862745285,42.56695697420709,495.55581382171545
179.2,156.98639640808105,268.8688592998687,158.45403781378994,268.4,187.1000534057617,178.73114070013133,185.63241200005285
460.706561597195,447.2021374630717,582.0,446.6449340820312,582.093438402805,466.9848414492818,460.8,467.54204483032225
441.45842661612176,468.06376785394997,601.2,466.7494239807129,601.3415733838782,483.955845793511,441.6,485.270189666748
572.1272548268137,568.2816785693187,594.8,560.5412883758545,598.6727451731864,571.8851305127125,576.0,579.6255207061768
480.0,407.15062484741213,563.2196112161057,409.3610232347645,562.8,425.1590270996094,479.58038878389425,422.94862871225695
672.0,645.4456237792969,737.1693632589202,649.340588431032,735.6,675.5986968994141,670.4306367410798,671.703732247679
441.5569613992807,489.7341116291388,594.8,489.28135070800784,594.8430386007193,503.8483454364435,441.6,504.30110635757444
691.2,524.0550634384156,716.4108372173826,524.0916855881045,716.4,531.5520702362061,691.1891627826175,531.515448086517
38.4,148.86540155410768,141.87052158573158,153.02707703895155,140.4,189.5882255554199,36.929478414268424,185.42655007057604
512.0,530.6057453155518,530.8589259833996,530.748548385914,530.8,538.5304592132568,511.9410740166005,538.3876561428946
697.4090591704945,511.6807117796817,722.8,511.0065948486328,722.9909408295055,518.1984737061582,697.6,518.872590637207
691.122129074532,517.3754180020456,710.0,517.1872470855712,710.077870925468,524.9994919710989,691.2,525.1876628875732
620.794616716739,422.3949831820426,639.6,422.38070755004884,639.6053832832611,429.47214175692227,620.8,429.48641738891604
665.6,409.5521644592285,684.4049595473205,409.56529200590955,684.4,416.6697486877441,665.5950404526795,416.65662114106306
620.8,358.47632751464846,646.6683380953406,359.80224988469524,646.0,372.84132080078126,620.1316619046595,371.5153984307344
614.4,369.4697608947754,646.1853661988666,370.0089665355162,646.0,380.936026763916,614.2146338011333,380.3968211231752
492.68531253304707,539.4716328948432,550.0,538.9743843078613,550.1146874669529,552.1936804443901,492.8,552.6909290313721
