0.1308998348060286,33.00376349105044,157.09615384615384,11.98440749828632,159.11910016519397,27.091068374516983,2.1538461538461537,48.110424367281105
124.81845813258843,7.397845949165563,133.40384615384616,7.211457545940692,133.50846494433463,12.03038884809208,124.92307692307692,12.21677725131695
-2.103201398925471,243.18351954303802,42.94230769230769,230.81143760681152,47.19935524507932,246.31092065490662,2.1538461538461537,258.6830025911331
165.98856997272955,234.532590605512,213.09615384615384,221.93652769235464,217.26143002727042,237.5141012890192,170.15384615384616,250.1101642021766
113.99079709508123,318.3901529489251,131.25,318.03776876743024,131.4130490587649,326.0236459334859,114.15384615384615,326.37603011498084
76.62075711542346,318.54301526124306,198.01923076923077,275.8263936409583,203.24462749996113,290.67670631280663,81.84615384615384,333.39332793309137
152.1102267290882,37.94395191742899,219.5576923076923,14.415388474097618,224.67823480937332,29.094041293583626,157.23076923076923,52.622604736915
1.9784621012221026,-0.037442990616811965,10.634615384615385,-0.29389957739756656,10.809999437239435,5.625820645169272,2.1538461538461537,5.8822772319500265
32.62076786899049,332.66185183999147,73.09615384615384,322.33707611377423,77.09077059254798,337.99685013003557,36.61538461538461,348.3216258562528
53.84615384615385,223.0992780969693,170.07352256606958,223.45825479835986,170.01923076923077,241.03653401594894,53.79186204931503,240.67755731455838
88.687845576271,160.65159453007183,120.48076923076923,156.16281626774713,122.25446211603668,168.72545117469642,90.46153846153845,173.2142294370211
157.69223385922197,83.13261308857709,213.09615384615384,69.38370315845197,216.94238152539342,84.88282939283066,161.53846153846152,98.6317393229558
12.057127670192441,137.27716123961835,139.8653846153846,93.34957108130821,145.03902617596142,108.40239113206697,17.23076923076923,152.3299812903771
21.468388307921078,201.60930977055216,204.48076923076923,200.90561031378232,204.55084246130968,219.12968116788204,21.538461538461537,219.8333806246519
-0.36052884888236153,180.80291773519943,206.6346153846154,176.9555482497582,206.9951442334977,196.3526249685758,0.0,200.19999445401706
199.62930795734866,119.35095063921057,221.84615384615384,115.50757951002853,224.67838435034363,131.87946411815122,202.46153846153845,135.72283524733322
92.37815518452227,8.626211790994523,124.78846153846153,2.3304323049692006,127.17953712317002,14.639550244668788,94.76923076923076,20.93532973069411
151.4726491279584,137.19386125643902,198.01923076923077,126.39497925685002,201.62350471819545,141.93053484764002,155.07692307692307,152.729416847229
85.04342930142495,48.945804533116764,148.48076923076923,44.610045873201805,149.59118608319042,60.85677380609316,86.15384615384615,65.19253246600812
145.04507881929652,343.9865265286958,182.94230769230768,337.94590414487396,184.35876733454964,346.8323883249137,146.46153846153845,352.87301070873553
90.46153846153845,336.3490551801828,131.4664351841991,337.6328107166787,131.25,344.54604467978845,90.24510327733937,343.2622891432925
-4.777627732102589,91.98758997660998,70.9423076923077,67.613220508282,75.71993542441028,82.4551085754483,0.0,106.82947804377629
13.608259855438558,283.1283775798822,157.09615384615384,252.36727245037372,160.71866322148452,269.26478764169883,17.23076923076923,300.02589277120734
