272.16,236.30669063329697,312.2807377602864,236.34926700448895,312.27,246.46771656990052,272.1492622397136,246.42514019870853
97.36262726773644,58.563290485921755,120.75,58.28533721923828,120.82737273226356,64.79558604758655,97.44,65.07353931427002
288.10692697845315,134.77325154703232,322.35,131.80277647018434,323.20307302154686,141.6368403871718,288.96,144.60731546401976
147.84,132.99994070291518,275.35289760538546,133.40865385769965,275.31,146.79211827278138,147.7971023946145,146.38340511799692
278.88,247.54014919281005,305.7790930786302,248.35712572402522,305.55,255.9000548171997,278.6509069213698,255.08307828598456
80.64,380.2216233944893,342.5967805894249,381.16804096936585,342.51,405.1878440952301,80.55321941057512,404.24142652035357
100.8,160.44246063709258,322.60580199967524,163.07625060980817,322.35,184.61873056411744,100.54419800032477,181.98494059140185
275.467011209839,224.9778593511045,308.91,224.80082563877107,308.96298879016103,234.81080335431693,275.52,234.9878370666504
141.09479866638105,194.7539610840685,282.03000000000003,194.52944813489916,282.0552013336189,210.34927073579962,141.12,210.57378368496896
178.0737123140472,19.41994649535851,241.71,19.323173203468322,241.71628768595278,23.45783664577766,178.08,23.55460993766785
292.32,115.89234008789063,322.53686613442244,116.31518816700994,322.35,129.66870506286622,292.1331338655776,129.2458569837469
99.86163787951135,36.42329589719303,117.39,35.695327262878415,118.32836212048866,58.289640084557455,100.8,59.01760871887207
157.92,42.17277791976929,273.9115259852651,46.84077498321758,271.95,95.5812495803833,155.95847401473495,90.91325251693502
