596.4997683795368,79.00981500975293,766.6666666666666,76.62637583414714,767.5002316204632,136.13918579387663,597.3333333333334,138.52262496948242
63.70001460809879,581.133443943022,361.3333333333333,579.7934010823568,361.6333187252346,646.4223503357586,64.0,647.7623931964239
296.79234754059377,378.9213631287775,382.6666666666667,377.0447463989258,384.54098579273955,462.8139267627834,298.6666666666667,464.6905434926351
42.666666666666664,159.38549852371216,382.8494906331325,160.1150499606566,382.6666666666667,245.36410856246948,42.48384270020079,244.63455712552502
17.168770203699125,369.72517329758585,276.0,316.27723693847656,301.4978964629675,439.755379375754,42.666666666666664,493.2033157348633
62.70981899502999,266.46971700397364,382.6666666666667,261.3715356190999,383.9568476716367,342.3420260965106,64.0,347.4402074813843
448.0,596.899715423584,486.561934107106,598.4317126145595,486.0,612.5761680603027,447.438065892894,611.0441708693272
460.8,363.1345588684082,563.1872536726826,364.67917815755175,562.8,390.34883041381835,460.4127463273174,388.8042111246748
448.0,579.8043838500977,550.6544859764839,585.0269647931661,550.0,597.891470336914,447.3455140235161,592.6688893938456
613.8516947488132,363.5371198749295,697.2,361.73002471923826,697.7483052511868,387.01940325739474,614.4,388.8264984130859
448.0,668.0889808654786,545.2848161298821,677.6305499172194,543.6,694.8087547302246,446.31518387011795,685.2671856784838
448.0,510.10975036621096,510.3285396720862,521.6971621868945,505.2,549.2835113525391,442.8714603279138,537.6960995318555
498.9837166843686,414.17087507517755,646.0,412.5591293334961,646.2162833156315,432.2875321361262,499.2,433.8992778778076
80.31019769058005,111.61219311427271,242.8,100.41275329589844,245.68980230941992,142.34015445042456,83.2,153.53959426879882
63.735115725381,651.6261428940189,364.4,649.7185548782348,364.664884274619,691.468345249902,64.0,693.3759332656861
543.6729929501538,323.87410585078123,742.0,320.64664993286135,742.3270070498462,340.74121702519534,544.0,343.9686729431152
448.0,629.1572486877442,512.1036346809655,631.9260509260154,511.6,643.5862602233886,447.4963653190345,640.8174579851175
448.0,640.2542224884033,512.4581696074159,644.8843846327266,511.6,656.8312755584717,447.14183039258404,652.2011134141484
632.3507938270926,679.3618817218943,729.2,668.5650569915772,730.4492061729073,679.7706317058401,633.6,690.5674564361573
614.0067861718801,140.36552601917367,735.6,139.16272735595703,735.9932138281199,178.91346415416618,614.4,180.11626281738282
441.16770624922617,445.07926488498936,710.0,442.7029373168945,710.4322937507739,491.6080302657675,441.6,493.9843578338623
448.0,563.2550476074218,563.1055554204648,565.9012016395293,562.8,579.1926147460938,447.6944445795351,576.5464607139863
409.49989723513363,324.0049860945245,511.6,323.4903299331665,511.70010276486636,343.34922475905216,409.6,343.86388092041017
