-18.14053720561119,158.9843951433509,178.75,-20.963950157165527,216.8905372056112,20.76753032509393,20.0,200.71587562561035
665.5855166600993,728.504855081871,713.625,727.4910564422607,714.0394833399008,747.1316090370865,666.0,748.1454076766968
378.0,349.2547380924225,414.03754839715486,350.00423293431646,413.625,369.8405706882477,377.58745160284514,369.09107584635376
258.0,31.237918853759766,300.2473451039164,33.15197668903727,299.625,46.88846254348755,257.37765489608364,44.97440470821005
408.0,426.5335421562195,444.4870607484451,429.1058954107289,443.625,441.3336338996887,407.13793925155494,438.76128064517934
527.6966365389043,351.6679653042268,563.625,351.072860956192,563.9283634610958,369.3878887778808,528.0,369.9829931259155
209.79223422662744,348.5355808611199,245.625,348.1478582024574,245.83276577337259,367.3492696408943,210.0,367.73699229955673
59.64535101287892,347.8571875148689,95.625,347.1864865422249,95.9796489871211,366.21157609883204,60.0,366.882277071476
359.8894067104136,726.3108772158652,395.625,726.1052747368813,395.7355932895864,745.3274010300609,360.0,745.5330035090446
606.0,407.496066570282,636.8827607864614,410.0949433619908,635.625,425.041063785553,604.7422392135386,422.44218699384425
215.6953840816761,727.2187643981987,251.625,726.6493753194809,251.92961591832392,745.8712630533165,216.0,746.4406521320343
551.951055070046,400.0252457350947,581.625,399.9131805896759,581.6739449299541,412.8734025269292,552.0,412.985467672348
41.71050702882387,723.8548720493052,77.625,723.3110174238682,77.91449297117613,742.4282461688784,42.0,742.9721007943153
659.8386541936377,351.6622001794281,695.625,351.3635619878769,695.7863458063624,370.6979170176087,660.0,370.99655520915985
510.0,726.5501973330975,545.6792418792593,726.6478044120644,545.625,746.4753533005714,509.9457581207407,746.3777462216046
