86.38982847085579,312.6966506794603,115.0,312.6299702882767,115.01017152914422,316.9942097350447,86.4,317.06089012622834
326.3260759294689,384.92300236669985,374.2,384.66068572998046,374.27392407053105,398.15214926751645,326.4,398.41446590423584
73.1707177106745,71.3508688524452,108.6,68.95278568267823,109.02928228932551,75.29500250070421,73.6,77.69308567047119
70.31627633603583,135.94036777034256,111.8,135.4585404396057,111.88372366396418,142.66686823353317,70.4,143.14869556427
307.17160709892875,248.9166319978752,339.0,248.75593643188478,339.02839290107124,254.37961624736403,307.2,254.5403118133545
310.1665730101225,155.34080615774351,335.8,154.96903228759766,336.0334269898775,171.06358379586976,310.4,171.43535766601562
80.0,296.3892395019531,124.92354712817291,297.4859621783548,124.6,310.73897953033446,79.67645287182708,309.6422568539328
297.6,260.0396926879883,345.4351357792208,260.23989419444774,345.4,268.63505964279176,297.5648642207792,268.4348581363323
297.5316301796679,176.06187117810745,348.6,175.61805992126466,348.6683698203321,183.48522240404586,297.6,183.92903366088868
89.26944947679434,240.31408630940956,111.8,239.74002017974854,112.13055052320567,252.713238557839,89.6,253.2873046875
79.91380321483638,321.953460138558,121.4,321.4468994140625,121.48619678516361,328.5062244241251,80.0,329.0127851486206
80.0,254.9657675266266,118.22529156696218,255.10698554509062,118.2,261.9529782295227,79.97470843303782,261.81176021105864
76.77734914379079,126.8954686272501,105.4,126.75066151618958,105.4226508562092,131.22784184333096,76.8,131.37264895439148
313.1727264678613,300.9933695875269,387.0,299.9996147155762,387.42727353213866,331.742291728391,313.6,332.7360466003418
300.8,268.44922332763673,345.4041406079708,268.4997092621543,345.4,272.1579214334488,300.79585939202923,272.10743549893124
309.96950377988384,344.00736019156255,390.2,343.05738677978513,390.6304962201162,379.41516788460933,310.4,380.3651412963867
79.88842849035895,54.98244853900901,102.2,54.78537502288818,102.31157150964106,67.41688312603006,80.0,67.61395664215088
316.7994883950902,271.9143189198661,326.2,271.9129920959473,326.2005116049098,275.5376990549874,316.8,275.5390258789063
64.0,110.63570141792297,115.11473304840801,111.09063497115172,115.0,123.98163652420044,63.88526695159199,123.5267029709717
288.0,226.49776077270508,352.83665822457067,230.3058442934699,351.8,247.95604934692383,286.96334177542934,244.147965826159
88.83973640950967,265.36044834907864,111.8,264.7950466156006,112.56026359049034,295.66840869132665,89.6,296.2338104248047
