98.0,10.30425015091896,573.3025594894765,11.73565072049868,573.125,70.69502352178097,97.82244051052352,69.26362295220125
308.0,423.06587405502796,601.3918977855517,424.493611866262,601.125,479.33956971764565,307.73310221444837,477.91183190641175
84.0,414.097354054451,267.9379572734694,422.6595532160183,265.125,483.08907663822174,81.18704272653065,474.5268774766545
185.26118329630177,171.15020240215696,219.4230769230769,164.91934101398175,223.7003551652367,188.37034003605666,189.53846153846152,194.6012014242319
481.2405176684761,290.3142215859031,576.9615384615385,220.8739307110126,591.1056361776778,240.37107645345984,495.38461538461536,309.81136732835034
90.9916177548022,250.1809684782338,189.26923076923077,185.01098192655124,201.66222839904395,203.69986448732357,103.38461538461539,268.86985103900616
279.5685971629176,246.04726118161926,520.9615384615385,242.39653330582837,521.3929412986208,270.92169411511725,280.0,274.5724219909081
106.45129206757929,132.21373309288552,189.26923076923077,128.91455422914945,190.51024639395916,160.06726227607197,107.6923076923077,163.36644113980807
464.9738364383148,135.21533208400226,620.0384615384615,134.18331480026245,620.295394330916,172.78846973866007,465.2307692307692,173.8204870223999
278.4957125024867,155.46186238473067,456.3461538461538,148.35340881347656,457.8504413436671,185.99003296227767,280.0,193.09848653353177
563.3204498443389,210.89449434313062,598.5,202.58835352384128,603.7949347710456,225.01434260849194,568.6153846153846,233.3204834277813
116.3076923076923,318.8906460725344,383.5134588269974,323.028103122744,383.1153846153846,348.7365814355703,115.90961809607951,344.5991243853607
465.2307692307692,84.59090856405405,658.957677541742,85.46497951071026,658.8076923076923,118.70733334467961,465.08078399671956,117.8332623980234
