44.0,470.5485131343206,206.7224582119956,475.82651498706167,204.41666666666669,546.9147940079372,41.694208454671106,541.6367921551961
183.8590059893713,314.80323485577026,228.525,310.61837515830996,229.46599401062872,320.66182604587163,184.8,324.84668574333193
165.11150946812288,198.42936914309604,250.525,189.38275356292726,252.61349053187712,209.10120679989714,167.20000000000002,218.14782238006592
170.59589858240713,293.0632967507672,246.125,285.7259682655335,247.1291014175929,296.0620024168658,171.6,303.3993309020996
268.40000000000003,390.6381283760071,347.42563935840786,391.4640130824424,347.325,401.0937950372696,268.29936064159216,400.2679103308343
188.1741524567155,360.24370916150883,228.525,354.9667270421982,229.5508475432845,362.8109487745874,189.20000000000002,368.08793089389803
286.0,381.7731475830078,321.3936911488822,383.7010792263061,320.925,392.305486869812,285.5313088511178,390.3775552265137
285.89733846174795,353.1420688439897,325.325,352.73055188655854,325.4276615382521,362.5666092108199,286.0,362.97812616825104
170.35743650163636,329.7132179418428,241.725,322.2684951782227,242.96756349836363,334.18011797276904,171.6,341.62484073638916
281.6,411.9731075048447,325.49605021168355,413.1275998858069,325.325,419.63126227855685,281.42894978831646,418.47676989759464
179.17838476761392,343.9329794358496,237.32500000000002,338.02585649490356,238.5466152323861,350.05079513080085,180.4,355.95791807174686
303.6,254.26244516372682,448.7220563293391,255.4046664468843,448.52500000000003,280.4411634445191,303.4029436706609,279.29894216136154
179.50040694652736,412.98545098865804,232.925,406.84126529693606,233.82459305347265,414.6633584443254,180.4,420.8075441360474
207.58202390789447,485.65057636535107,228.525,474.8254868507385,236.54297609210556,490.3376247760064,215.6,501.1627142906189
352.0,216.9350851252675,505.7419405501634,217.03577995298176,505.725,242.90079323351384,351.9830594498366,242.8000984057996
166.64105313497697,374.341142995336,237.32500000000002,367.5591354370117,237.88394686502303,373.38463329555765,167.20000000000002,380.16664085388186
52.800000000000004,100.29833760261536,79.86604185081674,101.56041235498334,78.925,121.74168772697449,51.85895814918326,120.47961297460651
44.0,41.184539057314396,78.94128782758696,41.207965101372636,78.925,65.50219379775227,43.983712172413036,65.47876775369403
453.2,432.5505311012268,507.3412602651979,434.56179774133756,505.725,478.0698865890503,451.5837397348021,476.0586199489396
448.5335283447333,329.82277857211835,474.925,329.56461777687076,475.1914716552667,356.80569878669974,448.8,357.0638595819473
479.6,482.008931350708,534.3005715090824,485.1412894985221,532.125,523.1334344863892,477.4244284909177,520.0010763385751
175.4198257218986,397.61646080695465,241.725,392.49927241802214,242.3051742781014,400.0167905739658,176.0,405.13397896289825
261.2941672296013,510.87723983744957,347.325,502.19859161376957,350.0308327703987,529.021322593886,264.0,537.6999708175659
286.0,403.95849962234496,321.01273418153437,404.46625191604977,320.925,410.51607899665834,285.91226581846564,410.0083267029536
461.16121070583984,255.79993160558254,540.9250000000001,253.045392036438,541.7637892941602,277.33439237284153,462.0,280.0889319419861
448.8,407.13941476345065,488.47685442910944,444.82695269871465,466.125,468.3586377859116,426.4481455708906,430.6710998506475
377.55771718396636,290.85120998681805,474.925,287.7684042930603,475.7672828160337,314.37105048834064,378.40000000000003,317.4538561820984
179.84881009731166,379.3031595955867,237.32500000000002,373.5445766210556,237.87618990268834,379.04598133458916,180.4,384.80456430912017
334.37386723326534,539.9766382669696,369.325,539.8678983330727,369.3511327667347,548.2674785698166,334.40000000000003,548.3762185037136
277.2,371.4869426995516,334.13636232863445,371.57009260616474,334.125,379.3503738641739,277.18863767136554,379.2672239575608
373.4332472129462,515.31225702002,505.725,513.0866599082947,506.29175278705384,546.7750212030178,374.0,549.0006183147431
360.8,178.36723194122314,492.7360581024328,179.4228293575693,492.52500000000003,205.80236916542054,360.58894189756717,204.74677174907438
39.23413572929237,72.84426959199668,83.325,72.07610514163972,83.69086427070764,93.07586879091501,39.6,93.84403324127197
230.73229090393679,463.47995672598597,303.325,458.7278982162476,305.7927090960633,496.42475909814124,233.20000000000002,501.1768176078796
39.6,126.3649552166462,62.06517203406628,126.98860836287865,61.325,153.65101226568223,38.85982796593372,153.02735911944976
171.0905898650307,216.36114323719394,250.525,210.0188915014267,251.03441013496933,216.39906927959072,171.6,222.74132101535798
4.4,-0.35135296904627467,518.9255175157186,-0.3361461438954839,518.9250000000001,17.174086289387198,4.3994824842813465,17.158879464236406
