163.14627223138788,44.01779537746153,215.25,42.32845621842604,215.7960354609198,59.169646961922105,163.69230769230768,60.858986120957596
92.61538461538461,122.25150754818549,223.94581530650186,123.32260350919799,223.8653846153846,133.1844624739427,92.53495392426737,132.11336651293018
14.3341277761494,290.32093559462976,137.71153846153845,247.58085243518536,142.76202607000445,262.16004923989453,19.384615384615383,304.90013239933893
-2.5513399918941726,195.7690154836258,122.63461538461539,153.21431343372052,127.33980153035571,167.05586782148364,2.1538461538461537,209.61056987138895
104.95264006127056,48.43102383243612,172.1730769230769,37.024540020869324,174.91274455411403,53.16988840839922,107.6923076923077,64.576372219966
168.13563900040128,234.06997215495207,215.25,221.73994108346793,219.422053307291,237.68180079896166,172.3076923076923,250.01183187044583
174.25441471712185,130.25863938144823,191.5576923076923,130.0352818415715,191.76481605210893,146.08094408882292,174.46153846153845,146.30430162869968
-2.4955124722776265,243.90407435633256,40.78846153846154,231.44071153494028,45.43782016458531,247.58745465906176,2.1538461538461537,260.05081748045404
78.96678930946857,318.00517264195054,200.1730769230769,276.13770917745734,205.20628761360834,290.7088518284521,84.0,332.57631529294525
33.41829013933674,331.39997623917986,81.71153846153845,321.66384410858154,84.90863293758633,337.52210027953913,36.61538461538461,347.25823241013745
131.3846153846154,108.08707525179936,193.79620231565374,108.60815142244711,193.71153846153845,118.74871395184444,131.2999515305001,118.22763778119668
-2.6314745191918165,91.94032250010467,77.40384615384615,65.89753062908466,82.18916682688412,80.60389070317879,2.1538461538461537,106.64668257419879
107.6923076923077,64.66464873059438,215.25295388508445,64.6829274548185,215.25,82.06498238215079,107.68935380722321,82.04670365792667
15.826203303540945,133.19343827668126,210.94230769230768,80.584258886484,214.50071977338212,93.78164214007148,19.384615384615383,146.39082153026874
142.83303097019822,345.14390615155895,189.40384615384616,337.2114932720478,190.87850749134023,345.8691591865758,144.3076923076923,353.801572066087
51.30637785874761,226.63639632260808,189.40384615384616,180.73357376685507,194.09746829509854,194.85421600085945,56.0,240.75703855661246
114.15384615384615,145.74967162425702,211.09653302998305,147.20265812440775,210.94230769230768,157.4925118959867,113.99962081617078,156.03952539583597
86.05920528705857,21.487576927699568,223.8653846153846,20.686840809308563,223.96002548217217,36.97447410168915,86.15384615384615,37.775210220080154
-1.45331909081424,41.514730645071104,174.32692307692307,-11.292165095989521,177.93408832158346,0.7151375743778648,2.1538461538461537,53.52203331543849
