233.84615384615384,233.18750601548413,270.53736265188036,238.3916892019649,267.5,259.80609820439264,230.80879119427348,254.60191501791186
12.284371402775559,1.7519220098669457,347.5,0.8411753177642822,347.5233209049167,9.424826369051775,12.307692307692307,10.335573061154438
246.15384615384613,67.42670646080603,279.00479920202616,86.25440640048052,270.5769230769231,100.959535745474,237.72597002874306,82.13183580579953
304.6153846153846,302.1590071458083,343.0996509564697,331.2750896309096,335.1923076923077,341.72664348895734,296.70804135122256,312.61056100385605
12.307692307692307,296.94939136505127,240.03148398533028,328.2971140965236,236.73076923076923,352.27497320908765,9.00697755313126,320.9272504776153
33.84615384615385,221.2848529448876,238.1848736813181,235.4730641785382,236.73076923076923,256.41508689293494,32.39204939560498,242.22687565928433
200.0,30.83964421198918,288.9309267235486,41.34793049038422,285.96153846153845,66.47766553438626,197.03061173798983,55.96937925599122
132.3076923076923,128.86676054734448,171.18084507876634,159.25284048608316,162.8846153846154,169.866272852971,124.01146261354135,139.48019291423233
304.6153846153846,128.4375132047213,343.53546466006196,159.41779867347276,335.1923076923077,169.8991848872258,296.2722276476303,138.91889941847433
92.3076923076923,354.8658448916215,261.48067137870083,356.25564990880184,261.3461538461538,372.629696222452,92.17317477514533,371.23989120527165
80.0,194.85784218861505,273.8299300081782,196.3329764339823,273.65384615384613,219.47007142580472,79.82391614566795,217.99493718043746
110.76923076923076,454.8865919846755,137.22179236850897,468.53245676036556,129.03846153846155,484.3958751971905,102.58589993918334,470.7500104215004
200.0,368.4367194542518,283.69083414731267,438.97053182415283,273.65384615384613,450.8797689584585,189.96301200653346,380.3459565885575
304.6153846153846,476.30692115196814,324.9480450347604,482.0799605359616,319.8076923076923,500.18429682804987,299.4750318883165,494.4112574440564
240.0,55.2665769136869,256.2297664360707,69.11548508201656,245.96153846153845,81.14899268517127,229.73177202546773,67.30008451684161
12.307692307692307,350.19122270437384,111.2382650689042,442.88532728545044,101.34615384615384,453.4429806929368,2.4155810849419623,360.7488761118602
12.307692307692307,179.02504040644718,35.09947358542253,194.54276894678293,27.5,205.70455331068771,4.708218722269774,190.18682477035196
70.76923076923077,36.44887337317834,200.59916340405462,40.11424461380504,199.8076923076923,68.14868706923265,69.97775967286846,64.48331582860594
150.6613571044618,305.9497753511905,258.2692307692308,305.224386545328,258.3771044339997,321.2269159425259,150.76923076923077,321.9523047483884
18.46153846153846,13.738449536837065,72.33937986280628,50.72746423873206,61.34615384615385,66.74009103041429,7.4683124448860205,29.751076328519293
73.84615384615384,160.9582853775758,283.09431842184915,163.00643389071536,282.88461538461536,184.43064964734592,73.63645080892003,182.38250113420634
289.11107416158694,290.79514078608594,301.3461538461538,290.7086836374723,301.4658489153361,307.64746467268714,289.2307692307692,307.7339218213008
61.53846153846153,53.89801025390625,109.68704081821903,89.1298257893958,98.26923076923076,104.73365783691406,50.12065148947327,69.50184230142452
276.9230769230769,95.98103303175706,311.61826359558273,131.10574765196475,301.3461538461538,141.25224333543042,266.65096717364804,106.12752871522275
107.6923076923077,103.51091751685509,138.9551901293239,126.91688253991198,129.03846153846155,140.16245988699106,97.77557910144533,116.75649486393417
9.23076923076923,268.0961336424717,313.86263828919715,270.564602534767,313.65384615384613,296.3314811999981,9.02197709541825,293.8630123077029
141.46625852856914,464.368370977205,301.3461538461538,463.61317442013666,301.4183568560462,478.8990090219557,141.53846153846155,479.65420557902405
129.23076923076923,474.9808377486009,153.30070887035401,482.8139485712937,147.5,500.63863094036395,123.4300603604152,492.80552011767116
