102.4,67.56806831359863,421.8006749456537,309.05620281572135,415.6,317.25743293762207,96.19932505434622,75.76929843549935
19.066706582551404,56.64514363396027,121.2,55.8744441986084,121.33329341744859,73.53852320325515,19.2,74.30922263860703
339.13240185794746,334.58330143633714,479.6,333.79321708679197,479.6675981420526,345.8113625651277,339.2,346.60144691467286
454.4,533.3653644561767,474.29638500427325,535.1749409151912,473.2,547.2297496795654,453.3036149957267,545.420173220551
326.4,265.51940422058107,358.0212388591755,265.5821294563552,358.0,276.2891284942627,326.37876114082445,276.2264032584886
441.6,253.21764450073243,466.95135293702396,253.604890676898,466.8,263.51332092285156,441.448647062976,263.12607474668596
390.4,443.1991870880127,428.9148182246865,444.85595953307876,428.4,456.8238857269287,389.8851817753135,455.16711328186267
326.12310623226136,286.8020145703497,351.6,285.9998268127441,351.87689376773864,294.79376942623236,326.4,295.59595718383787
338.93499399442373,249.3569857025876,364.4,248.58835525512694,364.6650060055763,257.3681005095706,339.2,258.13673095703126
294.4,542.5461986541748,474.5819088044308,562.6579504147151,473.2,575.038521194458,293.0180911955692,554.9267694339178
320.0,411.4202461242676,416.5770214376278,419.5066080794222,415.6,431.17536849975585,319.02297856237226,423.0890065446012
325.9168195078493,308.7831588674166,479.6,302.9436721801758,480.0831804921507,315.65998078102086,326.4,321.49946746826174
307.2,628.0148113250732,461.70474274302234,645.3567725125932,460.4,656.9811176300049,305.8952572569777,639.6391564424849
420.95563670379096,235.41423428896286,473.2,228.33306579589845,474.644363296209,238.98947664853713,422.4,246.07064514160157
377.6,526.7770408630371,435.0230489010082,527.8522331730413,434.8,539.7646583557129,377.3769510989918,538.6894660457086
358.4,608.7575359344482,461.948613066878,625.2397893623715,460.4,634.968843460083,356.85138693312206,618.4865900321597
332.8,386.66157274246217,428.4489745237594,387.04474041082557,428.4,399.2701011657715,332.7510254762406,398.88693349740805
140.78966837392983,56.088558982306594,268.4,56.01554617881775,268.41033162607016,74.07295756489647,140.8,74.14597036838532
