268.79508892924196,198.30900522537127,441.2,198.28031536340714,441.20491107075804,227.79222860865698,268.8,227.8209184706211
211.2,310.37791624367236,390.00339759173613,310.39841637524347,390.0,340.03241867125035,211.19660240826389,340.01191853967924
255.8605414343791,583.8862537107827,543.6,582.3550626754761,543.7394585656209,608.5619377412437,256.0,610.0931287765503
230.4,458.20153656005857,456.030898193902,471.2854313914592,454.0,506.3081359863281,228.36910180609803,493.2242411549275
288.0,352.57143478393556,569.3489480642738,354.2100620653496,569.2,379.7841396331787,287.8510519357262,378.1455123517647
242.99191655045007,505.67309554689143,447.6,504.29176139831543,447.80808344954994,535.1138154638508,243.2,536.4951496124268
275.18014710257785,275.1648693317388,486.0,275.0195506811142,486.01985289742214,303.82098047790777,275.2,303.9662991285324
358.24378824383837,557.1020225846142,646.0,555.4196952819824,646.1562117561616,582.1391708052784,358.4,583.8214981079102
230.4,429.4363055229187,409.3869350822269,430.6121399904514,409.2,459.06762275695803,230.2130649177731,457.89178828942534
217.6,381.66150360107423,520.283844321659,402.1083043039785,518.0,435.91715240478516,215.31615567834092,415.47035170188093
