67.2072528753202,45.79925484599401,373.23,42.07509117921193,374.0760804580131,111.59938957649737,68.05333333333333,115.32355324327945
204.16,130.27616683324177,549.4979903348244,163.30387001692011,543.3633333333333,227.4479041481018,198.02534299850888,194.42020096442346
239.888,340.61370729994775,295.7226848294941,340.67183873148184,295.713,349.9740249697566,239.87831517050594,349.9158935382225
255.18099477016113,509.32969832502033,305.921,509.22555253362657,305.94000522983885,518.4849325672565,255.20000000000002,518.5890783586502
576.7354963091523,509.3040556568506,627.4730000000001,509.21433845043185,627.4895036908478,518.5476214261648,576.7520000000001,518.6373386325836
428.736,162.1962444782257,684.394392659659,166.17587700587345,683.617,216.11690961456299,427.95860734034096,212.13727708691525
398.0588165254672,340.8968009681535,459.041,340.56295126390455,459.0941834745328,350.2776353283095,398.112,350.61148503255845
413.39548573480283,509.2543746974239,464.14500000000004,509.1013978185654,464.1735142651972,518.5608999288312,413.42400000000004,518.7138768076896
566.544,320.0025370297432,612.2229327081219,320.1778569895103,612.1610000000001,336.31418288469314,566.4820672918781,336.138862924926
392.83471296075334,318.77116383811403,459.041,318.2353322582245,459.2142870392467,339.6463350642068,393.008,340.18216664409636
91.84883260630836,509.2384337600248,147.697,509.0935329545736,147.72016739369164,518.022789606653,91.872,518.1676904121041
561.3936107077599,340.7296398288842,617.265,340.47138542938234,617.3113892922402,350.5073585269813,561.44,350.7656129264832
60.89221744284056,312.85629262254844,157.905,311.0852432785034,158.26078255715944,330.5739469509303,61.248000000000005,332.34499629497526
244.99200000000002,319.80467329108717,290.6392628257583,319.8919010597558,290.609,335.72877482509614,244.96173717424173,335.64154705642744
76.56,340.1164403087646,137.4955277478616,340.1583789525602,137.489,349.6429908748865,76.55347225213842,349.6010522310909
