42.666666666666664,206.43566205104193,361.5786957356056,207.72380689576065,361.3333333333333,268.46932156880695,42.42130426439442,267.18117672408823
42.666666666666664,80.50283248722553,425.50320153417016,81.11377898935227,425.3333333333333,187.5580472946167,42.49679846582986,186.94710079248998
507.7055298125975,1.30130987546004,617.3333333333334,-4.410881042480469,621.6278035207358,78.00816634117407,512.0,83.72035725911458
44.63606910109827,324.427591517893,351.6,322.7480644226074,351.7639308989017,352.7093989339197,44.8,354.3889260292053
38.39394014839067,285.9801123582543,383.6,285.76878435611724,383.6060598516093,295.66760266788594,38.4,295.87893067002295
38.4,272.66051651695744,415.6001997939002,272.6680311138498,415.6,282.69681910425425,38.39980020609981,282.6893045073619
166.12743522499113,17.57871201223285,249.2,16.699306869506835,249.47256477500886,42.44700133615582,166.4,43.326406478881836
38.4,298.8131026819348,242.80281923091957,298.8722892162665,242.8,308.60860431790354,38.39718076908041,308.5494177835718
76.79509861205615,30.728902777032925,102.0,30.718501853942872,102.00490138794385,42.596197585267944,76.8,42.606598508358005
31.093226015783756,486.7825600997261,70.0,485.91942291259767,70.90677398421624,526.7931692703911,32.0,527.6563064575196
12.8,15.939625334739684,102.03015496447776,16.10932755328149,102.0,31.96493731737137,12.769845035522236,31.79523509882956
