554.6666666666666,553.5104424158732,788.1814640602953,554.2325355805052,788.0,612.9154664675394,554.4852026063713,612.1933733029075
533.3333333333334,453.3221150636673,788.0628946024362,453.5738014334535,788.0,517.2288753986359,533.2704387308971,516.9771890288497
426.38450255074054,301.2049071493747,766.6666666666666,299.6936089197795,766.9488307825927,363.2253554162381,426.6666666666667,364.7366536458333
94.44796930742017,263.86288999071195,185.2,256.35598373413086,186.7520306925798,275.1186979914658,96.0,282.6256042480469
94.47296333455542,240.45411498269817,185.2,233.81794967651368,186.7270366654446,254.6949931410811,96.0,261.33115844726564
230.16400354035514,236.47085314074576,351.6,235.33123092651368,351.8359964596449,260.4785691233534,230.4,261.6181913375855
268.8,425.2724853515625,306.99382543875237,425.8795459269042,306.8,438.07426795959475,268.60617456124766,437.467207384253
229.95664384441733,201.44770743720528,351.6,199.68169898986815,352.04335615558267,230.2202452910662,230.4,231.98625373840332
230.4,305.82253952026366,287.6355424537343,306.0055598963236,287.6,317.1206699371338,230.36445754626575,316.9376495610739
44.723408819397974,42.213656823113205,198.0,41.83280277252197,198.07659118060204,72.65730118326879,44.8,73.03815523386001
230.4,338.56512664556504,338.8037724133125,338.6211292205222,338.8,345.9233619213104,230.39622758668747,345.8673593463533
256.0,681.0570360183716,326.05757375059363,681.3415535700361,326.0,695.5181035041809,255.94242624940634,695.2335859525164
326.37245292793966,139.0814716123617,345.2,139.02047729492188,345.22754707206036,147.5236267305338,326.4,147.58462104797363
127.78719542275539,406.0172512694936,153.2,405.5209268569946,153.4128045772446,416.4169476822276,128.0,416.91327209472655
230.4,363.9198064804077,300.4468933286091,364.33316456541314,300.4,372.2796209335327,230.3531066713909,371.8662628485273
95.86733132118346,229.74782779959384,159.6,228.6981101989746,159.73266867881654,236.75297080727873,96.0,237.80268840789796
96.0,318.32661933898925,178.8675778104671,319.0395848849465,178.8,326.89411516189574,95.9324221895329,326.18114961593847
95.58021853218352,306.71860337794124,146.8,304.2629905700684,147.2197814678165,313.0188966220588,96.0,315.47450942993163
441.49775281596993,378.1684200085416,780.4,377.2906797409058,780.50224718403,416.7691014491305,441.6,417.64684171676635
95.42100297270001,357.2657127889091,134.0,354.9673984527588,134.57899702729998,364.6863147226876,96.0,366.98462905883787
25.6,40.076331329345706,44.825898094365,40.66522273540002,44.4,54.56977844238281,25.174101905635002,53.98088703632849
236.58752512743058,284.5648365963902,345.2,282.9115875244141,345.4124748725694,296.87041692839006,236.8,298.52366600036623
128.0,331.87030029296875,153.218181866138,331.9344655124844,153.2,339.0802932739258,127.98181813386199,339.01612805441016
126.6323241512132,585.4713634067325,172.4,580.190302658081,173.7676758487868,592.0431003994198,128.0,597.3241611480713
101.6152634493189,288.5659531481755,178.8,283.29886665344236,179.5847365506811,294.7985228650081,102.4,300.0656093597412
230.3883435993567,356.23424567072925,332.4,356.0899540901184,332.4116564006433,364.3308281055159,230.4,364.47511968612673
236.8,183.93398561477662,319.6246302600996,184.0915375027131,319.6,197.03960313796998,236.7753697399004,196.8820512500335
172.67847637640565,211.20330444832567,191.6,210.89531288146972,191.72152362359435,218.3611410472798,172.8,218.66913261413575
