128.0,728.8006332317988,318.8385581452332,729.392660047076,318.6666666666667,784.8015048503876,127.82810852143342,784.2094780351104
682.6666666666666,34.06450398763021,745.5692919464841,34.26272137919823,745.3333333333334,109.14220650990804,682.4307080535159,108.94398911834001
618.6666666666666,585.4489909807841,766.7423072384354,585.6486602150849,766.6666666666666,641.7440629800161,618.591026094898,641.5443937457153
320.0,615.9270370483398,383.93208720818404,617.1598276484123,383.6,634.3817535400391,319.667912791816,633.1489629399666
51.2,67.80431032180786,127.78880684622666,68.46417629368868,127.6,90.37846145629882,51.011193153773334,89.718595484418
319.97887882401426,578.917712077697,390.0,578.8272591590882,390.02112117598574,595.1775156883399,320.0,595.2679686069489
320.0,596.364949798584,383.9321026373674,597.8037270979924,383.6,612.5607154846191,319.66789736263263,611.1219381852109
320.0,558.9321105957031,403.53346266815373,562.6884958104209,402.8,578.9990371704101,319.2665373318463,575.2426519556923
326.4,360.0937980651855,434.9132070780938,360.7485829267992,434.8,379.5096506118774,326.28679292190617,378.8548657502638
748.8,673.7272514343261,780.8122580222151,674.0686668111574,780.4,712.7233703613281,748.3877419777848,712.3819549844968
326.4,384.8011642456055,415.7950791707681,385.8398314436928,415.6,402.62973098754884,326.20492082923187,401.59106378946154
320.0,669.0857299804687,371.64697629944123,672.2350559850562,370.8,686.1249374389648,319.1530237005587,682.9756114343775
594.8120121056022,673.2876096167997,620.4,673.0325729370118,620.7879878943978,711.9596384605928,595.2,712.2146751403809
19.096413829504158,21.005546386318187,153.2,20.666745376586913,153.30358617049586,61.66803091637613,19.2,62.00683192610741
371.07882959974376,732.3025980050835,562.8,731.8327035903931,562.9211704002562,781.2713226263252,371.2,781.7412170410156
313.6,408.68577461242677,466.98523688313696,410.08793295152793,466.8,430.3514099121094,313.41476311686296,428.9492515730082
651.449084159419,672.91010373431,710.0,671.1202117919922,711.350915840581,715.311348597233,652.8,717.1012405395508
