18.0,370.760376021266,68.96238291088636,371.2907462932914,68.8125,385.6927418410778,17.850117089113645,385.16237156905237
38.99836368324226,79.65603741390014,353.8125,79.60615160129964,353.81413631675775,89.93244719466813,39.0,89.98233300726861
15.0,117.26633525406942,134.82133424213697,117.395053425819,134.8125,125.61868390068412,14.99116575786304,125.48996572893455
17.818761418486634,354.17621620349365,65.8125,353.61898478865623,65.99373858151337,369.2288676316314,18.0,369.78609904646873
56.90223580694973,9.081274427498883,320.8125,8.247570008039474,320.9102641930503,39.19495785233825,57.0,40.02866227179766
14.993755890250915,142.76145965422228,158.8125,142.65622106194496,158.8187441097491,151.18940269013214,15.0,151.29464128240943
93.0,369.3727569580078,144.44663269775927,371.55752143550404,143.8125,386.4900197982788,92.36586730224073,384.30525532078263
83.95867557680019,44.13453898746118,290.8125,43.77060914039612,290.85382442319985,67.2589683665003,84.0,67.62289821356535
14.976068069125864,130.1814982400059,68.8125,130.01794597506523,68.83643193087414,137.89560983956164,15.0,138.05916210450232
11.902278373791237,97.37392484717944,200.8125,96.14850595593452,200.91022162620877,111.21324357069157,12.0,112.43866246193647
41.51913124705245,230.99760533720934,113.8125,210.86446809768677,117.29336875294757,223.36345051377333,45.0,243.4965877532959
90.0,351.9931182861328,144.54752790639742,354.3416323399939,143.8125,371.4136848449707,89.26497209360262,369.06517079110967
