18.67349241694705,46.83798800129338,169.33333333333334,41.95739491780599,171.9931742497196,124.06446724912878,21.333333333333332,128.94506033261618
313.45191143374325,559.2771308944074,473.2,557.5685607910157,473.34808856625676,571.4145629837665,313.6,573.1231330871582
300.7641461063667,465.3868629908246,422.0,465.28964521884916,422.0358538936333,510.0014023566561,300.8,510.0986201286316
320.0,382.21874446868895,434.9146878423156,382.62562122249096,434.8,415.01704559326174,319.88531215768444,414.6101688394598
25.5856372903279,718.5692896813504,338.8,718.3199496984482,338.8143627096721,736.3620097979554,25.6,736.6113497808576
318.79649418643277,512.0058241931221,422.0,509.2022872924805,423.20350581356723,553.5056168469171,320.0,556.3091537475586
204.78291450626608,740.9121220618848,345.2,740.7126260280609,345.21708549373386,752.7384051292772,204.8,752.9379011631012
217.6,757.1852422412485,332.4002101482262,757.1873112138982,332.4,768.847716941312,217.59978985177378,768.8456479686622
179.1025228831495,784.045537212295,281.2,783.135032081604,281.2974771168505,794.0654127808385,179.2,794.9759179115296
25.6,783.7982014928014,89.2024077239095,783.8117119703127,89.2,795.1463992640377,25.597592276090488,795.1328887865263
281.3823735418108,421.5545666144121,505.2,420.4404287338257,505.41762645818915,464.159108598448,281.6,465.2732464790344
