289.4184024599399,224.66429546879397,349.6675,223.88834854602814,349.7850975400601,233.019315437807,289.536,233.79526236057282
307.5838565133612,280.4605829083325,349.6675,280.2204854846001,349.7156434866388,288.6589489067195,307.632,288.89904633045194
280.488,184.44292263412476,350.0481938539459,186.25520906200734,349.6675,200.86721402549745,280.10730614605404,199.05492759761486
292.552,204.00796411705016,350.046590524798,205.65738103064373,349.6675,218.8715382976532,292.172909475202,217.22212138405962
295.568,265.1117257232666,349.92011347299155,266.3438419828325,349.6675,277.4873327388763,295.31538652700846,276.2552164793105
144.768,99.18803374528885,289.5553786990654,100.01742884429092,289.34749999999997,136.30678232765197,144.56012130093458,135.47738722864992
298.584,235.1694313082695,349.6939121649842,235.31631074379234,349.6675,244.50700124192238,298.5575878350158,244.36012180639952
196.0229630274487,331.15909612700784,295.3795,331.040313906312,295.3965369725513,345.29105432250657,196.04,345.4098365432024
90.48,347.5476732215509,397.93112883705516,347.6415147052303,397.9235,372.63573338502647,90.47237116294484,372.541891901347
72.20668924982104,187.47714401043223,289.34749999999997,127.48322937774658,295.55681075017895,149.95708824741078,78.416,209.95100288009644
9.030970795996106,10.707213657262944,385.85949999999997,10.419248173475266,385.87652920400393,32.70348104019535,9.048,32.99144652398303
73.9717014640088,223.67196262419148,349.6675,145.32328488540648,354.1117985359912,160.96202275788858,78.416,239.31070049667358
