620.8,679.6992391586303,761.4007211117339,680.3985840605063,761.2,720.7528255462646,620.5992788882661,720.0534806443886
652.8,245.12476348876953,716.5104495725284,245.6195039310957,716.4,259.8427032470703,652.6895504274715,259.34796280474416
640.0,621.024507522583,742.2668421852868,621.7806507342559,742.0,657.8705173492432,639.7331578147132,657.1143741375702
377.383398666868,67.7209365675819,396.4,67.30889472961425,396.616601333132,77.30550386210561,377.6,77.71754570007325
736.0,440.06859321594237,780.5417587247681,440.902357902765,780.4,448.47545738220214,735.8582412752319,447.6416926953795
351.6026732333776,89.82926536636302,441.2,86.61469116210938,441.5973267666224,97.68907112045339,352.0,100.90364532470703
18.286243011450058,42.110564543062786,172.4,35.86036682128906,173.31375698854995,58.39125764245357,19.2,64.6414553642273
108.66457539477842,492.4209107705515,159.6,491.51903839111327,159.73542460522157,499.1674706152518,108.8,500.0693429946899
51.055368598111436,709.7474996236134,76.4,709.2581335067749,76.54463140188855,716.7487002703381,51.2,717.2380663871766
70.27897912648557,786.8895252553972,102.0,786.352282333374,102.12102087351442,793.4978500040022,70.4,794.0350929260254
44.66551338707989,523.9004448249668,76.4,523.3241870880126,76.5344866129201,530.7303585693509,44.8,531.3066163063049
89.51168331305678,466.06217926399285,146.8,465.4214853286743,146.88831668694323,473.3184140358729,89.6,473.95910797119143
633.6,382.0850345611572,742.0788168861466,383.1283428699238,742.0,391.3233917236328,633.5211831138535,390.2800834148662
645.0039377865171,587.3065059350304,742.0,583.7118667602539,743.396062213483,621.3825565649696,646.4,624.9771957397461
108.71714788731249,132.9971781121271,223.6,131.8911033630371,223.6828521126875,140.49656788244076,108.8,141.60264263153076
147.2,-1.099097728729248,275.02923433450036,0.10124981794996146,274.8,24.51322078704834,146.97076566549964,23.312873240369132
89.43507067043278,217.08563503147542,153.2,215.84543018341066,153.36492932956722,224.325244675861,89.6,225.5654495239258
729.6,549.4733787536621,761.3060750998549,549.8633185810926,761.2,558.4883033752442,729.4939249001452,558.0983635478136
38.23536897612792,165.9986969972668,70.0,165.30328226089478,70.16463102387208,172.82317428340338,38.4,173.5185890197754
556.8,760.4504676818848,633.2252419445502,760.7042351593378,633.2,768.3061616897583,556.7747580554498,768.0523942123052
108.74052538863347,300.1038668260791,185.2,299.5081884384155,185.25947461136653,307.14216951272704,108.8,307.73784790039065
70.24476439586816,357.5029868023259,121.2,356.5169193267822,121.35523560413182,364.5387504680293,70.4,365.524817943573
89.57732945341901,383.3231296909867,166.0,383.10986042022705,166.02267054658097,391.233598576683,89.6,391.4468678474426
83.12694530397152,574.9694437922875,153.2,574.2894232749939,153.27305469602848,581.8173810062965,83.2,582.49740152359
83.12964111989069,600.7511264660643,204.4,599.7319433212281,204.47035888010933,608.1037915847016,83.2,609.122974729538
25.430839768036996,684.3943517628499,76.4,683.2764375686645,76.56916023196301,690.9889749106578,25.6,692.1068891048432
422.1880188797874,1.3762121496359245,678.0,-2.3731063842773437,678.2119811202126,12.090138024314271,422.4,15.839456558227539
95.95985091134243,626.6364419996041,210.8,626.0421662330627,210.84014908865757,633.8007315099936,96.0,634.395007276535
697.6,356.2003826141357,793.3041395057293,357.37036681086863,793.2,365.8889278411865,697.4958604942707,364.7189436444536
18.943852729238092,389.7376761402307,50.8,388.6706926345825,51.05614727076191,396.3182946239295,19.2,397.3852781295776
544.0,786.4897100448609,652.4157845644801,786.722963437721,652.4,794.0596024513245,543.9842154355199,793.8263490584643
