20.44330969303955,23.421425565177568,382.6666666666667,19.396156311035156,383.5566903069605,99.48703481346928,21.333333333333332,103.5123040676117
21.333333333333332,124.87488348906238,382.73420160058555,125.19688893580678,382.6666666666667,200.99431411425272,21.26579839941444,200.67230866750833
185.6,374.13514404296876,247.96142225414263,420.5963019466188,236.4,436.11435546875,174.03857774585734,389.6531975651
320.0,279.59459075927737,386.853089772403,315.4356985725289,377.2,333.44124908447264,310.346910227597,297.6001412712211
460.8,173.61162719726562,527.8429918391912,212.2914495601471,518.0,229.35211791992188,450.9570081608088,190.6722955570404
204.8,353.89420928955076,273.4306574910956,382.70771862376984,262.0,409.9343063354492,193.3693425089044,381.1207970012302
339.2,260.20069274902346,412.29774665444086,290.5709189470837,402.8,313.4309356689453,329.7022533455592,283.060709470885
588.8,66.84108428955078,661.5134312463709,109.4239176086262,652.4,124.98579559326171,579.686568753629,82.40296227418631
614.4,53.47530670166016,687.4329532894901,87.5429751810796,678.0,107.76497650146484,604.96704671051,73.6973080220454
57.6,459.159114074707,125.02024442108811,501.2604080336188,114.8,517.626921081543,47.37975557891189,475.52562712263125
480.0,157.85701675415038,552.788954381366,191.9840200644246,543.6,211.5829978942871,470.81104561863395,177.4559945840129
83.2,446.694645690918,156.9589868197063,486.0174910467946,146.8,505.07299346923827,73.0410131802937,465.75014811336166
