19.73333333333333,23.328509293620783,354.1817071709045,24.58863881881924,353.96666666666664,81.66209477186203,19.518292829095532,80.40196524666355
396.4924397102618,410.6035490295545,449.55,410.0173827171326,449.69756028973825,423.37398271826356,396.64,423.96014903068544
324.7569848823149,343.3284394330134,455.47,339.18279281616213,456.3130151176851,365.7632175379644,325.6,369.90886415481566
361.12,470.2965789651871,449.6247721766708,470.86278018420387,449.55,482.5506647014618,361.04522782332924,481.98446348244505
361.11976367807864,482.37836812539285,419.95,482.37709233470264,419.9502363219214,493.27454956682146,361.12,493.2758253575117
307.53422572405265,375.27494545648494,337.07,374.6004797935486,337.3757742759474,387.99075373937694,307.84000000000003,388.66521940231326
23.627590909716645,210.5482245365995,135.79,210.33401173472404,135.84240909028335,237.7755547841919,23.68,237.98976758606733
396.5479026779298,427.68029194536945,479.15000000000003,427.100563621521,479.2420973220702,440.2229722529338,396.64,440.80270057678223
153.92000000000002,165.25164083600043,183.1818692147504,165.38831468835457,183.15,172.21151296615602,153.8881307852496,172.0748391138019
165.76,158.7052398490906,195.0595712490059,159.0109280485765,194.99,165.679186000824,165.69042875099413,165.3734978013381
319.5211815081644,430.1122347551147,366.67,429.5333174324036,366.82881849183565,442.46798694555366,319.68,443.04690426826477
324.8212640581106,385.8789925933424,449.55,381.1943461608887,450.32873594188936,401.92819471592276,325.6,406.6128411483765
366.99395773408406,520.0897002724865,384.43,519.9854740524293,384.47604226591596,527.6879014654896,367.04,527.7921276855469
23.676429002132167,171.64551154034757,129.87,171.59160989791155,129.87357099786783,178.62696166963704,23.68,178.68086331207306
361.12,493.47696643829346,443.65281526448223,493.6479696375682,443.63,504.65950636148455,361.09718473551777,504.4885031622098
491.36,435.5997760009766,509.2469672173592,435.85831222071295,508.75,470.24125606536865,490.8630327826408,469.9827198456323
23.609424296969735,141.10859359231867,177.23000000000002,140.23713773012162,177.30057570303026,152.6782498970898,23.68,153.5497057592869
509.12,458.4235811328888,591.6698231681908,458.6715730963754,591.63,471.92762964725495,509.0801768318093,471.67963768376836
556.3388477914203,10.465069392342423,680.4300000000001,9.893501749038697,680.5711522085797,40.53858882604136,556.48,41.11015646934509
325.6,486.5076907348633,348.9943590389255,486.64706965286604,348.91,500.80649686813354,325.5156409610745,500.66711795013083
549.5732085541188,435.2925131446688,567.95,434.57950675964355,568.9367914458812,460.01274408036784,550.5600000000001,460.7257504653931
266.3866895184703,455.8378750052555,414.03000000000003,455.7017149806023,414.0433104815297,470.13475846861763,266.40000000000003,470.27091849327087
556.48,47.93282535910606,680.4417569489985,48.02315493065645,680.4300000000001,64.15753959774972,556.4682430510015,64.06721002619932
5.795759480840594,303.3843155529839,135.79,302.8036111688614,135.9142405191594,330.61561392175736,5.92,331.19631830587986
313.7447002652426,412.25101221468316,366.67,412.1904709291458,366.68529973475745,425.56552632663386,313.76,425.6260676121712
5.838060575841399,256.7218169626343,135.79,256.34019971609115,135.8719394241586,284.2429928449792,5.92,284.62461009152236
213.12,459.58466467395425,236.43469034653577,459.59469693842897,236.43,470.49492563307285,213.11530965346424,470.4848933685982
331.1559384007666,445.93944104143065,437.71000000000004,442.769201374054,438.07406159923335,455.0055765824707,331.52,458.1758162498474
17.748428887065664,95.04859207219536,189.07,94.98899389728903,189.08157111293434,128.25144279864526,17.76,128.31104097355157
