512.0,398.7344338099162,767.0335166935992,400.01392001899507,766.6666666666666,473.13628101348877,511.6331499730675,471.8567948044099
490.6666666666667,235.19519460201263,766.7348333786346,235.54799382979914,766.6666666666666,288.8889813423157,490.59849995469864,288.53618211452914
512.0,35.55555216471354,770.7447122317113,40.54929577265831,766.6666666666666,251.8482348124186,507.92195443495524,246.85449120447387
512.0,461.1431477864583,788.4946367502247,512.5649667533056,766.6666666666666,629.9337565104166,490.1720299164421,578.5119375435694
428.7720110756707,725.0594853916494,492.4,724.9860893726349,492.42798892432927,749.2500616035135,428.8,749.323457622528
38.4,38.867066383361816,172.608505779542,39.94348101387984,172.4,65.94020042419433,38.19149422045797,64.86378579367631
217.5001813841724,67.86644710901663,345.2,67.4834189414978,345.2998186158276,100.76248355504586,217.6,101.14551172256469
713.0961874926791,738.9221755476159,748.4,735.8175216674805,752.103812507321,777.9345200090247,716.8,781.0391738891601
569.1742006684443,297.0889280132272,754.8,295.51681480407717,755.2257993315557,345.792673320391,569.6,347.364786529541
211.2,391.27444686889646,275.88776701877066,396.8229720239376,274.8,409.50475997924804,210.11223298122937,403.95623482420694
192.0,638.1640345811844,217.2151231031989,638.2096689456263,217.2,646.5658915758133,191.98487689680107,646.5202572113715
96.0,549.4630928039551,135.1485185069225,552.9996207028374,134.0,565.7134460449219,94.85148149307749,562.1769181460395
64.0,62.281856536865234,141.14643440489857,64.75478094528361,140.4,88.04087600708007,63.25356559510143,85.5679515986617
403.2,749.1533866882324,493.24322911135835,752.3677380481679,492.4,775.9890113830567,402.3567708886417,772.7746600231212
510.7555583350416,733.5440662860012,550.0,732.1435745239257,551.2444416649585,767.0151957989597,512.0,768.4156875610352
