37.29814566933518,18.422675788000692,222.83333333333334,18.29841313014428,222.8685209973315,70.8367215485916,37.333333333333336,70.960984206448
100.24324505167121,313.63234585419264,190.04999999999998,311.5875747680664,190.60675494832878,336.04036342009937,100.8,338.0851345062256
50.4,663.4059645175934,184.5510483597662,663.9701560658784,184.45,687.9970019817353,50.298951640233774,687.4328104334502
50.4,637.2285495609045,184.54254570577228,637.7401799897606,184.45,662.0044064044952,50.30745429422771,661.4927759756391
106.39999999999999,547.5814423203468,178.8738997436715,547.7562015043281,178.85,557.6675983607769,106.3761002563285,557.4928391767955
134.34507824894436,373.9628414486732,156.45,373.7836538314819,156.50492175105563,380.55890442382434,134.4,380.7380920410156
548.573418701161,481.8746592802993,576.4499999999999,481.4898546218872,576.676581298839,497.9041881279954,548.8,498.28899278640745
95.2,352.0596283316612,134.13884869789,352.4491636490125,134.04999999999998,361.33068439960476,95.11115130210997,360.9411490822535
106.39999999999999,363.60100129842755,128.51217569420479,363.7841446955881,128.45,371.29104855060575,106.33782430579521,371.10790515344524
268.8,21.212485378980634,671.6944880212661,21.613667447137008,671.65,66.2915829718113,268.75551197873386,65.89040090365492
348.94300525691784,536.733482303439,369.25,533.1971275329589,373.10699474308205,555.345349941434,352.8,558.881704711914
246.30243551929595,546.7199651645839,324.45,545.9011132240295,324.547564480704,555.2122306180775,246.4,556.0310825586319
218.38038420406278,643.8239689397135,666.05,643.5896195709705,666.0696157959372,681.0610063207827,218.4,681.2953556895255
403.1288438954801,242.7857030107628,447.65,242.46887431144714,447.72115610451993,252.46781709650648,403.2,252.78464579582214
111.95895354217825,343.6068188670657,162.04999999999998,343.39685141444204,162.09104645782173,353.1891311224915,112.0,353.3990985751152
380.8,251.03305263519286,470.0774290696105,251.30590889731164,470.05,260.2805858850479,380.77257093038946,260.0077296229291
548.7254019023541,524.3819621604171,570.85,524.1769411087035,570.9245980976459,532.2271043259415,548.8,532.432125377655
548.7786728259825,559.3065658499056,565.25,559.2622684955596,565.2713271740174,567.1924680780118,548.8,567.2367654323577
391.92901295938975,489.19340182530857,453.25,488.7676229953766,453.3209870406102,498.9912299276593,392.0,499.41700875759125
572.8531983278912,544.571447004392,621.25,540.5940818786621,625.1968016721088,588.6189857348658,576.8,592.5963508605956
548.7396976629733,531.8629769227273,570.85,531.6801021575927,570.9103023370267,538.9708997824424,548.8,539.1537745475769
386.4,463.59433004856106,458.89144270745527,463.98357583318597,458.84999999999997,471.70168550014495,386.35855729254473,471.31243971552004
374.75988773229875,212.59191911848177,475.65,210.80496435165404,476.0901122677012,235.6533695396603,375.2,237.44032430648804
313.4321257762555,341.5696989744911,330.05,341.20478200912476,330.2178742237445,348.84956972896964,313.59999999999997,349.2144866943359
140.0,363.5742279052734,162.07170124806095,363.6356579081025,162.04999999999998,371.4328814446926,139.97829875193904,371.37145144186354
239.98419037796583,288.242789981658,335.65,285.2419944763183,336.46580962203416,311.2501272699289,240.79999999999998,314.2509227752685
240.34455755913993,333.9073980382497,335.65,329.3112063884735,336.10544244086003,338.75514316048077,240.79999999999998,343.35133481025696
397.5919297394806,474.3193200720115,447.65,474.26640604138373,447.6580702605194,481.90108560196916,397.59999999999997,481.95399963259695
257.10687518093545,319.92716130740484,313.25,317.4642660140991,313.7431248190645,328.705331902434,257.59999999999997,331.16822719573975
