163.6,200.74666509914397,229.1965252337072,203.17385173940457,228.8355,212.93082735061645,163.23897476629276,210.50364071035582
143.968,190.14747711610792,176.68337874882673,190.817740810957,176.4835,200.57376522636412,143.76812125117326,199.90350153151508
183.232,249.24286020851133,252.05534046131464,251.8281547720395,251.7395,260.23616982269283,182.91615953868532,257.65087525916465
173.416,154.06740026950834,239.02411581596067,157.11162340983438,238.65149999999997,165.1421193628311,173.0433841840393,162.09789622250509
170.1059430675026,335.82919781977847,219.0195,335.6876330307722,219.0575569324974,348.8370888202695,170.14399999999998,348.9786536092758
150.512,227.10543057727813,222.63880913346503,230.46726218897172,222.29149999999998,237.91864657497405,150.16469086653495,234.55681496328043
179.95999999999998,238.84340831565856,245.45355324302028,241.11028631737906,245.19549999999998,248.56583699035642,179.70194675697968,246.29895898863592
220.409412345384,271.68918868574633,235.37949999999998,268.59411502838134,237.46608765461596,278.68641122117504,222.49599999999998,281.78148487854
166.87199999999999,168.61562180709836,255.5861650556716,172.10554984303778,255.01149999999998,186.71356756591797,166.29733494432836,183.22363952997856
71.91590635133676,348.9829869359935,219.0195,348.5876092509031,219.08759364866322,373.9224240387474,71.984,374.3178017238378
232.2528909376926,339.7430284649364,277.9155,339.5309045011997,277.97460906230737,352.25494546589925,232.31199999999998,352.46706942963596
229.04,203.33275472307204,366.36794760810284,203.91138243726067,366.2595,229.64967163181302,228.93155239189713,229.0710439176244
186.504,258.4079354228973,251.98102376706473,260.2792968787785,251.7395,268.72996651649476,186.26247623293528,266.85860506061357
150.512,209.86591067028044,203.06016165890276,212.14892981685708,202.65949999999998,221.3709434185028,150.11133834109722,219.08792427192614
78.52799999999999,314.0936776599884,294.76464295011345,320.9211294665853,294.27549999999997,336.41309227371215,78.03885704988653,329.58564046711524
87.50840168111435,261.6492623795463,127.4035,260.6537738022804,128.23909831888562,294.14112649355394,88.344,295.13661507081986
150.512,250.10067562770843,170.0352130136683,250.33199112350147,169.93949999999998,258.4102460956573,150.41628698633167,258.17893059986426
127.60799999999999,274.2658399620056,299.36462849117817,284.75322242683336,297.54749999999996,314.5131614990234,125.7908715088218,304.02577903419564
241.0728284547246,350.6638681448764,379.34749999999997,344.9877695350647,380.4026715452754,370.6926610242062,242.128,376.3687596340179
85.06192709478296,336.1032392226314,160.12349999999998,336.04350453677773,160.13357290521702,348.7009429832989,85.07199999999999,348.7606776691526
349.98540685843216,0.010409425007800685,408.79549999999995,-0.5205886440277099,408.9140931415678,12.614061194193859,350.104,13.145059263229369
