88.33797147342058,134.65158939385122,121.446,134.18384631729126,121.68402852657941,151.03210264230066,88.576,151.49984571886063
55.36,615.4716731415987,647.3972669331437,615.9154230055017,647.366,657.630792743206,55.32873306685631,657.187042879303
3.0733499229227914,497.29915216767654,93.76599999999999,442.4546036224365,112.83665007707721,473.99042331755294,22.144,528.8349718627929
50.61322094265756,557.4128673638147,187.878,440.97246355438233,209.2327790573424,466.1463631049353,71.968,582.5867669143677
492.1284972544245,83.73572377067165,586.47,55.684316925048826,592.5815027455754,76.2383075403635,498.24,104.28971438598633
549.9575698275112,174.7857012004073,630.7579999999999,146.80968189239502,634.4004301724888,157.3297605915849,553.6,185.30577989959716
204.832,298.3469657440185,349.48802745283126,302.6597931958227,348.42199999999997,338.41529192733765,203.76597254716876,334.10246447553345
204.832,431.7880412159264,492.3626463839283,431.8606910861341,492.358,450.2499568951726,204.82735361607172,450.1773070249649
419.2785543468207,137.1950524813456,658.438,77.27432808685302,665.4314456531793,105.18701777011921,426.272,165.1077421646118
251.66978213779564,174.354050648683,680.582,117.76183200836181,683.5682178622043,140.39436625195177,254.65599999999998,196.98658489227293
232.512,549.8001359403133,437.0149408712534,550.0535437188857,436.998,563.725018255949,232.4950591287466,563.4716104773765
38.47005886124159,109.63225457857563,165.73399999999998,108.17242529201508,166.0159411387584,132.7512858600764,38.751999999999995,134.21111514663696
287.65248938816586,192.5165376315655,409.318,191.21918821907042,409.5375106118341,211.80490739101748,287.872,213.10225680351257
204.58330315460782,388.4035589797833,486.822,386.64222780036926,487.07069684539215,426.49383229896034,204.832,428.25516347837447
221.42521691998712,480.8756130046355,492.358,480.6587028787136,492.3727830800129,499.1235900911582,221.44,499.3405002170801
199.21823850298878,247.68105360956574,464.678,246.59565411758422,464.7557614970111,265.61404191188427,199.296,266.6994414038658
505.3848562686152,186.61440493775237,542.182,174.63710581588745,546.1091437313848,186.70223593138826,509.31199999999995,198.67953505325318
226.976,457.219439094305,492.38746758899833,457.63148178549295,492.358,476.61261216259,226.9465324110016,476.20056947140205
199.296,343.0456332745552,498.05458077507,344.34661973142363,497.894,381.2223951911926,199.13541922493,379.92140873432413
199.296,270.4517076790333,492.37342815089136,270.69474302536446,492.358,289.29962026906014,199.28057184910858,289.056584922729
198.71713859767007,508.4685316180662,492.358,503.9176520652771,492.9368614023299,541.2680936317964,199.296,545.8189731845855
