253.76807266261764,261.36597803619077,299.71153846153845,261.12953685797174,299.7896196450746,276.30168331890115,253.84615384615384,276.5381244971202
253.38124232620504,241.7581274530741,304.3269230769231,240.25847416657666,304.79183459687187,256.0522806989926,253.84615384615384,257.55193398549005
401.23172277389256,278.2097906940882,470.4807692307692,276.5675717133742,470.7875079953382,289.50212380856914,401.53846153846155,291.14434278928314
350.2125759919035,218.78376339859432,405.8653846153846,216.79758090239304,406.42203939271184,232.39504077891,350.7692307692308,234.38122327511127
309.1059761051388,278.6566433380781,378.1730769230769,278.01170440820545,378.29787004870735,291.37591455288725,309.2307692307692,292.0208534827599
323.07692307692304,409.7651360585139,369.03508792988544,410.38498293072354,368.9423076923077,417.2641165439899,322.98414283934534,416.64426967178025
318.29985840663676,241.69153890971407,465.8653846153846,239.99992242226233,466.02706467028634,254.10382987174248,318.46153846153845,255.79544635919424
318.46153846153845,427.4236445243542,369.0893204662439,428.30686509268276,368.9423076923077,436.7339001252101,318.3145256876022,435.8506795568815
290.61190082063166,334.97734091809457,438.1730769230769,333.0826862041767,438.330406871676,345.33599657301426,290.7692307692308,347.23065128693213
318.46153846153845,417.92201482332666,369.154626727987,419.3567168936833,368.9423076923077,426.85869785455554,318.2492194258591,425.42399578419895
378.17215619263146,258.415238639917,415.0961538461538,257.66472761447613,415.38553611506086,271.9018938330749,378.46153846153845,272.6524048585158
253.42760321896523,219.15447675793223,295.0961538461538,218.0903720855713,295.5147044733424,234.48011122688644,253.84615384615384,235.54421589924738
392.2181863162446,170.6278511615917,682.7884615384615,169.88132825264563,682.8779675299093,204.71988478898828,392.3076923076923,205.46640769793436
