193.16401884495772,330.9710857474743,432.25,270.3107385635376,447.08598115504225,328.7851007378162,208.0,389.44544792175293
351.1060517242889,490.06648332619017,389.67499999999995,483.47033858299255,392.1689482757111,498.0529418752258,353.59999999999997,504.64908661842344
223.46699137263485,416.4556947795915,452.075,351.12024035453794,457.4080086273651,369.78037661628247,228.79999999999998,435.11583104133604
197.6,488.5540078639984,391.24245518718806,503.9808893511495,389.67499999999995,523.6560175418854,196.03254481281195,508.2291360547342
186.56532071425264,401.96607415724776,472.875,319.9994639396667,478.7096792857473,340.3800207371614,192.39999999999998,422.3466309547424
379.59999999999997,521.5823752403259,514.5309733600149,522.2113045424343,514.475,534.2198719978333,379.544026639985,533.5909426957248
62.4,197.1118974685669,147.97553535739485,210.7450512692618,145.275,227.69635705947874,59.69946464260514,214.0632032587838
311.9779915968605,523.4566906177852,337.67499999999995,523.3976787805557,337.69700840313953,532.9813512599613,312.0,533.0403630971908
270.4,40.85157661437988,376.2892722400362,57.38096240270151,374.075,71.5658618927002,268.18572775996375,55.03647610437856
241.34032312323683,260.04398479209607,363.67499999999995,228.24548511505125,371.9346768767631,260.02198124183946,249.6,291.82048091888424
161.1058889930805,547.2888578461359,436.47499999999997,546.4705261409282,436.56911100691946,578.1389365745832,161.2,578.9572682797908
431.59999999999997,495.58362555503845,478.3400838565218,496.41990274619144,478.075,511.23561434745784,431.33491614347815,510.39933715630485
291.2,38.499090149998665,332.49007774362855,38.55436086145292,332.47499999999997,49.818214541673655,291.1849222563714,49.7629438302194
254.79999999999998,10.794029521942138,335.6124566892178,27.18021349661613,332.47499999999997,42.65334520339965,251.6625433107821,26.267161228725662
41.599999999999994,-2.737179034948349,410.9290390346077,6.668714540581362,410.47499999999997,24.496877169609068,41.14596096539228,15.090983594079358
309.8750023420485,478.3484424827134,405.275,448.2901306152344,412.59999765795146,471.5384341957534,317.2,501.5967460632324
