280.8,311.6171606862545,410.79515873736136,311.8549941062571,410.67,380.26434519946577,280.67484126263867,380.0265117794632
471.7051578454623,471.07073347982043,572.481,470.8440312681198,572.5198421545377,488.11051845971474,471.744,488.33722067141537
140.4,463.3900232741833,229.95244796163914,463.6194512247047,229.905,482.13978018164636,140.35255203836087,481.91035223112493
471.744,132.59447173690796,505.4788636915231,133.33807874656597,505.089,151.0248384475708,471.35413630847694,150.28123143791282
28.080000000000002,368.84226839500667,140.19180773573265,369.7673421950417,140.049,387.07453802204134,27.93719226426736,386.1494642220063
28.080000000000002,35.59308507120609,140.233706708456,36.84169849325424,140.049,53.43253569030762,27.895293291544018,52.183922268259465
67.30363143414685,402.1212701837737,95.121,401.8902794172764,95.20936856585314,412.53218083718235,67.392,412.76317160367967
364.90507889514697,54.34495641236934,448.92900000000003,53.589061975479126,449.0639211048531,68.58665914816228,365.04,69.34255358505249
397.93585808508993,231.50244639322474,443.313,229.46230408859253,444.1131419149101,247.25917695501136,398.736,249.29931925964357
66.39466560886093,56.1267572351895,117.58500000000001,52.42851881790161,118.58233439113909,66.233437598566,67.392,69.93167601585388
359.07570346341066,478.743791414021,409.617,477.6875508155823,409.96529653658934,494.3536007330432,359.42400000000004,495.40984133148197
398.736,69.08950745487213,426.6465332779929,69.5630493237671,426.46500000000003,80.26261134624481,398.55446672200713,79.78906947734984
359.42400000000004,146.18968240535258,415.246954735217,146.23819705823487,415.233,162.29508927690983,359.4100452647831,162.24657462402755
258.336,626.0979149951935,426.54896029836675,626.9349729644644,426.46500000000003,643.8074129319191,258.25203970163324,642.9703549626482
67.392,69.49628512859344,89.6294772240764,69.7619045094382,89.505,80.18305460214616,67.2675227759236,79.9174352213014
645.84,124.41952093141526,673.5695807539825,124.42048957328379,673.569,141.04589569618554,645.8394192460177,141.04492705431701
645.84,456.19884434509277,675.7447198995955,459.92910775283957,673.569,477.37138650512696,643.6642801004047,473.64112309738016
359.42400000000004,35.597131613731385,465.94478600114263,36.656450401287046,465.777,53.52832781124115,359.2562139988574,52.46900902368549
594.7849895884468,189.8261339400364,673.569,187.8724996147156,674.0800104115533,208.47996389931905,595.296,210.4335982246399
258.26279834300965,544.7346178960822,342.225,544.3620858421326,342.2982016569904,560.8604575142839,258.336,561.2329895682335
84.24,585.7730328769684,100.74643690875135,585.7826668371088,100.73700000000001,601.9514838809968,84.23056309124864,601.9418499208564
594.7268097265202,523.014215698455,673.569,520.8255162906647,674.1381902734798,541.3291120260018,595.296,543.5178114337921
258.336,644.7128149909973,432.44780498914423,648.0850862670881,432.081,667.0233843784332,257.96919501085574,663.6511131023425
634.6080000000001,435.15879148292544,673.8014989981215,435.6371745455088,673.569,454.68561075210573,634.3755010018785,454.20722768952237
27.749081495751604,388.4137010207916,117.58500000000001,386.2886340136528,117.91591850424841,400.2780130211567,28.080000000000002,402.4030800282955
314.496,458.1604155521393,387.4139968085855,459.4377951856559,387.153,474.33654881858826,314.2350031914145,473.05916918507165
359.42400000000004,666.6003198825717,673.5789093564044,666.8246952928257,673.569,680.699089815259,359.4140906435956,680.474714405005
297.648,101.08999605274201,404.13766159765447,101.88759497920019,404.00100000000003,120.13366678905487,297.51133840234553,119.33606786259669
589.6800000000001,646.8739221811295,673.7236163101829,647.647197930943,673.569,664.4516998844147,589.5253836898171,663.6784241346012
589.6800000000001,313.84009901046755,673.5917884134685,313.950675817227,673.569,331.24378262043,589.6572115865315,331.1332058136705
623.376,232.19421508026124,673.6494711239936,232.4726195097546,673.569,247.0038636274338,623.2955288760063,246.7254591979404
589.6293555080296,544.3840267188014,673.569,544.1276572637559,673.6196444919705,560.7095103972495,589.6800000000001,560.965879852295
25.670268370266918,460.968651523205,55.809000000000005,456.0494701080322,58.218731629733085,470.8133604301489,28.080000000000002,475.7325418453217
257.9749460108576,188.58493542986054,353.457,187.07447284126283,353.8180539891424,209.8980612866388,258.336,211.4085238752365
623.376,478.7216246337891,651.2148448843245,478.9244181115347,651.105,494.0035751438141,623.2661551156755,493.8007816660685
28.080000000000002,52.20799766921997,50.85136159459433,53.13859583776365,50.193,69.24843834257126,27.421638405405677,68.31784017402758
595.296,393.91460908126834,674.683180551011,399.1507606296787,673.569,416.0432534751892,594.181819448989,410.8071019267788
67.15260010832134,85.70676150894099,83.889,85.4119604587555,84.12839989167867,99.00313429832524,67.392,99.29793534851075
359.42400000000004,563.2582431592941,437.9521261309825,564.4350622771121,437.697,581.4594092559814,359.16887386901755,580.2825901381635
292.02107328753675,231.22203518239857,375.921,231.16622616004943,375.9319267124633,247.59278832306268,292.032,247.6485973454118
257.97086840773017,521.5764584712063,347.841,520.1254370269776,348.20613159226986,542.7401436367954,258.336,544.1911650810242
460.4479388779728,355.2261891566374,662.337,354.3931813731194,662.4010611220273,369.9191344751261,460.512,370.7521422586441
67.30994000969417,418.249014848493,83.889,418.1404879817963,83.97105999030582,430.6763470136896,67.392,430.7848738803864
623.376,250.42279669189455,679.4470543399655,251.16633831376075,679.1850000000001,270.9280607299805,623.1139456600346,270.1845191081143
628.992,100.74528681564331,674.4464381445282,102.86753688357518,673.569,121.6605426979065,628.1145618554718,119.53829262997462
359.42400000000004,22.243673842415213,662.3390202229774,22.284250101754193,662.337,37.365874037683014,359.4219797770225,37.32529777834403
28.080000000000002,230.76118114601076,106.3748113176843,230.85915656165002,106.35300000000001,248.28917195418478,28.058188682315702,248.1911965385455
595.296,210.37103069114684,674.0648832001656,212.5432653067103,673.569,230.52482475471498,594.8001167998344,228.35259013915152
514.7818300352725,153.1790939283388,533.169,151.16391408348085,535.0591699647275,168.4104523973448,516.672,170.42563224220277
84.24,268.829787191391,102.51386022275943,270.6919999522812,100.73700000000001,288.1282972583771,82.46313977724058,286.2660844974869
291.74149931284023,566.8187259436592,342.225,565.8000825977325,342.5155006871598,580.1971644600884,292.032,581.215807806015
347.9469573882504,166.15023150715808,443.313,164.96930675411224,443.5580426117496,184.75781918349287,348.192,185.9387439365387
27.560720995687664,166.92622728719664,111.96900000000001,164.63975151729585,112.48827900431233,183.8096231835847,28.080000000000002,186.0960989534855
28.030426627367753,146.1838715450964,78.273,146.03026068466903,78.32257337263225,162.24456874124195,28.080000000000002,162.3981796016693
26.094990083015432,606.306495967239,72.657,600.9700773353577,74.64200991698456,618.2899425512852,28.080000000000002,623.6263611831665
291.52362550495366,601.6137693806626,437.697,598.1760748100281,438.2053744950464,619.7925430335067,292.032,623.2302376041413
33.515490204797665,499.4217594467651,111.96900000000001,498.63179473614696,112.14950979520235,516.5587056420196,33.696,517.3486703526378
286.416,583.4663925876617,393.2298080125234,586.1414413557351,392.769,604.541352104187,285.9551919874766,601.8663033361137
617.4162722953557,567.3383128590121,673.569,565.9653542919159,673.9127277046443,580.023497535275,617.76,581.3964561023712
258.336,209.8173993701935,342.767471315166,212.3482655109303,342.225,230.44548944091798,257.79352868483403,227.91462330018115
33.50003586694133,586.0100771263365,72.657,585.5549604327679,72.85296413305868,602.415164942908,33.696,602.8702816364765
588.943389340628,629.2689837325754,673.569,624.9840673542022,674.3056106593721,639.531872110015,589.6800000000001,643.816788488388
577.3389196241434,375.189097721737,662.337,370.3261441669464,663.4460803758567,389.7114214204139,578.448,394.5743749752045
22.464000000000002,311.85430118608474,102.09440262781382,317.51869658171313,100.73700000000001,336.60114232063296,21.106597372186194,330.93674692500457
33.37815227443719,253.63550691794674,100.73700000000001,252.3953604154587,101.05484772556281,269.65933406949716,33.696,270.89948057198524
33.696,355.1917630168274,224.29963738914716,355.33147533427325,224.28900000000002,369.8436178628504,33.68536261085285,369.7039055454046
308.8624769060711,124.59709754884571,387.153,124.51316048526765,387.1705230939289,140.85745621633203,308.88,140.9413932799101
589.3244770448404,293.6823013531102,673.569,291.8819274959564,673.9245229551597,308.5178398860561,589.6800000000001,310.31821374320987
22.464000000000002,333.60938029534,218.6778010877755,333.6818150243675,218.673,346.6871743931919,22.459198912224505,346.61473966416446
190.94400000000002,131.3198384156227,230.00593197887932,131.5213097570273,229.905,151.09033662700654,190.8430680211207,150.88886528560195
21.016590033611322,270.388942397696,83.889,265.5989480381012,85.33640996638869,284.5973321622787,22.464000000000002,289.3873265218735
595.296,166.0410095808506,673.6043366777272,166.17462247221385,673.569,186.8848730199337,595.2606633222728,186.75126012857044
449.28000000000003,333.63232249689105,673.6129760801967,334.4256242769909,673.569,346.8613520092964,449.23602391980324,346.06805022919656
22.464000000000002,667.2528679938913,342.23885045203576,667.5873837704582,342.225,680.8274954144955,22.45014954796421,680.4929796379286
22.464000000000002,644.3166428747177,102.21842308997294,650.532555266894,100.73700000000001,669.5402304782867,20.98257691002706,663.3243180861106
263.952,62.095835065841676,342.63147411025705,64.126054479189,342.225,79.87862241554261,263.545525889743,77.84840300219528
600.912,61.83873155593872,673.9422608474459,63.478207765384326,673.569,80.10506510925293,600.5387391525541,78.46558889980733
240.66788817137402,41.14577925513899,342.225,36.94509183883667,343.045111828626,56.772367814792034,241.488,60.973055231094364
22.152575098685915,478.90987663056757,78.273,477.8396903371811,78.58442490131408,494.17077016375157,22.464000000000002,495.24095645713805
353.62972790001425,499.43646025994883,443.313,498.56242303276065,443.4912720999858,516.8545789656295,353.808,517.7286161928178
49.4973020349876,566.3060562694976,106.35300000000001,562.8388996925354,107.39969796501241,580.0030346366456,50.544000000000004,583.4701912136078
507.2372826922206,177.9367989569381,561.249,146.15451059532165,570.6837173077794,162.1881353081986,516.672,193.97042366981506
577.7257167650308,41.71587492310167,662.337,38.451708297729496,663.0592832349693,57.174193508752566,578.448,60.43836013412476
22.394243327022522,124.7317059032544,55.809000000000005,124.5837073969245,55.87875667297749,140.33320589972294,22.464000000000002,140.48120440605283
