19.722500293823575,27.880148530553374,318.75,27.22216971218586,319.0274997061764,153.33571773340245,20.0,153.99369655176997
397.5306465688763,36.1563502525764,738.75,29.66923475265503,741.2193534311236,159.55611300712056,400.0,166.04322850704193
540.1846153846153,828.4758359360078,745.5681638874257,828.4841284904304,745.5673076923076,849.6897043108223,540.1837591894973,849.6814117563997
591.6180547272884,907.3949939323334,655.5365384615384,907.3515597125659,655.5492529650193,926.0624238255904,591.6307692307693,926.1058580453579
675.2108304977726,907.5250994070345,745.5673076923076,907.4497260939617,745.5872464253043,926.0613401543508,675.2307692307692,926.1367134674236
533.7496754523352,944.5425812998125,745.5673076923076,944.4462799988114,745.5714783938186,953.6198644638579,533.7538461538461,953.716165764859
12.86153846153846,405.66719298362733,70.78178501858929,407.4300282465188,70.33653846153845,422.05918328211857,12.41629190448763,420.2963480192271
636.6341540228625,988.2230062558053,745.5673076923076,988.0826613889291,745.579307515599,997.3967077356165,636.6461538461538,997.5370526024928
12.86153846153846,382.8172694866474,51.14169733956244,383.0690204094445,51.044230769230765,397.8893664726844,12.76407189120679,397.6376155498873
475.87502661068527,955.7215624827872,745.5673076923076,955.6664915989797,745.5692041585455,964.953836749496,475.87692307692305,965.0089076333035
597.916653577392,795.624206842676,745.5673076923076,794.8491060605415,745.7121925764541,822.448546557393,598.0615384615385,823.2236473395274
565.9076923076923,976.482745546561,629.8617539781312,976.7829441846076,629.8134615384615,987.0711243207637,565.8593998680226,986.7709256827172
546.6153846153846,855.7077901381713,745.9142428882698,857.4440364499271,745.5673076923076,897.2677573020641,546.2684494194225,895.5315109903082
578.7692307692307,999.192926378892,745.5963030894397,999.64250526445,745.5673076923076,1010.4019456423246,578.7402353720987,1009.9523667567664
6.155798631663009,432.64071505668323,186.0903846153846,431.28759491535334,186.36535521449082,467.8525084042953,6.43076923076923,469.20562854562525
5.798025906591886,479.78228662385976,121.7826923076923,477.7404481915327,122.41543563186966,513.682823557928,6.43076923076923,515.7246619902551
