60.64,360.08991410255436,271.94603864650605,388.1366377358066,261.51,466.762505569458,50.203961353493945,438.7157819362058
80.85333333333334,-3.8631508549054465,326.8785997011035,0.7943179971533674,322.15000000000003,250.57698707421622,76.12473363222989,245.9195182221574
424.48,376.06005990346273,597.4537175277618,408.7383530810051,584.9233333333334,475.06455697377527,411.94961580557157,442.3862637962329
321.8067649515441,571.1633285708594,594.3011538461539,570.6296307544525,594.3528504330714,597.024773149538,321.85846153846154,597.5584709659448
76.9623852639121,947.6809830962351,258.44884615384615,947.6424964834579,258.4526147360879,965.4135239726078,76.96615384615386,965.452010585385
433.0201117522836,496.40661929197097,580.3073076923077,492.34477480228134,581.096426709255,520.9591463185039,433.8092307692308,525.0209908081936
433.7688121189594,679.8325212651027,545.3226923076924,679.5769080794776,545.3631109579638,697.2162847757346,433.8092307692308,697.4718979613598
83.85898859942101,852.5394113721945,209.47038461538463,851.8938103665756,209.57447293904053,872.1457609205332,83.96307692307693,872.7913619261523
521.1567507883773,850.51330301325,594.3011538461539,835.0997991811313,597.9136338270074,852.2427340151361,524.7692307692308,867.6562378472549
522.151060400705,394.39825285179325,580.3073076923077,379.12016658562885,582.9254780608335,389.0862684095688,524.7692307692308,404.3643546757332
188.9169230769231,330.2893395996094,243.1948605250993,339.62395614985434,237.45807692307693,372.9815964801495,183.18013947490076,363.64697992990455
69.71930760691357,525.9528835557765,244.455,524.7200380537143,244.70492316231721,560.1425599670621,69.96923076923078,561.3754054691242
433.57125889022575,755.9860531225247,580.3073076923077,753.8173755058876,580.5452795713128,769.918917285695,433.8092307692308,772.0875949023321
419.7081501350586,778.5560205935092,594.3011538461539,777.0822630951956,594.40838832648,789.7861102633717,419.81538461538463,791.2598677616853
433.8092307692308,723.7127456463301,468.59804108520854,724.1707505224113,468.3565384615385,742.5146359359302,433.56772814556075,742.056631059849
180.42317193468043,376.12763527330725,244.455,368.121579683744,245.9518280653196,380.0930975241688,181.92000000000002,388.09915311373203
447.80307692307696,791.4067728952261,552.582568370458,793.4301298426111,552.3196153846154,807.0471439669683,447.54012393723434,805.0237870195833
412.8184615384616,841.2645599710025,448.34314807103317,843.5421229382497,447.3657692307693,858.7869602592175,411.8410826981976,856.5093972919703
419.7641735742711,702.7622749157201,587.3042307692308,702.3093505239488,587.3554418103444,721.252690545039,419.81538461538463,721.7056149368103
523.4905799632944,345.07940402328813,573.3103846153847,338.8808362032817,574.5890354213211,349.1577477770143,524.7692307692308,355.3563155970207
419.65882658790764,660.5813887916711,594.3011538461539,659.0670600777406,594.4577118736308,677.1223594443983,419.81538461538463,678.6366881583288
524.7692307692308,357.1028901804411,574.1431448193948,358.48634299026884,573.3103846153847,388.2066416843121,523.9364705652206,386.8231888744844
62.86810951747162,829.1523881770345,265.44576923076926,828.1171874573598,265.5499674056053,848.5076508752412,62.972307692307695,849.5428515949159
62.972307692307695,879.6294174933893,265.47980139148683,879.9670203322999,265.44576923076926,900.3808521422516,62.93827553159013,900.043249303341
