384.0,160.00610828399658,799.2503952700663,163.8203133089457,798.6666666666666,227.37052408854166,383.41627139660045,223.5563190635925
320.0,80.43344243367513,681.386153392763,80.73866123612923,681.3333333333334,143.27883879343668,319.9471799405702,142.9736199909826
255.4829903086688,11.454748490873966,574.6666666666666,8.614729881286621,575.1836763579978,66.7203540609042,256.0,69.56037267049153
-19.148266194923153,105.88058773955852,190.66666666666666,-18.267588297526043,231.14826619492317,50.14778725026895,21.333333333333332,174.29596328735352
473.24165064290656,417.9473414248329,524.4,417.0810775756836,524.7583493570935,438.24386951266706,473.6,439.1101333618164
601.5512555466661,426.57392916668834,626.8,426.47861461639405,626.8487444533339,439.39097943316517,601.6,439.48629398345946
601.4847542861328,440.83452922680317,626.8,440.55513229370115,626.9152457138673,450.9971709074742,601.6,451.27656784057615
473.6,440.96989431381223,511.61789514533086,441.04281376906994,511.6,450.3727759361267,473.5821048546692,450.29985648086904
473.6,599.2339324951172,511.9068800564952,600.1374198074848,511.6,613.1488006591796,473.29311994350485,612.245313346812
518.4,568.148819732666,537.2667799965253,568.3191752176352,537.2,575.7150245666504,518.3332200034747,575.5446690816811
486.4,465.8473146438599,530.8076735425086,465.89314995285787,530.8,473.3276841163635,486.3923264574913,473.2818488073655
582.4,376.0741195678711,646.0844118302564,376.56594731348684,646.0,387.49602966308595,582.3155881697436,387.0042019174702
