68.79639377109024,165.38090890392482,225.67499999999998,160.07532450199128,227.67860622890979,219.31911911741076,70.8,224.62470351934434
69.65602785255419,79.97584332023627,494.715,71.51027728557587,495.85897214744574,128.94951090182298,70.8,137.4150769364834
446.0366529693061,506.11477647011054,526.4865,506.1022585142255,526.4898470306939,527.6128078248196,446.04,527.6253257807047
106.16843978853628,34.02774886224668,212.1345,33.767007081627845,212.16606021146376,46.59314971329768,106.2,46.853891493916514
259.1161608146002,401.29773359918005,301.34250000000003,401.2345743566752,301.3543391853998,409.1498918706834,259.12800000000004,409.21305111318827
237.83563821051166,338.5743057518515,280.1025,338.3199409961701,280.1548617894884,347.0207081815687,237.888,347.2750729372502
276.12,389.6361810770631,314.09992760552433,389.7011992159436,314.0865,397.54484861147404,276.10657239447573,397.4798304725936
356.832,139.3700819556713,484.0633212584058,139.79931245393905,484.0065,156.64211326074602,356.7751787415943,156.21288276247827
301.53861630574636,32.830712114577594,450.02250000000004,32.02275451612473,450.0918836942537,44.77386968302221,301.608,45.58182728147507
233.64000000000001,350.99483817189935,275.86414286277005,351.0416975231193,275.85450000000003,359.7307127273083,233.63035713722996,359.68385337608834
254.83719224786887,316.0791314158626,301.34250000000003,315.83313068819047,301.38530775213115,323.92573962424325,254.88000000000002,324.1717403519154
135.936,167.89934784793854,458.80623728809064,169.99119736785633,458.5185,214.40252122163773,135.6482627119094,212.31067170171997
224.93249050433877,32.70858116221569,284.3505,31.774262755393984,284.56200949566124,45.22521601700643,225.144,46.15953442382813
280.285146182837,377.02244702770184,318.3345,376.65421932506564,318.41735381716296,385.21559094856315,280.368,385.58381865119935
242.1263113662751,325.55312619113016,284.3505,325.508146933794,284.36018863372493,334.60333263120964,242.13600000000002,334.6483118885458
352.584,529.2168008251191,472.3387071433641,534.9114443605553,471.26250000000005,557.5433914661407,351.50779285663594,551.8487479307046
