259.88820196510625,24.939226748853844,698.75,24.01407152414322,698.8617980348937,77.04721158513433,260.0,77.97236680984497
40.0,5.487169474363327,202.90632786404723,15.310659294476817,198.75,84.23648118972778,35.843672135952765,74.41299136961429
47.99053609248716,705.8119543745859,725.625,705.5738123953342,725.6344639075129,732.5034193218011,48.0,732.7415613010526
570.0,525.4680283069611,624.0383751228444,526.4100609088418,623.625,550.1227433681488,569.5866248771557,549.1807107662681
77.95509095454115,434.4983950727251,365.625,433.4604456424713,365.6699090454589,445.9070838368866,78.0,446.9450332671404
150.0,146.9281015098095,293.7488372573804,147.43157021892097,293.625,182.78920304775238,149.87616274261967,182.28573433864094
107.85878794119161,256.7240400312147,317.625,255.47284698486328,317.76621205880843,279.14746598921204,108.0,280.39865903556347
78.0,460.6333024967462,395.63193486021316,460.9018574354582,395.625,469.1040267124772,77.99306513978684,468.8354717737652
78.0,490.88730812072754,191.66085708606622,491.36913005579765,191.625,499.82774689793587,77.96414291393378,499.3459249628658
84.0,511.98677229881287,144.028415598758,512.8928963714616,143.625,539.6181539297104,83.59658440124203,538.7120298570617
107.98375379373078,231.46968601933312,293.625,231.34197042882442,293.6412462062692,254.95667530493247,108.0,255.08439089544117
108.0,206.30435193981975,317.63035621780176,206.35234573363007,317.625,229.74757575429976,107.99464378219828,229.69958196048944
162.0,512.1014921665192,186.68261983731904,513.0419108279799,185.625,540.8006415367126,160.942380162681,539.860222875252
17.36240411541551,71.85512553933899,221.625,68.83794593811035,222.26259588458447,112.00308945741614,18.0,115.02026905864477
472.5326680650334,538.0265053666664,515.625,536.6209745407104,517.0923319349666,581.6080738150049,474.0,583.0136046409607
78.0,474.1073659658432,389.7252244455255,477.05410272410995,389.625,487.65650475025177,77.89977555447454,484.7097679919851
546.0,573.7529224455357,647.6444439388646,573.9988026095458,647.625,582.0367358922958,545.9805560611355,581.7908557282858
