240.0,759.107843362368,399.8459501306505,760.8904181740737,399.6153846153846,781.5655469894409,239.76943448473406,779.7829721777351
246.15384615384613,601.9520451472356,265.0623948955277,602.8893795546535,264.2307692307692,619.6654994671161,245.32222048908767,618.7281650596982
233.84615384615384,805.5404560382549,345.49829615432833,813.6047671404393,344.2307692307692,831.1539532588079,232.57862692259476,823.0896421566234
233.73029884583448,832.2746422313227,424.2307692307692,830.8089520381047,424.3466242310886,845.8669992020997,233.84615384615384,847.3326893953176
240.0,648.1940911366389,424.39015511086467,650.3844623649784,424.2307692307692,663.8019081262441,239.84061411990453,661.6115368979047
159.87689802275833,447.1329718195773,528.8461538461538,446.16940837640027,528.9692558233955,493.30781452377715,160.0,494.27137796695416
240.0,625.9423211904673,338.6401525247726,629.6762636168563,338.07692307692304,644.5551857581505,239.43677055215048,640.8212433317614
240.0,576.304180071904,418.449175964492,579.6294055159706,418.07692307692304,599.6064633589524,239.6277471124311,596.281237914886
160.0,512.8741530500926,621.2166108406568,513.675226965359,621.1538461538462,549.8118625237391,159.9372353131893,549.0107886084727
233.84615384615384,780.8209492610051,309.31322683649046,789.1209776413449,307.3076923076923,807.3560744065504,231.8406193173557,799.0560460262107
246.15384615384613,273.48580580491284,443.9452143866072,281.51357397822545,442.6923076923077,312.38319103534405,244.90093945954666,304.35542286203145
55.30780888125958,0.23437296727663945,491.9230769230769,-1.1956603710468,491.99988342643275,22.254766378699383,55.38461538461538,23.684799717022823
