459.6736747645399,84.5320875471913,575.0,46.184730529785156,643.3263252354601,251.67018296062122,528.0,290.01753997802734
167.17538461538462,451.63759267586926,422.97538650849054,459.0660142535524,422.5480769230769,473.7805524114462,166.748075029971,466.35213083376306
162.25846153846155,577.0604553846213,417.9748066706096,582.0004297962341,417.63115384615384,599.7895187553993,161.9148087140057,594.8495443437863
373.68615384615384,616.5755836530832,432.8565670127256,617.7791870127545,432.38192307692304,641.1131845151461,373.21150991035137,639.9095811554748
162.25846153846155,409.18750825038325,428.4709026957273,416.53355924505223,427.465,452.98631629650407,161.2525588427342,445.6402653018351
363.8523076923077,348.482383986253,447.7542776657766,359.331821320896,442.21576923076924,402.16277688833384,358.3137992573003,391.3133395536908
299.6576790155053,678.2225921680634,432.38192307692304,676.7323879329974,432.6565517537254,701.192044313295,299.9323076923077,702.6822485483609
521.1938461538462,297.4764040814913,558.1759946282384,299.46425221238434,555.305,352.87655668405387,518.3228515256077,350.8887085531608
132.75692307692307,261.545801693843,268.0847035546009,270.8631196116174,265.20653846153846,312.66653314003577,129.87875798386065,303.34921522226136
516.276923076923,412.46951610565185,572.591147593708,415.11012430759206,570.0557692307692,469.1801928094717,513.7415447139842,466.5395846075315
516.211539660086,356.3016616242691,570.0557692307692,356.2336295900895,570.1211526476062,407.9816002150656,516.276923076923,408.0496322492453
516.276923076923,466.7934685686918,570.1496833197182,466.8831218455816,570.0557692307692,523.3162091000263,516.1830089879741,523.2265558231366
152.42461538461538,594.1403485927215,235.81365796512182,594.5970524037749,235.70499999999998,614.4367898024045,152.31595741949354,613.9800859913511
103.12983060172111,617.8708878365751,334.04346153846154,616.541337081469,334.169015552125,638.347299029424,103.25538461538461,639.6768497845301
