57.575703911623954,394.91117126788663,166.0,394.59374194145204,166.02429608837605,402.89255386743974,57.6,403.20998319387434
38.4,343.5710166931152,166.11787809336215,344.8695551997512,166.0,356.4634662628174,38.28212190663786,355.16492775618144
89.6,375.32325782775877,134.09367365904575,375.8251551488216,134.0,384.12941389083863,89.50632634095425,383.6275165697758
76.8,408.8296684920788,153.2051303442856,408.87155755695164,153.2,418.22924135923387,76.79486965571438,418.18735229436095
256.0,324.5940246582031,703.9630686038223,332.1356098909314,703.6,353.7015434265137,255.63693139617766,346.1599581937854
89.6,425.73316116333007,134.0751843351109,425.94193914299285,134.0,441.95817403793336,89.5248156648891,441.7493960582706
57.30656034822617,315.93580286915596,172.4,313.15748405456543,172.69343965177384,325.3133887964935,57.6,328.09170761108396
102.3971431366862,304.2891783042676,159.6,304.27256149053574,159.6028568633138,314.1072232888215,102.4,314.12384010255334
83.05273104544635,332.3744872620777,140.4,331.3879341125488,140.54726895455366,339.94851936786614,83.2,340.93507251739504
113.43830980369617,361.7816517690002,146.8,356.54671783447264,148.56169019630383,367.77378646342174,115.2,373.0087203979492
