151.92913583517827,111.30015569295537,243.0,105.8732894897461,244.67086416482175,133.91286844644893,153.6,139.3397346496582
31.854529463675597,188.11083000562658,179.0,187.12491998672485,179.1454705363244,208.83616148569118,32.0,209.82207150459288
153.2822647028367,91.32197946619804,230.2,89.89694595336914,230.51773529716328,107.04705453801338,153.6,108.47208805084229
171.46313170518167,175.48752579339754,195.0,168.45836639404297,202.73686829481832,194.3649705444931,179.2,201.39412994384764
30.87466962647473,32.877848499044404,239.8,24.09567184448242,240.92533037352527,50.86694157816507,32.0,59.64911823272705
76.8,320.3901986122131,131.10754587481466,320.7006797947755,131.0,339.5119729042053,76.69245412518535,339.2014917216429
146.9496339454178,143.59594574404977,227.0,132.82993927001954,230.45036605458222,158.48504790829398,150.4,169.2510543823242
76.8,296.6674760818481,131.10726358787204,296.9769706098036,131.0,315.7986020565033,76.69273641212797,315.48910752854783
255.83289948139378,74.91350350119428,284.6,74.79880008697509,284.76710051860624,116.70685878060503,256.0,116.82156219482422
54.02308531507769,265.8772822983416,156.6,264.3061059951782,156.97691468492232,288.91362165139594,54.4,290.4847979545593
41.6,218.38717963695527,179.18151301422162,219.17262094409733,179.0,250.96727561950684,41.41848698577836,250.18183431236474
118.19324166240865,0.9554347613671776,275.0,-1.0934223175048827,275.20675833759134,14.73057292906251,118.4,16.77943000793457
