-13.681847862334266,279.62673845172475,276.0,-16.962015787760418,311.0151811956676,17.237738070085175,21.333333333333332,313.8264923095703
-16.54824295268637,153.3977116093867,169.33333333333334,-20.577931722005207,207.21490961935305,19.896050597644543,21.333333333333332,193.87169392903647
179.2,554.2637543678284,313.22812984451195,554.6390341661561,313.2,564.6853795051575,179.17187015548808,564.3100997068298
306.9594158993007,104.98133187738388,377.2,104.36269340515136,377.4405841006993,131.67875685247452,307.2,132.29739532470703
280.0006959864882,273.1740362071557,358.0,264.61742935180666,359.5993040135118,279.19617558483645,281.6,287.75278244018557
339.12143933760683,511.03483007125794,390.0,510.53357429504393,390.07856066239316,518.5076538307196,339.2,519.0089096069336
281.6,319.1374813735485,511.60616372790037,319.21333915623836,511.6,337.9021982073784,281.5938362720996,337.8263404246885
294.39015698767037,503.41057613678976,390.0,503.3018856525421,390.00984301232967,511.96031486205055,294.4,512.0690053462982
140.8,568.0381188869476,262.036931143386,568.3932006064041,262.0,581.0027443885804,140.76306885661398,580.6476626691239
486.4,555.8352699279785,505.27516598335205,556.0301101652182,505.2,563.3118217468261,486.32483401664797,563.1169815095866
294.4,125.9467887878418,378.7820994779349,131.54514819191434,377.2,155.39157638549804,292.8179005220651,149.7932169814255
473.5347589075724,504.25588553123964,505.2,504.01101341247556,505.26524109242763,512.447559521861,473.6,512.692431640625
319.9190364307582,479.01434073297486,479.6,477.45480308532717,479.6809635692418,485.7446579471399,320.0,487.3041955947876
486.4,522.7282062530518,505.27341839143435,522.8820625118351,505.2,531.8882350921631,486.3265816085656,531.7343788333798
339.19924663493236,517.9144469175403,428.4,517.9062878251076,428.4007533650677,526.1425876524384,339.2,526.1507467448712
421.8026781606477,643.1350930562519,537.2,640.7135452270508,537.7973218393523,669.1785376200176,422.4,671.6000854492188
286.05164998784545,264.49396576956786,313.2,260.7815704345703,315.14835001215454,275.0296456806274,288.0,278.742041015625
384.0,47.22714958190918,486.2577181415498,49.620365300082334,486.0,60.63218879699707,383.74228185845016,58.23897307882392
409.6,492.2657258987427,486.03406085657116,492.5779106853506,486.0,500.91723308563235,409.56593914342886,500.60504829902436
339.2,535.8420845031739,370.8944026246361,536.1829630239073,370.8,544.9603855133057,339.1055973753639,544.6195069925723
447.84258951587026,550.3660442169629,505.2,549.1755126953125,505.35741048412973,556.7592327300586,448.0,557.949764251709
447.9622656629623,530.3114301140253,466.8,530.2199520111084,466.8377343370377,537.9904390876349,448.0,538.0819171905517
274.1363823397951,564.7451015989084,370.8,557.9291954040527,371.8636176602049,573.0134890993338,275.2,579.8293952941895
281.6,542.9604045391083,319.61190532750686,543.0144454458128,319.6,551.3885496139526,281.5880946724931,551.3345087072481
345.6,485.85508160591127,396.4107194906567,485.9235211753883,396.4,493.88185634613035,345.5892805093433,493.8134167766533
191.83441028794454,531.2015310909608,281.2,530.5224290847779,281.36558971205545,552.3130027148864,192.0,552.9921047210694
281.4532800156865,644.0231371896909,402.8,643.4067283630371,402.9467199843135,672.2901383382631,281.6,672.906547164917
