111.11546469986064,368.454411698079,495.0,363.89247846603394,495.88453530013936,438.3257078402282,112.0,442.88764107227325
4.923076923076923,69.2858994428355,122.77799133332817,69.3528778960258,122.76923076923077,84.76791784855035,4.914316358979503,84.70093939536005
9.818879478166325,772.0310196791899,132.6153846153846,771.8822285395402,132.64265898337214,794.3916136856068,9.846153846153847,794.5404048252565
24.50698277932152,42.50752277916289,103.07692307692308,42.088617471548226,103.18532491298616,62.42048157736811,24.615384615384617,62.83938688498277
4.234375675902116,7.897909770024116,423.0769230769231,-5.612785926231971,423.76562432409787,15.73751247808262,4.923076923076923,29.248208174338707
275.2217595951702,241.62639539360154,329.53846153846155,240.1943605863131,330.00900963559894,258.0421256071872,275.6923076923077,259.47416041447565
531.6923076923077,196.21150677020734,586.4865106649439,197.164592085755,585.5384615384615,251.66925753079929,530.7442585658252,250.7161722152516
200.29901595242856,31.399863318818102,240.92307692307693,28.71413362943209,242.47021481680218,52.115976477981775,201.84615384615384,54.80170616736779
73.77615837495729,531.0224929310641,526.4615384615385,529.7189062558688,526.5315339327351,554.0256340599144,73.84615384615384,555.3292207351097
329.84615384615387,319.7881845327524,420.3911579203775,324.1132165568263,418.15384615384613,370.95157564603363,327.6088420796225,366.6265436219598
285.3349498008862,102.0583439724659,309.84615384615387,101.76342186560997,310.0496655837292,118.67743953113987,285.53846153846155,118.97236163799579
