28.682413787523902,9.682353313321174,242.4795,8.770589698791504,242.5810862124761,32.59127729878396,28.784,33.503040913313626
166.02322606726037,172.4539377035574,193.1355,163.18808736038207,197.76027393273964,176.72037345366917,170.648,185.98622379684448
134.00054755481068,213.06015599918632,147.9035,211.53403837394714,149.5989524451893,226.9796333456013,135.696,228.50575097084047
2.056,288.76227374869586,63.86582681417735,295.3252404116204,61.551500000000004,317.12150221252443,-0.2583268141773513,310.55853554959987
143.40381990256776,203.78340772571394,164.35150000000002,197.9337777633667,168.97968009743224,214.50741348705463,148.032,220.35704344940186
20.56,50.56021745580435,238.39621010314448,50.942776729723654,238.3675,67.29083175551891,20.531289896855533,66.90827248159961
141.864,142.96494888687133,158.65789670908285,146.78849841377996,154.07150000000001,166.93299296188354,137.27760329091714,163.1094434349749
199.63684819852844,219.46017110552506,234.2555,198.69296912002565,242.27465180147158,212.06078940472884,207.656,232.82799139022828
32.95297153911383,90.36785368773299,71.8315,64.36480903244019,79.99852846088618,76.57576558259173,41.12,102.57881023788453
96.5865706884272,80.46267100540238,162.2955,80.12317071986199,162.34092931157278,88.91583320042056,96.632,89.25533348596096
12.336,11.076525100708007,29.469668741398376,11.642394907709628,28.6555,36.29417406630516,11.521831258601624,35.72830425930354
16.448,109.88486429922283,176.70209231281956,110.09260215430244,176.6875,121.34947127306461,16.433407687180438,121.14173341798501
78.12549128510415,290.2758615893926,250.7035,290.258505587928,250.70600871489586,315.20371097069983,78.128,315.22106697216446
