149.5151481791204,160.71414982502765,178.75199999999998,159.1798068847656,179.76485182087958,178.4796634073942,150.528,180.01400634765625
156.29082841171933,212.7774389690515,200.256,208.80700671386717,201.66117158828067,224.36667528876097,157.696,228.3371075439453
128.42056917159695,263.44245006456555,150.07999999999998,262.35424841308594,150.68343082840303,274.3648608485204,129.024,275.4530625
114.30066433324494,168.25302826997486,135.744,167.59967254638673,136.13133566675504,180.31214818266184,114.688,180.96550390625
149.1917186999586,358.89037183947244,214.59199999999998,349.43032501220705,215.92828130004136,358.6684582386526,150.528,368.128505065918
185.05894302825115,385.7554819565854,221.76,382.3737276611328,223.06905697174884,396.58048850239896,186.368,399.96224279785156
156.66489657103654,186.8142790084179,185.92,185.22713500976562,186.95110342896348,204.2329955277149,157.696,205.82013952636717
121.40810396484956,218.53801862807265,142.912,217.78310919189454,143.35989603515043,230.54160618882187,121.856,231.29651562499998
149.69589982387546,390.8143206442844,171.584,389.4749119262695,172.4161001761245,403.0727717629421,150.528,404.41218048095703
121.54670060133755,240.04926096044525,150.07999999999998,239.35164599609374,150.38929939866244,252.00236709131255,121.856,252.69998205566407
150.21740419792093,298.47749876144917,178.75199999999998,297.71536877441406,179.06259580207907,309.3442586238047,150.528,310.1063886108398
365.568,60.672496368408204,551.5475596380355,61.20656159744718,551.4879999999999,81.94724017333984,365.5084403619644,81.41317494430086
178.62996286371842,365.3834559128344,228.928,362.45685632324216,229.49803713628154,372.2538060500562,179.2,375.1804056396484
386.9957150031101,86.36868182546061,529.984,86.00069796752929,530.0602849968899,115.64292449778156,387.072,116.01090835571289
164.46907112374143,234.801547061321,185.92,234.1438480834961,186.31492887625853,247.02449944746806,164.864,247.68219842529297
430.08,8.686618896484374,480.9822462370227,10.151184105648726,479.808,50.96314025878906,428.90575376297727,49.498575049624705
472.75513562793014,823.8298430691074,501.312,822.7376752929687,501.6448643720698,831.4410658664395,473.08799999999997,832.5332336425781
113.09449761742127,144.0150634567701,207.424,133.67505737304688,209.01750238257873,148.2122138869799,114.688,158.5522199707031
107.52,820.608359375,146.01341604571417,829.2380700548822,142.912,843.0721489257812,104.4185839542858,834.4424382458991
143.03953754332272,370.8019176553439,164.416,370.10544409179687,164.7364624566773,379.9412139364529,143.35999999999999,380.63768749999997
105.81384892835354,119.96848447234235,207.424,108.78987792968749,209.13015107164645,124.2982749270717,107.52,135.47688146972655
