270.0,389.7155692577362,396.43483136563253,394.8288434510336,395.625,414.853369474411,269.1901686343675,409.74009528111367
306.0,502.20444971323013,389.7136739418529,502.8888964364969,389.625,513.7344760894775,305.91132605814715,513.0500293662109
311.8218801590118,414.98152940453457,395.625,414.24772703647614,395.8031198409882,434.58971423922617,312.0,435.32351660728455
276.0,622.58593583107,413.8393007044573,625.4080017883454,413.625,635.8751771450043,275.78569929554277,633.0531111877289
292.9003859639301,349.98629997660714,401.625,343.9888229370117,402.72461403606997,363.92305709431577,294.0,369.92053413391113
264.0,579.6471281647682,431.7094312283771,580.6891183818582,431.625,594.2784141898155,263.91556877162293,593.2364239727256
258.0,672.6134204864502,344.7603762015151,697.1370402449878,341.625,708.2294654846191,254.86462379848493,683.7058457260815
318.0,550.3816115856171,377.7113965487613,550.9059327776282,377.625,560.7450517416,317.91360345123877,560.220730549589
318.0,602.5431630313396,377.65338617838125,602.7022009894157,377.625,613.3495438098907,317.9716138216188,613.1905058518148
474.0,161.32791709899902,492.54617797452505,162.30425831315165,491.625,179.8025779724121,473.078822025475,178.8262367582595
282.0,300.7426654100418,419.95753087331417,303.3735343928632,419.625,320.8107912540436,281.6674691266859,318.17992227122227
294.0,613.6819952130318,401.651478123389,613.9616162401509,401.625,624.1554459035397,293.9735218766111,623.8758248764206
353.692344935636,665.3982565134235,389.625,664.2080311775208,389.93265506436404,673.4960735112958,354.0,674.6862988471985
48.0,337.71423463895917,263.71835518733906,338.40003754652355,263.625,367.7647824883461,47.90664481266094,367.0789795807818
276.0,436.03337359428406,419.70710605435556,437.2235041887168,419.625,447.13773000240326,275.91789394564444,445.9475994079706
354.0,657.1197140514851,389.6414383247779,657.1777112499244,389.625,667.2796740084887,353.9835616752221,667.2216768100494
270.0,524.646245598793,425.7482992878255,526.4683314914929,425.625,537.007710814476,269.8767007121745,535.1856249217763
258.0,480.76915526390076,431.9628208518886,485.18965288541784,431.625,498.484144449234,257.6621791481114,494.063646827717
288.0,514.3580592870712,407.701173093704,515.2235632794816,407.625,525.7584756016731,287.923826906296,524.8929716092629
282.0,319.0974065065384,419.8444151455297,321.62897039363355,419.625,333.5761910676956,281.7805848544703,331.0446271806005
270.0,560.038752257824,425.7318483532822,561.5934797736754,425.625,572.2961214780807,269.89315164671785,570.7413939622294
432.0,228.70438027381897,471.4258485366244,239.7579192582991,467.625,253.31481528282166,428.19915146337564,242.26127629834156
