265.6,122.78719940185547,287.81923584860164,159.8032930748955,275.0,167.49815216064454,252.78076415139836,130.48205848760452
323.2,103.77717742919921,348.1217052609437,137.54456566305004,332.6,149.00021514892578,307.67829473905624,115.23282691507498
324.177425149398,108.12224336136617,358.2,95.5981689453125,366.822574850602,119.02203154097758,332.8,131.54610595703124
115.2,361.61049848794937,284.61682149229676,361.7904033713952,284.6,377.63123939037325,115.18317850770322,377.45133450692737
217.6,175.33417205810548,243.8173137160537,178.49598651603853,239.8,211.80697784423828,213.58268628394632,208.64516338630523
51.10137612833457,24.683416337038082,348.6,23.46591854095459,348.6986238716654,47.564907628034554,51.2,48.78240542411804
3.1916753332228764,236.51192412311448,262.2,135.04526062011718,271.80832466677714,159.5718981272517,12.8,261.03856163024903
265.6,111.27794189453125,326.70375368021934,118.51339396322388,323.0,149.79177856445312,261.8962463197807,142.55632649576052
137.09134745755722,238.5623764238398,275.0,191.7842269897461,285.10865254244277,221.58597562694143,147.2,268.36412506103517
54.07095973071597,110.89307751701465,265.4,108.93667240142823,265.72904026928404,144.47929277374158,54.4,146.435697889328
136.4603721897635,210.34926835323895,188.6,197.14903259277344,196.1396278102365,226.929817950472,144.0,240.1300537109375
159.26843266903367,69.25577365083377,239.8,67.58811302185059,240.53156733096634,102.91560276823361,160.0,104.5832633972168
