153.70082765918045,74.51554768791868,234.0,54.11529032389323,272.29917234081955,204.86789042243288,192.0,225.26814778645834
211.2,299.2870498657227,239.68350635022156,301.3573821203471,236.6,343.7800765991211,208.11649364977842,341.70974434449664
208.03067429084246,228.53316526865447,239.8,218.27976684570314,252.56932570915757,257.84448976064243,220.8,268.09788818359374
204.8,332.76373901367185,243.75253520382344,336.0730963146064,239.8,382.59610748291016,200.84746479617655,379.28675018197566
214.4,200.16273498535156,243.88137614136218,233.48136150070795,220.6,254.08146057128906,191.11862385863785,220.76283405593267
208.0,256.0090621948242,245.98142811160568,265.57702921256384,236.6,302.8179641723633,198.6185718883943,293.24999715462366
291.2,291.0381652832031,319.6624470829381,299.3716394500162,313.4,320.7606262207031,284.9375529170619,312.4271520538901
195.2,32.910086035728455,243.05136370850042,32.96898010997198,243.0,74.701930809021,195.14863629149957,74.64303673477747
326.21622823409655,389.9236250453192,393.4,388.76435508728025,393.58377176590346,399.41457533309875,326.4,400.5738452911377
166.3449495308457,390.775089061729,223.8,390.4086203575134,223.85505046915426,399.0394459838948,166.4,399.40591468811033
176.05088182780173,230.1306904786762,214.2,216.4351364135742,230.14911817219826,260.86158247054254,192.0,274.55713653564453
54.4,304.57776107788084,84.24810731641206,306.8147369260856,83.0,323.4683101654053,53.15189268358794,321.23133431720055
281.6,308.5937866210937,324.4265343631938,311.4957144599517,323.0,332.54845123291017,280.17346563680616,329.64652339405217
16.0,19.893848160654308,143.82572492735298,19.981062386715358,143.8,57.68485953211784,15.974275072647012,57.59764530605679
