280.15999999999997,116.2198408126831,333.6717667397025,138.12443450307788,296.125,229.84920475006103,242.61323326029753,207.94461105966624
255.44,79.9915404510498,296.13378442508105,92.78856925098933,271.405,171.42462127685548,230.71121557491892,158.62759247691596
12.190406943941026,47.74552047634595,29.5095,47.42394714045524,29.679093056058974,56.55778254198557,12.36,56.87935587787628
12.182035547504453,68.53696196154826,36.9255,68.01825126528739,37.103464452495544,76.50748647071845,12.36,77.0261971669793
12.250881271612228,125.79211437232296,34.4535,125.50401436829566,34.56261872838777,133.91332186101872,12.36,134.20142186504603
12.101097919469911,27.70974949905558,36.9255,26.947966924667355,37.18440208053009,35.38487472834901,12.36,36.14665730273723
9.576115093807097,10.16776961332391,31.981499999999997,9.32411314702034,32.293384906192905,17.606988521994843,9.888,18.450644988298414
24.72,228.11570394051074,71.84043601822324,228.74757004693413,71.53349999999999,251.6368481097221,24.41306398177675,251.00498200329872
275.5146298990593,262.81737463126973,298.9575,241.92389666748045,312.6668701009407,257.3060643946091,289.224,278.19954235839845
9.864777816124723,144.9173618192588,34.4535,144.8540324656069,34.476722183875275,153.8704489436756,9.888,153.93377829732745
9.82100076521807,106.66394303021636,34.4535,106.4629382455945,34.52049923478192,114.67348210205826,9.888,114.87448688668012
279.586956514438,63.33267030430109,301.42949999999996,61.7803751335144,303.65054348556197,93.03296151637761,281.808,94.5852566871643
284.28,96.7682060022354,309.7811886165754,106.57836816735043,298.9575,134.7141849145889,273.4563113834246,124.9040227494739
9.888,86.72125699916481,34.50383830425653,86.86258573129372,34.4535,95.630226531744,9.837661695743467,95.48889779961509
14.831999999999999,250.37669186639783,77.13078371504028,252.00397313799854,76.47749999999999,277.0142658133507,14.178716284959716,275.38698454174994
