140.0,688.5644863918424,618.8766364130457,689.6033876680095,618.75,747.9758441448212,139.8733635869542,746.9369428686539
149.94827962642816,449.58299069524327,287.625,449.2119829952717,287.67672037357187,468.4048229563185,150.0,468.77583065629005
95.95501341411372,484.8793619343162,341.625,484.34318782389164,341.6699865858863,504.95562273328306,96.0,505.49179684370756
143.8673136547867,578.5827641936065,287.625,577.6076515316963,287.75768634521336,597.1691675929308,144.0,598.1442802548409
491.9728839527379,580.186157258984,647.625,579.8318522572517,647.6521160472622,591.7443855676686,492.0,592.0986905694008
654.0,714.6405419111252,743.8203104654467,715.165249349705,743.625,748.5988265275955,653.8046895345533,748.0741190890157
509.94857703522837,493.8282884463601,635.625,493.3554108738899,635.6764229647716,507.02206509263,510.0,507.4949426651001
137.95738242052232,513.6463782078644,293.625,513.1235752701759,293.6676175794777,525.8132076078039,138.0,526.3360105454922
162.0,546.1241363435984,557.7370144905218,547.6409853262518,557.625,576.8649097681046,161.88798550947823,575.3480607854513
101.94794986061305,421.44008045937164,329.625,420.82430773973465,329.677050139387,440.06943149571083,102.0,440.68520421534777
137.9052707353905,379.779391504268,287.625,378.8590427041054,287.7197292646095,394.2693304648597,138.0,395.1896792650223
486.0,530.5747898519039,653.6325213759156,530.6905695143208,653.625,541.5804545134306,485.99247862408436,541.4646748510137
539.9628446073378,387.5957676191646,563.625,387.5595536828041,563.6621553926623,411.8368558268231,540.0,411.8730697631836
89.9701106065868,331.31931195842856,329.625,331.1508275270462,329.6548893934132,373.66596802820635,90.0,373.83445245958865
522.0,546.431415617466,671.6627103275891,546.8974171843777,671.625,559.008599281311,521.962289672411,558.5425977143994
179.98843427586905,532.0623732030932,251.625,531.9871240854263,251.63656572413095,542.9976021155176,180.0,543.0728512331843
545.3913051462819,567.8411854935835,635.625,562.9057813882828,636.2336948537181,574.0345125960163,546.0,578.9699167013168
468.0,450.52307818830013,665.6464213767371,450.63757648756416,665.625,487.61505545675755,467.978578623263,487.5005571574935
