8.014583795843649,171.7399557876661,340.0,122.1165771484375,353.31874953748974,211.22035705565665,21.333333333333332,260.84373569488525
7.3512812337834506,263.724585002123,340.0,210.45166015625,353.9820520995499,297.75889417980244,21.333333333333332,351.0318190256755
73.24679973067965,438.2414643026738,382.6666666666667,388.8468729654948,394.75320026932036,464.55989169504755,85.33333333333333,513.9544830322266
20.986039808735356,607.0927321821548,212.0,579.4537734985352,233.68062685793132,729.2894617011052,42.666666666666664,756.928420384725
588.451769415028,618.6035572287323,639.6,617.4033264160156,639.948230584972,632.2432872536896,588.8,633.4435180664062
582.4,319.02833099365233,653.8264122995389,321.80260171536196,652.4,358.52703247070315,580.9735877004612,355.7527617489935
32.0,37.20787081718445,237.10070686507098,40.52070863245642,236.4,83.90208778381347,31.299293134929012,80.58924996854151
4.51892473724918,710.4539091315745,31.6,709.218347454071,33.48107526275082,750.4478074583532,6.4,751.6833691358567
243.2,542.315283203125,263.13680017438037,562.4951384955586,255.6,569.941162109375,235.66319982561964,549.7613068169413
561.8415989410576,592.9136911958451,665.2,587.2239440917969,666.5584010589424,611.900288906694,563.2,617.5900360107422
100.6817766264906,380.7397425981153,396.4,324.8602325439453,404.5182233735094,367.8224308637988,108.8,423.7019409179687
305.3256622875126,611.9630168404104,364.4,610.0274795532226,366.2743377124874,667.2339512382028,307.2,669.1694885253906
