177.31480629657642,832.6555413386814,555.75,832.5650214801233,555.768527036757,910.0207627455676,177.33333333333334,910.1112826041257
709.3333333333334,33.64511222143968,809.2973547386351,33.85112000004385,809.0833333333334,137.7037050127983,709.1193119280316,137.49769723419416
348.5807032981166,599.6623202642942,463.125,589.4533817052842,464.14429670188343,600.8898913064456,349.6,611.0988298654556
302.70961024967033,469.73757575635824,501.125,457.7820418357849,502.4153897503297,479.1974957119951,304.0,491.1530296325684
592.8000000000001,908.6149500370026,692.3405597419805,912.9475478415213,691.125,940.8747874736787,591.5844402580195,936.5421896691599
302.7851672855084,649.447088624401,501.125,632.355677819252,502.33983271449165,646.4533857332041,304.0,663.544796538353
463.6,906.3467817306519,563.9867926102753,913.0035832960384,561.9250000000001,944.096105003357,461.53820738972485,937.4393034379705
280.22562398795156,616.7120974623521,508.725,598.3585572004318,509.6993760120484,610.489421740834,281.2,628.8429620027542
333.7048949471975,379.1049085919163,478.32500000000005,373.6168241977692,479.02010505280253,391.93399254638945,334.40000000000003,397.4220769405365
364.00562605351814,571.3749773688821,447.925,565.9604443073273,448.7193739464819,578.2723765663596,364.8,583.6869096279145
722.0,905.3519025802613,829.6954404536986,911.3114294287915,827.9250000000001,943.3053056716919,720.2295595463015,937.3457788231617
683.995512751808,601.3470953428778,751.9250000000001,601.3341560930014,751.9294872481921,624.8916630393235,684.0,624.9046022891998
357.0192512176348,501.87315976332184,447.925,501.1814833045006,448.10574878236525,524.9369591384078,357.20000000000005,525.628635597229
623.1438778449655,668.5924864153653,850.725,668.0411939144135,850.7811221550346,691.2091909368248,623.2,691.7604834377767
318.4823077407059,408.6303537848285,493.52500000000003,401.82545762062074,494.2426922592942,420.28669233295415,319.20000000000005,427.09158849716187
