533.186650299093,94.00636313962396,788.0,93.36096668243408,788.1466830342403,151.27388963493252,533.3333333333334,151.9192860921224
534.6265114530166,341.6817950553954,788.0,262.81397247314453,808.04015521365,327.1956666959067,554.6666666666666,406.06348927815753
556.860619632913,558.6258955795566,788.0,479.90040588378906,807.139380367087,536.0939530532559,576.0,614.8194427490234
534.151034859893,455.8653092866609,788.0,374.3990656534831,808.5156318067735,438.32581213261,554.6666666666666,519.7920557657877
106.38579566098362,233.3227208732412,297.3333333333333,232.36544529596964,297.61420433901634,288.3907197436844,106.66666666666667,289.34799532095593
70.38550118188769,681.5648743847905,102.0,681.529345703125,102.0144988181123,694.4308339258135,70.4,694.4663626074791
153.5878556430486,545.8021013605005,185.2,545.7725324988365,185.2121443569514,558.7560950530165,153.6,558.7856639146805
76.8,544.9755172729492,108.7234769051422,545.7711930603316,108.4,558.7494785308838,76.4765230948578,557.9538027435015
134.4,681.9048503875732,153.3873283612533,682.191821651334,153.2,694.5863208770752,134.2126716387467,694.2993496133145
307.15573403388527,682.4179650475057,351.6,682.2604368209838,351.64426596611474,694.7494263480631,307.2,694.9069545745849
198.4,682.2666259765625,217.2211092923877,682.2990063487658,217.2,694.5687942504883,198.37889070761233,694.536413878285
70.4,342.41352152228353,198.0245030726167,342.5319239013082,198.0,368.94349174499513,70.37549692738327,368.8250893659705
294.3992137587833,545.1445807061161,345.2,545.1415538981557,345.2007862412167,558.3375255309974,294.4,558.3405523389578
249.6,681.7898048400879,281.36010251656955,682.1990183332671,281.2,694.6249828338623,249.43989748343046,694.2157693406831
550.4,702.7516088485718,780.6643518096537,704.0742494573545,780.4,750.0964248657226,550.1356481903463,748.7737842569398
262.4,355.5348785400391,345.3115447604886,356.25852933196853,345.2,369.03865547180175,262.2884552395114,368.3150046798723
76.79538220314979,376.8790145852341,114.8,376.860097271204,114.8046177968502,386.137186189674,76.8,386.15610350370406
140.7719463278709,293.0422164383825,268.4,292.8472188949585,268.42805367212907,311.20865827170053,140.8,311.4036558151245
223.97925657226824,546.1464794691511,262.0,546.0806572437286,262.02074342773176,558.0626365605883,224.0,558.1284587860107
230.3520443303559,513.9839516196529,262.0,513.85747756958,262.04795566964407,525.8575590576847,230.4,525.9840331077576
204.8,368.9964518547058,345.2838415515527,369.87305963298815,345.2,383.3093803405762,204.7161584484473,382.43277256229385
159.9521786491555,143.67636044956754,249.2,143.39829082489013,249.2478213508445,158.7467898990958,160.0,159.0248595237732
319.77076327231566,340.8565757934015,345.2,340.42642707824706,345.4292367276843,353.978286724909,320.0,354.4084354400635
287.497590017807,176.24357197977048,351.6,174.04315872192382,352.102409982193,188.6793596913721,288.0,190.87977294921876
492.2620298792711,36.02364403297718,780.4,32.784741973876955,780.9379701207289,80.64343474815075,492.8,83.88233680725098
