173.28724460117738,88.54778003566123,319.1666666666667,88.47689511875312,319.21275539882265,183.3263765586152,173.33333333333334,183.39726147552332
454.4567862787598,94.76196290485798,487.75,89.25989532470703,493.2932137212402,122.80208586223186,460.0,128.3041534423828
12.092727048027246,405.9730672749526,107.75,382.5227336883545,119.65727295197276,431.0942072955125,24.0,454.5445408821106
416.0,37.53730869293213,443.9017450984092,40.566761891592414,439.75,78.80499362945557,411.8482549015908,75.77554043079529
-0.13040605445698894,453.99473052953954,167.75,408.3641700744629,179.88040605445698,452.9934157755447,12.0,498.62397623062134
240.0,10.960230588912964,251.76006915965056,10.976801159079917,251.75,18.122844576835632,239.98993084034944,18.106274006668677
440.0,56.50704574584961,473.86261690400966,64.34137650567898,463.75,108.051513671875,429.88738309599034,100.21718291204563
180.0,243.539306640625,202.25755254149803,245.53401530447,199.75,273.5140323638916,177.49244745850197,271.5193237000466
112.0,268.66927164793015,371.8446902012116,270.13593237802405,371.75,286.9119634628296,111.9053097987884,285.4453027327357
379.64835467393385,25.192511851751863,415.75,16.020837783813477,424.10164532606615,48.894676868951265,388.0,58.06635093688965
152.0,218.86909210681915,335.97268349818785,220.24867199048973,335.75,249.9444375038147,151.77731650181215,248.56485762014412
