21.333333333333332,194.9966246287028,207.29252254312755,224.89798929752638,190.66666666666666,328.29563395182294,4.7074774568724465,298.39426928299935
21.333333333333332,44.197060108184814,113.36646506722714,55.46195496190614,105.33333333333333,121.09188588460286,13.300201599439523,109.82699103088156
247.8723270705144,59.0467175240582,361.3333333333333,44.43882751464844,369.46100626281896,107.56731140660587,256.0,122.17520141601562
593.9875493047872,678.970349911138,766.6666666666666,673.733388264974,770.0124506952129,784.0544240044707,597.3333333333334,789.2913856506348
165.67633927336487,263.85612066709615,233.33333333333334,130.72261810302734,259.65699405996844,144.10001540061216,192.0,277.23351796468097
70.4,732.3812572224066,127.60037294046973,732.3825809818387,127.6,748.4975437417627,70.39962705953027,748.4962199823306
70.4,715.9285472631454,127.69016249301447,716.2426104335866,127.6,732.6896961212158,70.30983750698553,732.3756329507746
114.80752169786952,29.3278663486392,223.6,28.20019588470459,223.99247830213048,66.06470376549655,115.2,67.19237422943115
12.77551220898068,311.984219414548,140.4,311.8050286769867,140.42448779101932,329.2458954790672,12.8,329.42508621662853
236.77307977148627,38.826376716272826,274.8,38.7542486667633,274.82692022851376,52.946971042974006,236.8,53.01909909248352
115.06027733205272,66.84345603553396,300.4,66.29271659851074,300.53972266794733,113.31342873009105,115.2,113.86416816711426
230.4,49.09317283630371,294.1916096464461,49.94214583876261,294.0,64.33964462280274,230.20839035355388,63.49067162034383
64.0,636.8764915466309,134.56425826305914,637.9609985174392,134.0,674.6748849868775,63.43574173694084,673.590378016069
38.4,681.8175755262375,172.4901928629631,682.1929214784848,172.4,714.4138054847717,38.309807137036884,714.0384595325245
