253.6242266583358,62.83372472618644,270.2423076923077,56.21092584316547,274.8211579570488,67.7002834525245,258.20307692307694,74.32308233554546
147.08974055918884,72.81906343471451,323.5223076923077,69.3160335951585,323.97718251773426,92.22612481619397,147.54461538461538,95.72915465574998
318.87063631109925,25.323700167481523,413.6884615384615,-8.051696693713849,418.5962867658239,5.8911881381825415,323.77846153846156,39.26658499937791
99.98864144423268,521.9988533809072,241.55307692307693,454.3106229048509,248.12443547884425,468.05408550881634,106.56,535.7423159848727
225.41538461538462,472.14945605938254,317.28204839099453,481.9485595137831,315.3253846153846,500.2922961660532,223.45872083977468,490.4931927116526
-1.591103956605211,377.6500316687146,143.19,312.3885846387423,148.87956549506674,325.0107622167365,4.098461538461539,390.2722092467088
264.71125551767886,445.83398768044583,290.7346153846154,432.58831915195174,296.5218214053981,443.95826583142315,270.4984615384615,457.2039343599173
63.575251253833436,150.87815523975283,208.76538461538462,85.49912963720469,214.86397951539735,99.04255275632215,69.67384615384616,164.42157835887028
215.82065832758525,442.8873662468742,241.55307692307693,441.13663931333105,242.9508801339532,461.68173783626037,217.21846153846155,463.4324647698036
209.02153846153846,290.17124333161576,291.27211541195527,293.445555302039,290.7346153846154,306.947533048483,208.48403843419857,303.6732210780598
-6.877097059587901,569.691074885838,69.4176923076923,539.251926788917,76.2947893672802,556.4891592485426,0.0,586.9283073454637
217.21846153846155,538.5160673508277,312.434497504973,550.6850892801576,311.2269230769231,560.1337081454351,216.01088711041163,547.9646862161051
127.05230769230769,606.705801931528,287.3171040810531,614.6988495442939,286.63615384615383,628.3522588612483,126.37135745740844,620.3592112484823
213.12,381.54816196148215,275.4592654919446,384.78321224642605,274.34076923076924,406.3365821280846,212.0015037388246,403.10153184314066
213.12,549.8383875626785,279.6630476095641,558.4649777046701,278.4392307692308,567.905150580773,211.89618315966666,559.2785604387813
360.6646153846154,437.34885167048526,376.8333072418878,437.38888112382153,376.8023076923077,449.9102153690045,360.6336158350353,449.87018591566823
232.52021516403076,644.9143178165191,286.63615384615383,625.6078595968394,291.8267079128923,640.1569655180663,237.71076923076924,659.463423737746
349.55659320509324,398.9597363471725,499.75615384615384,329.97327003479006,506.7657144872145,345.2347116602644,356.56615384615384,414.22117797264684
370.3120367674478,198.08058048605642,499.75615384615384,136.13065761566162,506.50257861716756,150.22728530233,377.05846153846153,212.1772081727248
217.21846153846155,508.59487938220684,275.3883103631532,515.3010188212186,274.34076923076924,524.3875148391724,216.17092040607756,517.6813754001607
213.12,520.2230116829505,304.21153083052377,531.5594426841402,303.03000000000003,541.0533876536442,211.93846916947618,529.7169566524545
405.7476923076923,445.7712817690923,496.9007731056879,454.3106736415231,495.6576923076923,467.57984387177686,404.5046115096967,459.04045199934603
163.1919820177787,123.18810501126978,282.53769230769234,120.29603356141311,283.2841718283751,151.1006420081312,163.93846153846155,153.99271345798786
217.21846153846155,404.1049615419828,306.49735132413434,417.3555766021049,303.03000000000003,440.7176073690561,213.75111021432716,427.466992308934
-4.735065654553581,181.4967846765375,24.334615384615386,173.1997797511174,29.06968103916897,189.7897238953807,0.0,198.08672882080077
185.28653965799754,285.37502353131583,335.8176923076923,215.6376439343966,343.1588449573871,231.48383971237408,192.6276923076923,301.2212193092933
