28.654645239789634,18.64995136229213,501.2366666666666,18.374946135779222,501.2753547602103,84.8584005917806,28.69333333333333,85.13340581829348
229.47275981065664,251.41270155021402,343.42333333333335,251.2608716267347,343.4972401893433,306.72904572974784,229.54666666666665,306.8808756532272
28.69333333333333,367.4321267324189,515.9328468167733,370.50465353494997,515.5833333333334,425.9302984754244,28.343819849893396,422.8577716728934
256.76307692307694,352.7459631949205,324.1511807572139,353.3900659062649,324.0507692307692,363.8954437769376,256.66266539663224,363.2513410655932
144.1476923076923,334.0462813920241,319.91962584534684,340.1682663531435,319.54615384615386,350.8912419627263,143.77422030849937,344.76925700160695
166.67076923076922,204.74421191288874,406.42511979057826,212.19632255079003,405.13384615384615,253.7400525371845,165.37949559403714,246.28794189928323
306.31384615384616,642.0229450211158,382.9651776075262,645.3131311809265,382.6107692307692,653.5697685373747,305.9594377770892,650.279582377564
162.16615384615386,648.7894735424335,391.99375949177437,657.106050920493,391.62,667.4348490759043,161.79239435437944,659.1182716978449
378.3876923076923,352.47056845885055,418.73231582296523,352.8122627372456,418.6476923076923,362.80395437534037,378.30306879241937,362.4622600969454
166.67076923076922,626.5510713826693,387.42998523018986,635.3135667663358,387.11538461538464,643.2395036183871,166.35616861596404,634.4770082347205
157.66153846153847,104.91256677774282,252.5070886173555,110.07214174929126,251.97692307692307,119.81787519308237,157.13137292110608,114.65830022153395
157.66153846153847,636.5110397749681,238.7178852968551,639.3018993873901,238.46307692307693,646.7024278229934,157.4067300877603,643.9115682105714
220.72615384615386,484.66200045072117,351.3676716758256,488.02069818821104,351.07846153846157,499.2699543791551,220.4369437087898,495.9112566416652
175.68,522.7432069631724,234.32256193755262,524.7604219417714,233.95846153846153,535.3452036490808,175.31589960090892,533.3279886704817
