399.28270414146755,536.0149725984497,578.75,533.6778777837753,579.4672958585323,588.7595746208266,400.0,591.0966694355011
159.72262977562966,197.87078331367613,578.75,196.32606238126755,579.0273702243703,271.5666532595312,160.0,273.11137419193983
350.6101237898583,342.18637177506565,438.75,269.6995735168457,488.13987621014167,329.75488951643825,400.0,402.2416877746582
60.0,44.69802072038874,698.7721335881948,44.88754467229403,698.75,119.48666110634804,59.97786641180509,119.29713715444275
400.0,839.9963466937725,559.6675928794184,840.395953830849,559.6153846153846,861.2563616495866,399.9477917359662,860.8567545125101
147.51251849993673,587.2830852035916,282.6923076923077,585.7485441061167,282.8720968846786,601.5864158736202,147.69230769230768,603.1209569710951
400.0,760.209110058271,510.4018447597647,760.347087183289,510.38461538461536,774.1331028021299,399.9827706248507,773.9951256771118
400.0,588.4111096308782,584.9169945909667,593.2106068660951,584.2307692307692,619.649778512808,399.3137746398025,614.850281277591
147.4934678794019,457.50681834177726,295.0,455.11398388789246,295.19883981290576,467.3714851126952,147.69230769230768,469.76431956657996
147.29513899848703,444.5219728443965,295.0,439.5371778194721,295.3971686938207,451.3057152260475,147.69230769230768,456.29051025097186
400.0,673.2402351269355,584.2745216641011,673.9327429863334,584.2307692307692,685.5751505264869,399.9562475666681,684.8826426670889
400.0,746.1685081628652,578.1295767316465,746.9301092634017,578.0769230769231,759.2451823674716,399.94734634527657,758.4835812669351
400.0,782.6971659293541,559.7734717000488,784.2822752979135,559.6153846153846,800.2168996517474,399.84191291533574,798.6317902831879
147.60083741018923,471.3682690370697,301.15384615384613,470.1299373920147,301.2453164359646,481.4722438621823,147.69230769230768,482.71057550723737
141.4550643680019,409.7718445705875,301.15384615384613,409.22975888619055,301.2372433243058,433.79861748205116,141.53846153846155,434.3407031664481
400.0,654.8633612119235,578.4138334483494,659.4815803376094,578.0769230769231,672.4973055032583,399.6630896285737,667.8790863775723
400.0,686.5653526324492,571.9386805816472,686.7734124943441,571.9230769230769,699.6681267481583,399.9843963414297,699.4600668862633
400.0,642.649858364692,584.2995900665749,643.7375429287591,584.2307692307692,655.3986919843234,399.93117916419436,654.3110074202564
147.38729132136774,553.2257177507909,295.0,549.5262710864727,295.30501637093994,561.6968189524655,147.69230769230768,565.3962656167837
141.0500093530471,641.6242066536553,276.53846153846155,638.4521777813251,277.02691372387596,659.3156797329226,141.53846153846155,662.4877086052528
399.8054326213494,410.1054663344582,436.53846153846155,409.90103538219745,436.7330289171121,444.86173515521045,400.0,445.06616610747113
140.5901412520381,363.657751457855,295.0,360.27738864605243,295.9483202864234,403.59522451952904,141.53846153846155,406.97558733133167
412.1458896335876,718.932259146285,510.38461538461536,717.9306191664475,510.54641805872006,733.7998824218256,412.3076923076923,734.801522401663
141.04237037654886,500.604282954262,288.8461538461538,494.63940473703235,289.3422450080665,506.93205313758654,141.53846153846155,512.8969313548162
141.30696116744826,485.38648963099286,301.15384615384613,482.26769117208624,301.3853465248594,494.1327134450029,141.53846153846155,497.25151190390955
122.88123784329548,275.6904708982037,325.7692307692308,274.16646022063037,325.96491600285833,300.21757973060505,123.07692307692307,301.74159040817847
153.1331883490464,527.8869420344973,233.46153846153845,523.931632408729,234.17450395864591,538.4112427271369,153.84615384615384,542.3665523529053
141.23574670631064,569.0762391409996,233.46153846153845,566.8562258206881,233.76425329368934,579.4318778745455,141.53846153846155,581.6518911948571
400.0,626.7769465079674,584.4015631373776,629.1479481367098,584.2307692307692,642.4312217418964,399.8292060933916,640.0602201131541
