276.0,268.27201526641846,308.64127217254827,268.38529421752537,308.43,329.2632633304596,275.78872782745174,329.14998437935265
132.48,333.07034712839123,307.8324884466131,333.449706932405,307.80899999999997,344.306833912611,132.45651155338683,343.92747410859727
132.4772019502895,367.3804244595864,307.80899999999997,367.3353466744423,307.8117980497105,378.21846981828423,132.48,378.2635476034284
281.17258614542897,207.56054986215347,301.185,207.18420894813536,301.532413854571,225.6583890798021,281.52,226.03472999382018
36.432,29.316789118051528,125.73826779716686,29.644644531466145,125.649,53.96077131557465,36.34273220283315,53.63291590216003
178.82115685544213,184.4859294743732,254.81699999999998,184.14115595912932,254.84384314455784,190.05798922250713,178.84799999999998,190.402762737751
178.8062269505271,138.2635781700193,254.81699999999998,138.1213144955635,254.8587730494729,160.44044687573322,178.84799999999998,160.582710550189
36.110475615809584,57.76350287005258,125.649,56.56959777832031,125.97052438419043,80.68275309804129,36.432,81.87665818977355
112.59333546761185,22.80214259027403,125.649,22.759784791946412,125.66366453238814,27.27973679472047,112.60799999999999,27.322094593048096
278.20799999999997,231.3353237915039,304.5045939022806,231.3745368103629,304.497,236.46707419252394,278.2004060977194,236.42786117366492
177.66243460501678,162.8286952287205,254.81699999999998,158.7630705757141,256.00256539498315,181.26189685807148,178.84799999999998,185.32752151107786
135.792,230.1634156036377,289.79169449909114,236.2788556843531,287.937,282.9839795150757,133.93730550090888,276.8685394343603
135.792,278.9496512289047,288.66823903475586,281.4824122685069,287.937,325.6196489524841,135.06076096524413,323.08688791288193
