276.0,432.0811744630337,431.6763298581776,432.69241871166156,431.625,445.76549702882767,275.94867014182245,445.1542527801998
488.22786374491835,617.4277306728864,527.625,582.2619781494141,537.3971362550817,593.2099646396138,498.0,628.3757171630859
504.86313090157245,639.3243672951339,539.625,600.0252342224121,550.7618690984276,609.876301039827,516.0,649.1754341125488
252.0,387.8327813744545,485.6382515644109,387.9227924176916,485.625,422.3193756379187,251.98674843558913,422.22936459468167
255.72090036202545,730.5671809827858,371.625,715.4605007171631,373.9040996379746,732.9466053331323,258.0,748.0532855987549
281.1723770885207,691.7562172902238,359.625,687.8458106517792,360.45262291147935,704.450014303862,282.0,708.3604209423065
560.9918073681447,736.5611472974036,659.625,666.2233457565308,668.6331926318554,678.8553413500574,570.0,749.1931428909302
612.0,557.1186940670013,657.8800939932074,588.9040298466963,647.625,603.7066004276276,601.7449060067926,571.9212646479327
550.1811967338912,751.0088698328985,677.625,687.2114260196686,685.443803266109,702.8305161534297,558.0,766.6279599666595
11.948408451922056,657.3114901275502,131.625,656.8214294314384,131.67659154807797,669.4204823153898,12.0,669.9105430115014
