20.984374680344278,729.5502101203564,361.3333333333333,727.7520445187887,361.68229198632235,793.8014195342101,21.333333333333332,795.5995851357778
575.9899143307935,216.96204885907258,665.2,216.9129590511322,665.2100856692066,235.24147675566587,576.0,235.29056656360626
147.2,25.623568296432495,223.7178420194431,25.965040906555366,223.6,52.37130823135376,147.08215798055687,52.02983562123088
38.4,24.287242460250855,121.41912902189279,24.96181213166513,121.2,51.92996873855591,38.18087097810721,51.25539906714164
595.10930499361,336.2915848002491,697.2,335.691686630249,697.29069500639,351.12616651200676,595.2,351.72606468200684
179.2,361.1488444805145,249.21818525357904,361.2502155372642,249.2,373.8109848022461,179.18181474642097,373.7096137454964
595.2,292.53832244873047,659.3910023261785,294.6414258171568,658.8,312.68002166748045,594.6089976738215,310.5769182990541
595.0850496446152,316.7368268620754,658.8,316.2884834289551,658.9149503553848,332.62430022837873,595.2,333.072643661499
601.6,265.7162214040756,652.4034844029136,265.7335457286097,652.4,275.9515377044678,601.5965155970864,275.9342133799337
447.99313155702146,749.7923169511273,767.6,749.7445297956467,767.6068684429786,795.6815923673198,448.0,795.7293795228004
172.8,313.3414733886719,255.99563161221508,315.4578993086569,255.6,331.00997772216795,172.4043683877849,328.8935518021829
524.8,377.3127945899963,569.2084383976027,377.3613472213976,569.2,385.07948832511903,524.7915616023973,385.03093569371777
38.4,70.03063178062439,230.4000721979831,73.04737067574277,230.0,98.50992927551269,37.99992780201692,95.49319038039431
204.8,342.019482421875,223.89554598690614,342.50757181505304,223.6,354.0702323913574,204.50445401309383,353.5821429981794
147.2,483.9337699890137,173.0031193513633,485.1393930250113,172.4,498.04754104614256,146.59688064863673,496.8419180101449
160.0,289.9553677558899,268.4878750094568,290.5291523370946,268.4,307.1440516471863,159.91212499054325,306.57026706598157
678.3557209048166,299.754295400691,697.2,299.6683925628662,697.2442790951834,309.38178095428947,678.4,309.46768379211426
601.6,455.34677238464354,626.9591172555757,455.47022863580594,626.8,488.15446376800537,601.4408827444242,488.031007516843
185.36402648252803,487.866392198976,281.2,486.04505195617674,281.435973517472,498.46159623486193,185.6,500.2829364776611
614.4,363.2109348297119,639.67366305884,363.4454459307968,639.6,371.3842399597168,614.32633694116,371.14972885863193
678.3218131986698,402.1409245502298,697.2,401.93301849365236,697.2781868013302,409.03249921686006,678.4,409.2404052734375
524.7945933665724,21.56945979788474,774.0,21.543820548057557,774.0054066334276,74.09458903477022,524.8,74.1202282845974
179.2,460.92950916290283,249.6073299352093,462.1512964292489,249.2,485.62429695129396,178.79267006479068,484.4025096849479
672.0,382.2937385559082,710.1550130360913,382.9720459323265,710.0,391.6915802001953,671.8449869639087,391.01327282377696
608.0,388.8618701696396,639.604981118235,388.88096743205915,639.6,397.12446036338804,607.995018881765,397.1053631009685
134.29456764132243,501.289298111444,306.8,499.75801410675047,306.90543235867756,511.6354023394532,134.4,513.1666863441467
134.4,233.49773788452148,287.8896456247537,235.568633418129,287.6,257.03644943237305,134.1103543752463,254.96555389876553
672.0,323.8587646484375,690.9320187295259,324.0662524788282,690.8,336.11216888427737,671.867981270474,335.9046810538867
607.946811829911,370.32754082431995,646.0,370.1063064575195,646.053188170089,379.25488257655894,608.0,379.4761169433594
