42.50126590853119,23.02755020619497,510.6666666666667,22.02013635635376,510.8320674248021,98.8851826631917,42.666666666666664,99.89259651303291
20.603080387060444,247.73602368429667,318.6666666666667,243.80230458577475,319.39691961293954,299.1346266468826,21.333333333333332,303.06834574540454
446.0458518082862,156.71702433923141,724.0,148.98633321126303,725.9541481917137,219.24701069494827,448.0,226.97770182291666
268.8,367.46823264360427,377.20978975500543,367.5286657546994,377.2,385.09031801223756,268.79021024499457,385.02988490114245
352.0,475.3069910049438,518.0573151365493,476.08378518722185,518.0,488.33619117736816,351.9426848634508,487.5593969950902
351.93645260901206,509.3451319800671,524.4,508.74334411621095,524.463547390988,526.9550913704578,352.0,527.556879234314
454.4,352.64634094238284,543.7805534175468,353.01275494606136,543.6,397.0557342529297,454.2194465824532,396.6893202492512
268.8,674.3930679321289,403.2142190926027,676.8342739159682,402.8,699.6414176940918,268.3857809073973,697.2002117102526
281.6,410.9520037740469,511.60614647345153,410.98523942237114,511.6,453.5216948330402,281.5938535265485,453.48845918471596
44.8,122.2968211531639,313.400877094083,123.45292254113774,313.2,170.12336530685425,44.59912290591702,168.9672639188804
491.6735751858807,99.73908680405489,722.8,93.80607757568359,723.9264248141193,137.6871049073709,492.8,143.6201141357422
44.31380810018332,183.87072125836036,313.2,181.13975887298585,313.68619189981666,229.00943630771016,44.8,231.74039869308473
755.2,12.59325714111328,776.372354568198,18.19838439699579,767.6,51.33436737060547,746.427645431802,45.72924011472296
352.0,531.5927898406983,492.5059437962283,532.6466156011289,492.4,546.7720371246338,351.8940562037717,545.7182113642032
38.4,697.6227882385253,525.2300225511701,705.6509648895646,524.4,755.983676147461,37.569977448829846,747.9554994964217
