422.16460755606664,457.7064510901677,456.96653846153845,455.75027962097755,457.6573155208564,468.03978280007226,422.8553846153846,469.9959542692624
201.47860193715323,534.818624080178,245.53884615384615,534.2578033630664,245.65409037053905,543.3118346731144,201.59384615384616,543.8726553902259
205.6087556618444,500.98165547910327,235.70499999999998,499.50919859079215,236.6070135689248,517.9458815131899,206.51076923076923,519.4183384015009
196.00881227230752,459.61736104583235,240.62192307692308,457.6015826848837,241.29003388153862,472.38817923414297,196.67692307692306,474.4039575950916
186.51055465539247,523.5857458029004,260.2896153846154,521.1114022232936,260.62213765229984,531.0264280844991,186.84307692307692,533.500771664106
201.2416513179718,554.0375318114345,250.45576923076922,552.3529645178868,250.8079640666436,562.6422288573933,201.59384615384616,564.326796150941
427.3236651290269,487.273816465726,452.0496153846154,486.5217500290504,452.4982579478962,501.2719278873483,427.77230769230766,502.0239943240239
201.40200604834055,564.7476118862147,250.45576923076922,563.4806214941465,250.64760933627483,570.9080488552979,201.59384615384616,572.175039247366
417.6000658617586,530.1009113669016,456.96653846153845,528.5840003981957,457.3049341382414,537.3659555752839,417.9384615384615,538.8828665439898
161.5831277381199,477.9304420931421,279.95730769230767,473.609541115394,280.6326414926493,492.110794724878,162.25846153846155,496.43169570262614
250.1677703393484,303.39477671995144,348.79423076923075,299.80248524445756,349.3895373529593,316.1466437361279,250.7630769230769,319.73893521162177
392.72788037448794,471.72264061193994,481.55115384615385,467.8863655750568,482.17711962551203,482.3796772039874,393.3538461538461,486.21595224087054
122.85634821298515,359.40501935627225,289.79115384615386,358.7933450443928,289.8578825562456,377.0045794104306,122.92307692307692,377.61625372231003
122.92307692307692,187.07419981186206,545.5519612443725,187.84442800609594,545.4711538461538,232.18393778993533,122.84226952485835,231.41370959570145
122.284531992357,303.31461361214497,225.87115384615385,299.30171874119685,226.50969877687376,315.78476013707444,122.92307692307692,319.7976550080226
417.8201339305826,515.9145167998246,456.96653846153845,515.3147337407332,457.0848660694174,523.0376934592462,417.9384615384615,523.6374765183375
417.84422987623964,538.9127383158306,447.1326923076923,538.5374833015295,447.22692396991414,545.8922164660686,417.9384615384615,546.2674714803695
407.56001711391787,509.15246982804683,466.8003846153846,505.4626989863469,467.3449828860821,514.2063860826212,408.1046153846154,517.8961569243211
201.43479479166356,425.7190164989477,220.95423076923078,425.4084853737171,221.11328213141337,435.4061720112868,201.59384615384616,435.7167031365174
