249.878164399966,173.9527350050068,361.3216666666667,112.07169098536174,406.53683560003407,193.50109899462703,295.09333333333336,255.38214301427206
370.20799999999997,87.51503334331512,424.84015252175556,133.57903368763593,418.24449999999996,141.40151310443878,363.61234747824443,95.33751276011799
422.52,135.72351905250548,451.33420161319816,177.0845394870954,442.38849999999996,183.3165726222992,413.57429838680184,141.95555218770926
285.704,353.4992099182606,345.90324388490006,353.7651549254024,345.8125,374.30591753220557,285.6132561150999,374.0399725250638
406.2296806739454,286.73087893899134,430.31649999999996,286.36833640956877,430.51081932605456,299.27864104525395,406.424,299.6411835746765
225.344,406.30581771850586,266.98650266969554,411.5219285966949,265.3325,424.72655790710445,223.6899973303044,419.5104470289154
18.97606372426353,13.271930197237504,116.44449999999999,10.862179360866547,117.58843627573647,57.13156054014109,20.12,59.54131137651205
221.25418723882936,378.0192898693507,345.8125,377.2649608268738,345.8783127611706,388.13226942558833,221.32,388.88659846806524
126.13367670187976,156.9370894031851,140.58849999999998,142.3288680267334,147.2468232981202,148.91727357288912,132.792,163.5254949493408
60.20283649391245,463.0426179576936,241.1885,462.2849241905212,241.34566350608753,499.82560706343025,60.36,500.58330083060264
273.632,462.28537702560425,454.6684491243032,463.328278179348,454.46049999999997,499.4260146975517,273.42405087569676,498.38311354380795
164.7193542907884,233.42451515012564,273.3805,230.56790599727628,273.6451457092116,240.63463351625617,164.98399999999998,243.49124266910553
338.01599999999996,301.8984801177978,391.52100762246835,303.7622385616931,390.0765,345.2313418159485,336.5714923775316,343.3675833720532
297.776,211.27623826313018,403.5293480231802,214.05650905379167,402.1485,266.5799186630249,296.39515197681976,263.7996478723634
378.256,125.52958252334594,407.3362850365229,150.49711417022615,390.0765,170.60000121688842,360.9962149634771,145.6324695700082
233.25874055107087,393.86312412146754,329.7165,392.77553212976454,329.84975944892915,404.5942177831726,233.392,405.6818097748756
171.33697350559942,272.21741823432285,289.4765,241.89478361701964,295.19552649440055,264.1765902800814,177.05599999999998,294.49922489738464
151.27585088400315,98.9652120116529,361.9085,63.855075191497804,363.54464911599683,73.67065706793694,152.912,108.78079388809203
297.776,259.78903490448,368.8489088115963,265.2362406362955,365.9325,303.28834803390504,294.85959118840367,297.8411423020895
181.07999999999998,121.80922499608994,366.37609053135606,124.14028124597823,365.9325,159.40137426376342,180.63640946864396,157.07031801387512
