246.26116433807033,186.0164315336267,658.2316666666667,167.56431019465128,662.1838356619297,255.8022431865017,250.21333333333334,274.2543645254771
454.9333333333334,727.2631325531006,636.19203114901,729.1854234327338,635.485,795.8535571384431,454.2263021843234,793.9312662588098
416.26399999999995,412.305466340065,484.21194195980985,412.8018249226402,484.0775,431.20596822309494,416.1295580401901,430.7096096405197
169.9302559071751,50.88056427066771,395.3655,42.546340149879455,396.0352440928248,60.66247440034898,170.6,68.99669852113723
375.258626532281,391.2963712904286,531.8455,390.7101518476009,531.9068734677188,407.10380705906624,375.32,407.69002650189395
354.8479018228282,504.36033821262316,593.2615,504.3590216381633,593.2615981771718,522.1375624625113,354.84799999999996,522.1388790369712
169.93835370081456,76.05316336270617,306.6535,71.46198717594146,307.3151462991854,91.16436123255444,170.6,95.75553741931915
300.256,680.7815075113773,327.1695857884418,680.9186092460036,327.1255,689.5728152085543,300.21191421155817,689.435713473928
395.7186324886649,438.14821572006844,504.54949999999997,437.65159415125845,504.6228675113351,453.7295303650984,395.792,454.22615193390845
382.144,694.5683003201484,422.84509406575074,695.2602376161221,422.6615,706.059596724987,381.9604059342492,705.3676594290133
279.784,598.9928802998065,538.9569310999132,601.2465420119453,538.6695,634.3013524355888,279.49656890008686,632.04769072345
552.3859214931725,29.149352702091665,620.5575,27.968952357292174,620.9155785068274,48.649035303164986,552.744,49.82943564796447
470.11933268347093,283.0064926529098,634.2054999999999,277.78416218852993,634.942167316529,300.9303260288071,470.856,306.15265649318695
463.6830288396236,686.0404240105676,484.0775,685.4761497974396,484.42647116037637,698.0889577204657,464.032,698.6532319335937
300.256,673.8682922933101,327.15639827608595,673.9622483251055,327.1255,682.8086833742857,300.225101723914,682.7147273424903
170.34572011940605,105.01754231650567,299.8295,102.7861876220703,300.0837798805939,117.54185160010123,170.6,119.77320629453658
107.97064434067929,748.071030242998,170.1735,742.0759442977904,171.3868556593207,754.6652862404997,109.184,760.660372185707
361.3596833862628,670.0001801866318,422.6615,668.5551254367828,422.97381661373714,681.8041568542693,361.67199999999997,683.2492116041183
639.0052564418181,651.3959323799847,681.9735,648.719213130951,684.4242435581818,688.0599643676044,641.456,690.7366836166382
204.66402462098247,738.5428049413284,470.42949999999996,738.2071127770542,470.48547537901743,782.5224850058833,204.72,782.8581771701574
641.3869644404134,704.2716642777904,681.9735,704.0802117364407,682.0425355595864,718.7152443888202,641.456,718.90669693017
245.50916996911806,0.24779797002715198,490.9015,-1.244744091272354,491.05633003088184,24.21122329619485,245.664,25.70376535749435
