4.96,200.22852959394456,28.329708565920978,202.35100071371284,27.125,215.6155807733536,3.7552914340790275,213.49310965358532
230.64000000000001,65.3887293624878,248.1074304917008,65.85668303114089,247.84500000000003,75.65249547958375,230.37756950829925,75.18454181093065
7.44,128.9186422419548,30.494354688079827,130.44168324280648,29.605,143.90389365673067,6.550645311920177,142.38085265587898
87.6736355832578,120.67012261319961,104.00500000000001,114.45522270202638,108.09136441674221,125.19327277254258,91.76,131.40817268371583
105.85126781619064,103.04067940554721,126.325,101.93824069976807,127.11373218380938,116.58603146710296,106.64,117.68847017288209
110.84865736296683,190.02635570129067,136.245,183.7076237678528,139.47634263703318,196.69508480469082,114.08000000000001,203.01381673812867
5.109043391931058,57.929839541188244,54.405,44.633934078216555,59.21595660806895,62.47105760885143,9.92,75.76696307182313
146.32000000000002,291.45736905097965,188.48813740347444,291.97406523018054,188.32500000000002,305.28788623809817,146.15686259652557,304.7711900588973
135.14545125393198,108.6690537732622,220.56500000000003,102.81825464248658,221.81954874606805,121.13421206536086,136.4,126.98501119613648
148.8,253.2269020920992,307.37259655384634,253.3337226286241,307.365,264.6106297427416,148.79240344615368,264.5038092062167
148.8,272.71925996243954,309.86242598922377,272.9473219476222,309.845,285.2539415597916,148.78257401077624,285.02587957460895
143.82356574298302,192.29978834434672,309.845,192.08860897541047,309.86143425701704,205.0086159564622,143.84,205.21979532539845
136.4,211.69176958560945,307.47850417026257,213.3194053376092,307.365,225.24966899871828,136.28649582973745,223.62203324671853
158.7189708537329,233.15065651265036,309.845,233.13730171114207,309.84602914626714,244.78335939760262,158.72,244.79671419911088
