149.216424562303,67.58830270584451,361.3333333333333,67.1394735177358,361.45024210436367,122.39061978046072,149.33333333333334,122.83944896856944
244.57282386055707,396.7745694834603,361.3333333333333,378.1623891194661,394.09384280610954,583.6801576893912,277.3333333333333,602.2923380533854
422.4,682.014518737793,499.22505403770475,684.422591459724,498.8,697.9831451416015,421.97494596229524,695.5750724196705
147.1007602382449,29.907093938564323,358.0,29.217339706420898,358.0992397617551,59.560887209201795,147.2,60.250641441345216
422.4,663.5492301940918,530.9559745908097,664.6297113998032,530.8,680.300482559204,422.2440254091904,679.2200013534926
422.38016687910323,724.5630752302219,524.4,724.3669849395752,524.4198331208968,734.685556437869,422.4,734.8816467285156
422.4,637.6861610412598,518.0917301444381,638.4177381096326,518.0,650.4162227630616,422.30826985556195,649.6846456946886
428.8,649.5377956390381,492.7668670709456,651.6985600875904,492.4,662.559224319458,428.4331329290544,660.3984598709056
422.4,702.010799407959,524.544026770486,703.3095682800573,524.4,714.6368141174316,422.255973229514,713.3380452453333
659.2,184.46120910644532,706.5890901700157,186.85679423877076,703.6,245.98650817871095,656.2109098299844,243.59092304638548
422.4,711.8839931488037,480.4669796968043,717.1289760819753,479.6,726.7272708892822,421.5330203031957,721.4822879561106
