0.0,0.7474581400553386,72.3284344654184,9.613214250699324,54.833333333333336,152.34139895439148,-17.495101132085065,143.4756428437475
118.73607585701977,335.13860692017033,156.45,326.35879735946656,160.91392414298022,345.53371172912165,123.2,354.3135212898254
227.28718377308036,390.46618379532384,274.05,385.1630184173584,276.3628162269196,405.55721555770344,229.6,410.86038093566896
548.0822533274726,405.09648694731413,593.25,403.04468803405763,593.9677466725274,418.84496927522,548.8,420.8967681884765
225.5988832723646,364.46365071030374,268.45,355.557028388977,272.4511167276354,374.8070104530263,229.6,383.713632774353
547.7747864344682,381.64892337715526,587.65,379.20837478637696,588.6752135655317,395.958957024456,548.8,398.3995056152344
526.3471751865412,15.935431782905798,554.05,15.733094072341919,554.1028248134587,22.96554001122262,526.4,23.1678777217865
108.78300700904154,359.9536448399159,190.04999999999998,346.7148380279541,193.26699299095847,366.46248980363873,112.0,379.7012966156006
447.7260651914956,342.7216366230409,486.84999999999997,342.11017589569093,487.1239348085044,359.637724453314,448.0,360.249185180664
442.4,365.37796953916546,509.2701133201392,365.46282506614943,509.25,381.31305951476094,442.37988667986076,381.228203987777
514.2118084047235,408.441402760286,542.85,407.8790263175964,543.8381915952765,458.2012270538619,515.1999999999999,458.7636034965515
