286.8246159056495,470.73252755921084,383.6,462.92086029052734,384.77538409435044,477.482188016961,288.0,485.29385528564455
492.6510994980654,290.6453673247735,543.6,289.9674491882324,543.7489005019346,301.15805827337107,492.8,301.8359764099121
166.38227362803266,706.0282775848483,626.8,705.8048041343689,626.8177263719674,742.3260815412427,166.4,742.5495549917221
492.5941333722159,369.2097998954162,562.8,367.93180618286135,563.0058666277841,379.2409737251893,492.8,380.51896743774415
439.90040081037444,554.9395462085174,479.6,548.2538654327393,481.2995991896256,558.3460922192169,441.6,565.0317729949951
319.38791273370936,562.8127513643437,383.6,559.3101528167724,384.21208726629067,570.5313648465938,320.0,574.0339633941651
486.3181036374473,383.0417818106569,530.8,382.5611915588379,530.8818963625528,390.14125690089094,486.4,390.62184715270996
504.62464335135644,541.9804016693603,620.4,534.4996673583985,621.3753566486436,549.5947448150148,505.6,557.0754791259766
300.6307836695745,36.520380277448446,473.2,35.84758529663086,473.36921633042556,79.25089591044828,300.8,79.92369089126586
211.2,486.07117118835447,244.41240773370433,487.0381195960523,242.8,542.420539855957,209.58759226629567,541.4535914482592
