40.14305062104878,79.79360361526903,766.6666666666666,49.38952382405599,769.1902827122846,109.69283402333163,42.666666666666664,140.09691381454468
307.03712621496044,606.0543371246293,505.2,603.8518455505371,505.3628737850396,618.5059480621383,307.2,620.7084396362304
307.2,506.2155014038086,448.04663580291225,508.3619939225988,447.6,537.6689445495606,306.75336419708776,535.5224520307704
307.0355609312544,588.8954973038659,511.6,586.6335605621338,511.7644390687457,601.5050577345862,307.2,603.7669944763184
307.2,672.1375328063965,434.8723188811684,672.5544431941639,434.8,694.7009752273559,307.1276811188316,694.2840648395885
307.0082751936454,759.7124924738323,422.0,758.6533340454101,422.1917248063546,779.4686961095417,307.2,780.5278545379639
306.9442480437598,553.703407270121,518.0,550.2053352355957,518.2557519562401,565.6360984977011,307.2,569.1341705322266
307.08240899137957,461.27042380660885,518.0,459.9274387359619,518.1175910086205,478.39526299148685,307.2,479.7382480621338
307.2,622.503360748291,415.92021918723896,625.0739699665864,415.6,638.6171798706055,306.879780812761,636.04657065231
306.9378818846693,419.3963790940569,498.8,417.878515625,499.06211811533075,451.01096648699775,307.2,452.52882995605466
224.0,21.80229385495186,716.4081066488542,21.96990241377381,716.4,45.78598699569702,223.9918933511458,45.61837843687507
306.99197782066693,571.7807163432484,518.0,568.795027923584,518.208022179333,583.4966117664928,307.2,586.4823001861572
313.6,120.84051752090454,639.6712068507752,121.59552735023917,639.6,152.34811210632324,313.5287931492249,151.59310227698862
38.4,41.166674041748045,160.52529918365198,44.010649180041476,159.6,83.74462509155273,37.47470081634801,80.9006499532593
