597.3333333333334,222.69932746887207,799.4795947692486,225.03069973567412,798.6666666666666,295.51724497477215,596.5204052307514,293.1858727079701
336.11059865920623,292.77591281092987,422.0,278.6039215087891,425.08940134079376,297.3272488101639,339.2,311.4992401123047
355.8469872184206,587.1294812635135,505.2,558.1238250732422,507.7530127815794,571.2695421739866,358.4,600.2751983642578
265.39908379920587,558.7236135494553,569.2,502.63134841918946,572.6009162007941,521.0510263431228,268.8,577.1432914733887
262.97660565955596,463.5524398576846,543.6,409.5377166748047,549.423394340444,439.79207308176854,268.8,493.8067962646484
193.40177695528888,609.0545277936573,255.6,583.3591064453125,260.5982230447111,595.4577829973584,198.4,621.1532043457031
310.70982096712765,521.3457268270433,524.4,483.60250091552734,527.2901790328724,499.96577829990986,313.6,537.7090042114257
271.1063598108696,410.838743875356,518.0,365.4769416809082,522.0936401891304,387.7576642056987,275.2,433.1194664001465
197.25722706782543,672.9374754135954,543.6,658.4151611328125,544.7427729321746,685.6691606337679,198.4,700.1914749145508
337.6361493708072,618.2183583577539,511.6,609.7335159301758,513.1638506291929,641.7969843546484,339.2,650.2818267822265
