76.6709916240014,114.10077254110699,86.01923076923076,112.31212124457726,89.04054683753705,128.10278161233538,79.6923076923077,129.8914329088651
-2.343968749267045,91.05541324682028,70.9423076923077,67.68357900472787,75.44012259542089,81.78722628196776,2.1538461538461537,105.15906052406017
99.07692307692308,182.32092549250675,153.08223299964664,183.932792250205,152.78846153846155,193.77555296971246,98.78315161573798,192.16368621201423
-0.14872266914957605,35.40434263691661,191.5576923076923,-2.4919107877291164,193.86026113068803,9.156132868398728,2.1538461538461537,47.05238629304446
-1.7431831472469668,243.6604749412495,45.09615384615385,231.30877208709717,48.99318314724697,246.0868371735394,2.1538461538461537,258.4385400276918
166.27990113318162,234.46488041652694,213.09615384615384,222.38278007507324,216.97009886681835,237.39371227709535,170.15384615384616,249.47581261854904
34.84974539953623,328.7443130476872,154.94230769230768,312.917436673091,156.7079469081561,326.31490895360855,36.61538461538461,342.1417853282048
43.07692307692307,103.4958261474967,206.6441878797631,103.5964121057189,206.6346153846154,119.16266883107332,43.06735058177535,119.06208287285111
102.38149419860271,52.65976358142217,148.48076923076923,42.81463248913104,151.63773657062805,57.5969552742156,105.53846153846153,67.44208636650671
-0.09601869918969705,186.84497666072724,174.32692307692307,157.3417895390437,176.57678792995893,170.6429981388691,2.1538461538461537,200.1461852605526
100.69677559251168,309.3738105395124,198.01923076923077,276.54263217632587,202.86091671518062,290.8949882886125,105.53846153846153,323.72616665179913
96.66956085313979,78.87250758228232,213.09615384615384,76.42220717210036,213.349669916091,88.46808210609213,96.92307692307692,90.91838251627408
142.9627916627922,343.8953531016548,189.40384615384616,337.01518293527454,190.74874679874625,346.0932438879035,144.3076923076923,352.9734140542837
49.356425724111666,228.11336999217113,187.25,180.99736998631403,191.73972812204218,194.13737886224592,53.84615384615385,241.25337886810303
16.185453520984332,129.53349730809612,111.86538461538461,123.25615472059982,112.91070032516951,139.18896923407448,17.23076923076923,145.46631182157077
102.40043196994738,150.43464599281717,148.48076923076923,146.94460179255557,149.46495264543722,159.93913741219336,103.38461538461539,163.42918161245493
12.193862111045775,290.3417638174618,133.40384615384616,248.07192252232477,138.44075327356958,262.51539836468584,17.23076923076923,304.7852396598229
152.57482920931855,38.233019419892926,219.5576923076923,15.742526787977951,224.21363232914297,29.609194724300277,157.23076923076923,52.099687356215256
199.92796728434243,119.36856260200476,220.90384615384616,116.08615904587965,223.43741733104216,132.27669784204946,202.46153846153845,135.55910139817456
151.17660973008753,138.23816381295381,198.01923076923077,125.84481928898738,201.9195441160663,140.5866752655092,155.07692307692307,152.98001978947565
