17.807833746941824,44.590102644770916,61.666666666666664,37.181809743245445,70.5254995863915,89.62818005481405,26.666666666666664,97.03647295633951
132.25783902879547,10.991740883442283,196.73076923076923,10.493878217843863,196.78062250966607,16.949849297321546,132.3076923076923,17.447711962919968
175.3846153846154,149.7508156299591,273.72497189569077,150.42348931185978,273.65384615384613,160.8215931745676,175.31348964277078,160.14891949266692
132.3076923076923,483.8623789869822,196.73419606501133,483.8963600269223,196.73076923076923,490.3934816443003,132.3042654734502,490.35950060436016
27.69230769230769,208.2341500142446,301.3939923372067,208.68884872256874,301.3461538461538,237.48478623536917,27.644469201254775,237.03008752704503
113.84615384615384,326.6390169583834,134.61642257220214,340.33598069597,129.03846153846155,348.7944793701172,108.26819281241323,335.0975156325306
175.3846153846154,128.07466066800632,258.4579882942772,129.61261311067634,258.2692307692308,139.80845781473013,175.19585785956897,138.2705053720601
206.30358417275812,97.92209967491603,292.1153846153846,32.100677490234375,304.273338904165,47.951078660420514,218.46153846153845,113.77250084510216
175.33966645639217,170.8264112552375,249.03846153846152,170.5251689140613,249.08341046668474,181.52190276411238,175.3846153846154,181.82314510528857
51.56525082075015,345.140638330389,67.5,339.4535989027757,77.47321071771138,367.3979473324528,61.53846153846153,373.0849867600661
138.46153846153845,388.6363836435171,156.23511296003136,392.6017794331533,150.57692307692307,417.96274331899787,132.80334857843016,413.99734752936166
61.12091869933981,341.09651425126117,95.1923076923077,322.4347114562988,101.76369668527558,334.4322849524648,67.6923076923077,353.0940877474271
144.6153846153846,237.2789941384242,239.8311241307942,237.5670306496961,239.8076923076923,245.31284854962274,144.5919527922827,245.02481203835083
25.927334583614094,442.4946478800715,153.65384615384616,352.54015335669885,164.64958849330898,368.15302315921633,36.92307692307692,458.107517682589
24.615384615384613,254.955600213546,298.29716922947443,255.39134915923157,298.2692307692308,272.9387184289785,24.58744615514098,272.502969483293
28.877306868170805,118.61774458507597,135.19230769230768,35.55894044729379,146.3150008241369,49.79595170398653,40.0,132.8547558417687
183.36575720640323,446.3406978226343,292.1153846153846,360.72092056274414,302.5957812551352,374.0325556328945,193.84615384615384,459.65233289278467
92.55850340011271,411.76361274422226,113.65384615384615,406.39884838691125,116.47995813834882,417.51169454431437,95.38461538461539,422.8764589016254
99.91294755557301,66.6850004911267,242.8846153846154,47.80541640061598,247.58705244442697,83.41611979742873,104.61538461538461,102.29570388793945
40.0,458.85903569368213,286.22544082936713,463.1432469307866,285.96153846153845,478.31044417161206,39.736097632171344,474.0262329345077
193.26002686409464,106.08601407930763,221.34615384615384,96.38770250173715,228.0861269820592,115.90653728412386,200.0,125.60484886169434
93.26667662108744,421.77288865596864,138.26923076923077,408.7389073005089,143.46409260968179,426.6752572837849,98.46153846153845,439.70923863924463
