448.81931209596223,586.5800893765187,598.75,457.05342292785645,709.9306879040378,585.7481348056101,560.0,715.2748012542725
300.0,366.3663228750229,461.6856814596632,366.7630032734706,461.625,391.49657517671585,299.9393185403368,391.09989477826815
306.0,468.83817332983017,455.76246010561596,469.91475285825527,455.625,489.03676199913025,305.86253989438404,487.9601824707052
318.0,441.27662086486816,443.85576103891935,442.6115054619388,443.625,464.36814737319946,317.7692389610807,463.0332627761289
329.9823794726276,600.885483203298,431.625,600.7374783307314,431.64262052737246,612.8384081592499,330.0,612.9864130318165
347.81103562508866,500.2842614978828,413.625,499.7061792612076,413.81396437491134,521.2195450931512,348.0,521.7976273298264
306.0,421.4249496459961,341.7022852467546,421.63798714101216,341.625,434.5899791121483,305.92271475324543,434.3769416171322
420.0,17.186966210603714,731.6899487999115,17.678580860625104,731.625,58.856947124004364,419.93505120008854,58.365332473982974
546.0,176.35743284225464,601.532352653546,178.28624871309037,599.625,233.20065593719482,544.0926473464541,231.2718400663591
545.39833480656,439.3638617348277,599.625,438.75629138946533,600.22666519344,492.4559119391836,546.0,493.0634822845459
173.6222903218035,474.1216559381696,221.625,473.81300550699234,222.0027096781965,532.5561213223723,174.0,532.8647717535496
75.51127599470186,266.8610606786126,119.625,264.7100450992584,122.11372400529814,315.7496028545982,78.0,317.90061843395233
545.6016453442558,242.72628360566972,599.625,242.3332632780075,600.0233546557444,297.0898581189168,546.0,297.482878446579
411.38162825307415,630.8944755435894,449.625,623.9147493839264,452.2433717469259,638.2613529323629,414.0,645.2410790920258
173.57089448929062,612.2523218157794,215.625,611.9380747675896,216.05410551070938,669.3631119367575,174.0,669.6773589849472
419.18517298667183,401.92134082796474,455.625,399.5681118965149,456.43982701332817,412.1857348632584,420.0,414.53896379470825
173.77494299830116,343.5149863079787,227.625,343.277142226696,227.85005700169887,394.23208844506735,174.0,394.46993252635
71.63269407549734,92.77783981393733,119.625,92.41930487751961,119.99230592450266,141.58566638399208,72.0,141.94420132040977
552.0,309.6949260234833,600.2962662430792,310.30384873254826,599.625,363.5448474884033,551.3287337569209,362.9359247793384
178.49507005689605,407.6463185412193,227.625,406.3612039089203,229.12992994310395,463.89467276508566,180.0,465.17978739738464
76.1510424440936,152.4328984058282,119.625,150.96844840049744,121.47395755590642,205.85697447892215,78.0,207.32142448425293
546.0,370.8547214269638,599.8019610032742,371.02440551213647,599.625,427.1336687207222,545.8230389967258,426.96398463554954
70.64729704164323,385.2919037795777,119.625,383.9508901834488,120.9777029583568,433.3555225276237,72.0,434.6965361237526
70.61958108515148,208.099716466686,119.625,206.8360254764557,121.00541891484855,260.3681054889949,72.0,261.63179647922516
69.70685178432481,327.1535088318866,119.625,324.875546336174,121.91814821567519,375.12646694001745,72.0,377.40442943573
450.0,77.78141886368394,731.6370146762456,77.89308310569302,731.625,108.19622661173344,449.9879853237545,108.08456236972435
166.71674909625784,546.477088992114,209.625,545.4637452363968,210.9082509037422,599.8007374362995,168.0,600.8140811920166
