116.80000000000001,67.98525739908219,233.27589596996862,69.65530650358042,232.38333333333335,131.9061903436979,115.90743736336472,130.23614123919964
233.14307873171117,431.50640165799337,291.635,429.9216828632355,292.09192126828884,446.786632618969,233.60000000000002,448.3713514137268
232.47844927380694,451.19233333714965,314.995,446.8491349983216,316.11655072619305,468.157509649911,233.60000000000002,472.50070798873907
537.2800000000001,433.2800270557404,583.8718291819516,434.1450654843038,583.635,446.9009205150605,537.0431708180485,446.035882086497
362.08000000000004,310.5581678581238,590.3605134756731,655.6655108942825,577.7950000000001,663.9773069953919,349.51448652432697,318.8699639592331
303.34067935044357,513.8706555335774,332.51500000000004,513.1407416248322,332.8543206495565,526.7032307274089,303.68,527.4331446361542
284.73042105015014,530.5767884293937,332.51500000000004,525.6327233505249,333.94457894984987,539.449658828602,286.16,544.3937239074708
496.40000000000003,464.0326729011536,537.1315438507448,464.8546364119614,536.9150000000001,475.58524091720585,496.1834561492552,474.76327740639806
232.62174280085523,483.0832756604447,320.83500000000004,475.8957465553284,321.8132571991448,487.90199413401945,233.60000000000002,495.08952323913576
461.3447528405138,633.3954885027285,606.995,633.178300807476,607.0102471594862,643.4033393164997,461.36,643.6205270117522
274.48,375.8777488136292,364.4498614391534,385.1019534453956,361.71500000000003,411.77689340591434,271.74513856084667,402.5526887741479
508.08000000000004,446.79595050334933,583.7464022881333,447.52236078447413,583.635,459.1265610122681,507.96859771186683,458.4001507311433
332.69385185753305,436.41947385431587,443.475,434.76943170547486,443.66114814246697,447.2671154534692,332.88,448.9171576023102
157.68,493.05691055297854,183.4921218464687,499.71147943282716,180.675,510.6386925506592,154.8628781535313,503.98412367081056
169.36,390.5314056682587,215.57243027918128,405.9605976495751,209.875,423.02513997077943,163.66256972081874,407.595947989463
157.60847196002732,525.1245308159516,186.51500000000001,524.8464307498932,186.5865280399727,532.2812628318146,157.68,532.5593628978729
52.453351169730034,171.10099853587417,110.59500000000001,170.75513622105123,110.70164883026999,188.68348103332255,52.56,189.0293433481455
134.32000000000002,382.09352153778076,169.23909784955882,382.9060614151701,168.995,393.396225566864,134.07590215044118,392.5836856894747
426.32000000000005,333.09162930965425,583.8283299434844,334.93780680011787,583.635,351.43192867279055,426.12667005651565,349.58575118232693
87.58159147956665,674.1496151098476,642.0350000000001,673.9360586446523,642.0534085204333,721.7298207803949,87.60000000000001,721.9433772455901
490.56,493.29881752491,554.6374078572053,494.62939812933325,554.4350000000001,504.37685031414037,490.3575921427948,503.04626970971714
192.70988129333776,386.93757537817214,209.875,386.92519970893864,209.88511870666227,400.9598993876055,192.72,400.972275056839
490.56,509.33771136760714,560.3560430540853,509.8247136564732,560.275,521.4396169567109,490.4789569459148,520.9526146678448
490.56,475.40747982978826,577.9207861793063,476.18608261685824,577.7950000000001,490.29954290390015,490.43421382069374,489.52094011683016
134.1088586006462,341.61338650116375,192.35500000000002,340.4275241184235,192.56614139935385,350.79818093410086,134.32000000000002,351.98404331684117
134.31339428960032,372.5134988699002,168.995,372.4881653353572,169.0016057103997,381.5313820696729,134.32000000000002,381.55671560421587
146.0,506.9253845214844,163.2493770693037,507.15029285744816,163.155,514.3885557174683,145.9056229306963,514.1636473815045
133.9685571597896,331.3496349706645,192.35500000000002,329.2200842761994,192.70644284021043,338.85568363285114,134.32000000000002,340.9852343273163
238.76006994662464,513.5133155103854,268.27500000000003,512.8380200004578,268.9549300533754,542.5555105975935,239.44000000000003,543.2308061075211
508.08000000000004,319.06110221385956,583.7542580929118,319.57393086500525,583.635,337.1719486093521,507.96074190708833,336.6591199582065
134.25480563527077,353.2400637718392,157.315,353.0919349586964,157.38019436472925,363.24117392337797,134.32000000000002,363.3893027365208
134.12828200832212,313.8984997666719,157.315,313.3534422826767,157.5067179916779,321.5091160189269,134.32000000000002,322.0541735029221
157.68,518.1139599132538,180.79299681642402,518.4765816941634,180.675,525.9975310301782,157.562003183576,525.6349092492685
221.89906200036268,375.155495197115,274.115,375.0911309218407,274.13593799963735,392.0772196525955,221.92000000000002,392.1415839278698
437.8836751487034,622.5043178103759,472.675,622.1371049356461,472.7913248512967,633.1582209374117,438.0,633.5254338121415
163.52,530.1198689317704,186.6672560521481,530.5940212003346,186.51500000000001,538.0268862485885,163.3677439478519,537.5527339800243
344.22238617738566,461.89844257030285,443.475,459.4830091094971,443.8126138226144,473.3559039339086,344.56,475.7713373947144
233.60000000000002,595.3611373901367,280.592910466563,598.3125142195806,279.95500000000004,608.469559955597,232.962089533437,605.5181831261531
140.04337045033088,267.3946557755541,168.995,266.98650745630266,169.11162954966915,275.2595184116293,140.16,275.66766673088074
134.32000000000002,360.16190407276156,157.5916037822441,360.78676751286133,157.315,371.0882401418686,134.0433962177559,370.4633767017688
286.1157944887426,582.8591995680276,303.315,582.7685924863815,303.3592055112574,591.1597652185019,286.16,591.250372300148
320.56638117324604,273.0437506918021,496.035,267.774367685318,496.66861882675397,288.8736539312296,321.20000000000005,294.14303693771365
233.60000000000002,240.6416725254059,286.5329721437676,242.28031370278222,285.795,266.11900362968447,232.8620278562324,264.48036245230816
140.0564113277953,302.86018482621296,157.315,302.63719730854035,157.41858867220472,310.6546608120623,140.16,310.8776483297348
110.92967051815621,141.20122620357313,279.95500000000004,141.10395550474524,279.9853294818438,193.80688375996317,110.96000000000001,193.90415445879103
250.7911200035582,588.739599002828,279.95500000000004,587.6740558815003,280.28387999644184,596.6754905090435,251.12,597.7410336303711
134.07346045727988,393.9509949419522,151.475,393.5740138053894,151.72153954272014,404.9543381383396,134.32000000000002,405.33131927490234
133.1603026845179,286.9476547995178,180.675,280.0399592971802,181.83469731548215,288.01695638746344,134.32000000000002,294.92465188980105
87.3907998550275,0.3372586786975126,256.595,-1.2477986025810242,256.8042001449725,21.084229153371886,87.60000000000001,22.669286434650424
379.49869044905876,354.598917716542,501.875,353.94599124193195,501.97630955094127,372.93417666335995,379.6,373.58710313797
350.09034489630346,244.090035689165,478.51500000000004,242.64111421585085,478.8246551036966,270.0872875425321,350.40000000000003,271.5362090158463
