135.68,3.1269876670837404,282.0524848918242,3.3509730536047404,281.96000000000004,63.789038418134055,135.58751510817584,63.565053031613054
327.8933333333334,1.1130045827229818,385.12136564982893,2.509097000989611,383.72,59.95328740437826,326.4919676835044,58.55719498611163
22.613333333333333,229.75683848063153,95.53084615077172,261.0902512187952,44.52,379.80007893880213,-28.397512817438397,348.4666662006385
199.2547106266243,286.56716772012135,328.81199999999995,232.1600238037109,339.86128937337566,258.4712005660114,210.30399999999997,312.8783444824219
345.97310169300926,387.5135606925545,386.476,387.4767277011871,386.48689830699067,399.46090284895314,345.984,399.49773584032056
23.674297740886672,162.69027691369823,47.275999999999996,162.62761048364638,47.34570225911332,188.87917715210148,23.744,188.9418435821533
175.68795551898873,259.0785381605899,260.972,225.60179542541502,268.4520444810113,244.65766508648036,183.16799999999998,278.13440782165526
143.66431251215465,309.11705857365536,210.09199999999998,287.5732916564941,219.0676874878453,315.24877504450865,152.64,336.7925419616699
297.48536267732186,279.91851615167633,335.596,261.07672950744626,339.9986373226781,269.98179341863613,301.888,288.8235800628662
23.744,128.3754320526123,48.24016372034222,129.32110672889382,47.275999999999996,154.2961990509033,22.779836279657783,153.35052437462178
169.6,388.37760730361936,200.07661878215373,388.80162386297724,199.916,400.34626117706296,169.43938121784626,399.9222446177051
22.660822578784426,60.96273663113293,47.275999999999996,59.93233101654052,48.35917742121557,85.80816478946033,23.744,86.83857040405273
118.18192007618937,351.7887394389743,291.5,286.32593403625486,295.43007992381064,296.7311389789944,122.112,362.19394438171383
23.744,93.99738026428223,47.527179738017495,94.22995863692665,47.275999999999996,119.91529123210907,23.4928202619825,119.68271285946464
