17.878067602405917,96.21458022422989,155.625,95.45960256457329,155.7469323975941,117.70637174196642,18.0,118.46134940162301
636.0,706.0538313388824,743.9463443487767,707.0929726834195,743.625,740.4743292331696,635.6786556512234,739.4351878886326
438.0,244.59490299224854,462.2572712825996,245.3543953590492,461.625,265.5483784675598,437.36772871740044,264.7888861007592
657.8818082466837,174.11313397860422,683.625,171.29009628295898,685.7431917533163,190.60582010769951,660.0,193.42885780334473
661.3558007592612,200.173070193255,695.625,191.3228051662445,700.2691992407389,209.30565524009464,666.0,218.1559202671051
30.0,117.93022932484746,143.62858229741133,117.97994664776184,143.625,126.1672614980489,29.996417702588705,126.11754417513453
156.0,231.89184665679932,183.88137335892895,237.83297591306945,179.625,257.80788803100586,151.74362664107107,251.86675877473576
432.0,269.2401673793793,462.40350728577766,270.46629805637,461.625,289.7704002857208,431.22149271422234,288.5442696087301
426.0,506.52316188812256,451.7842964158692,508.9937691447005,449.625,531.5290946960449,423.8407035841308,529.0584874394671
48.0,72.1598002910614,108.99222347191447,76.33714733535683,107.625,96.2995777130127,46.632776528085536,92.12223066871728
144.0,255.7101695537567,175.23086645546766,258.25839926792554,173.625,277.93974924087524,142.39413354453234,275.3915195267065
401.89833807445007,681.3453812126423,617.625,680.8186245560646,617.72666192555,722.4530065234399,402.0,722.9797631800175
