80.0,675.3700748085976,338.8459252789094,675.7482996040666,338.75,741.3967390358448,79.90407472109058,741.0185142403757
400.0,674.1754284501076,659.2705698020726,676.2192826670926,658.75,742.2555136680603,399.4794301979273,740.2116594510752
39.92672699492004,56.278517517738905,438.75,55.782136991620064,438.82327300507995,114.65426869549515,40.0,115.150649221614
640.8682542882933,476.799356140397,671.625,474.96221566200256,672.7567457117068,493.90949567387304,642.0,495.74663615226746
468.0,495.89271761476994,545.6367440227862,495.96426482961,545.625,508.7078453153372,467.9882559772139,508.6362981004972
606.0,68.36921811103821,641.8149734652239,68.57076189940055,641.625,102.32965207099915,605.8100265347762,102.12810828263682
474.0,66.47400426864624,503.6491423050403,66.4938678955739,503.625,102.52951437234879,473.97585769495976,102.50965074542113
671.5249927874667,67.74629022495185,701.625,67.3636794090271,702.1000072125335,104.7325146017846,672.0,105.11512541770935
540.0,66.01391172409058,571.9148349113182,68.18799236037542,569.625,101.80206441879272,537.710165088682,99.62798378250788
592.0374915294012,512.7067367692254,671.625,498.2560440301895,673.5875084705989,509.0646026472786,594.0,523.5152953863144
468.0,318.8658142089844,486.29595482426737,319.2456654896968,485.625,351.5629427433014,467.3290451757327,351.183091462589
258.0,299.37831687927246,293.0045879403577,306.9139250445045,281.625,359.77466011047363,246.62041205964235,352.2390519452416
582.0,445.0586242675781,708.6278135183718,449.0860289085374,707.625,480.61603260040283,580.9971864816283,476.58862795944356
413.48520850791317,321.25721605493715,455.625,320.81141459941864,456.1397914920869,369.4725525789054,414.0,369.9183540344238
252.0,455.0368963479996,353.65499747744195,455.3473698850996,353.625,465.1691199839115,251.97000252255808,464.8586464468115
264.0,439.4703649878502,335.6742083165583,439.6954068924562,335.625,455.36789748072624,263.95079168344176,455.14285557612027
