139.7597964034099,672.6121714809337,618.75,670.8766070008278,618.99020359659,737.1692575788696,140.0,738.9048220589757
312.7172966774936,615.9477303189425,338.07692307692304,614.8866169269268,339.2057802455833,641.8652567885545,313.8461538461538,642.9263701805702
528.4718598125613,579.8371343477116,553.4615384615385,579.0468450692983,554.2204478797463,603.0442634864793,529.2307692307692,603.8345527648926
332.3076923076923,780.5787541316106,417.865207965916,801.6937564510915,411.9230769230769,825.7711381178635,326.3655612648532,804.6561357983826
92.3076923076923,747.003961792932,664.243736153239,747.2909277631791,664.2307692307692,773.134585573123,92.29472538522262,772.8476196028761
338.8982906961426,639.919462834577,381.15384615384613,630.2107136066143,386.87094007308815,655.0933193356453,344.6153846153846,664.802068563608
299.7429788032555,551.2653182990423,319.6153846153846,549.8863851107084,321.41086735059065,575.7618675811785,301.53846153846155,577.1408007695125
230.8429300191792,387.665547401222,251.9230769230769,384.62652719937836,254.92630075005155,405.45837274601354,233.84615384615384,408.4973929478572
350.7692307692308,831.0346706096942,425.69204112919374,835.3291144643971,424.2307692307692,860.8231251056377,349.30795887080626,856.5286812509349
400.0,957.2955043499286,430.9100296502262,958.0007145667515,430.38461538461536,981.0301179152268,399.47458573438917,980.3249076984039
553.8461538461538,879.3135276207557,686.3516618575447,894.5918969301777,682.6923076923076,926.3285680917593,550.1867996809168,911.0501987823374
