362.66666666666663,187.95590347548324,520.0334694763411,188.29373680970863,519.9166666666666,242.70188087224957,362.54986385699215,242.3640475380242
283.9831497063922,757.371368511911,565.25,708.6927285194397,575.9335169602743,770.4224556839507,294.66666666666663,819.1010956764221
475.99999999999994,334.6369752089182,685.2767074463478,552.1718518483793,542.5833333333333,689.4482278029124,333.3066258869854,471.91335116345124
389.14445324785237,805.125514769544,502.775,784.2876791000366,508.0305467521476,812.9466367960077,394.4,833.7844724655151
374.0,281.5662783145904,496.46712072729576,285.4326795785545,495.97499999999997,301.02045860290525,373.50787927270414,297.1540573389412
345.8921326415064,739.3252352302981,393.97499999999997,718.3704740047455,401.6828673584936,736.056973021655,353.59999999999997,757.0117342472076
353.59999999999997,302.69094462394713,516.5374713427498,305.22060057944714,516.375,315.68552949428556,353.4375286572502,313.1558735387856
353.59999999999997,316.3808826565742,462.07174902187256,317.3576430269532,461.97499999999997,328.1018705129623,353.5032509781274,327.12511014258337
346.7834076723563,880.3670277601349,550.375,880.1886413186788,550.3915923276436,899.1253854894769,346.8,899.303771930933
312.8,906.5256826713681,557.1937527542763,906.7548458195907,557.175,926.7539426535368,312.78124724572365,926.5247795053142
360.4,240.12981429100037,483.0401590416428,245.51754162224532,482.375,260.65847315788267,359.73484095835715,255.27074582663772
460.92677768637,642.6935015636677,536.775,640.6412328720093,538.24822231363,695.0889248412852,462.4,697.1411935329437
