-0.7284104471085772,83.94702319216556,219.5576923076923,74.35747982905461,220.28610275480085,91.09015338019397,0.0,100.67969674330492
174.60492444643646,232.30208737926986,219.5576923076923,221.18091011047363,223.7219986304866,238.01339923525083,178.76923076923077,249.1345765040471
68.780151495212,104.64706977367496,210.94230769230768,103.02527985206017,211.08523312017263,115.55377489933505,68.92307692307692,117.17556482094984
1.7877083378345495,195.08853764702263,86.01923076923076,168.31998267540564,90.69306089293467,183.0269336977051,6.461538461538462,209.79548866932208
-4.628970654656911,45.032475283913385,129.09615384615384,0.17238455552321214,133.72512450081075,13.971056538878077,0.0,58.83114726726825
160.95870144944524,36.664619534290296,234.6346153846154,12.087966405428373,239.52206778132395,26.73957581107479,165.84615384615384,51.31622893993671
39.176178053232725,332.9299916348645,79.5576923076923,322.73275580772986,83.45843733138265,338.1798822101625,43.07692307692307,348.3771180372972
92.18766835035332,256.54552351371854,213.09615384615384,253.48993191352255,213.52387011118512,270.4144861712109,92.61538461538461,273.4700777714069
109.96883641338934,52.12316690968708,154.94230769230768,40.397369604844314,159.12731743276453,56.4486802723667,114.15384615384615,68.17447757720947
20.558506928358298,290.21847720381993,92.48076923076923,264.5315582568829,97.76841614856477,279.33674097925734,25.846153846153847,305.0236599261944
38.73241072816999,228.4053440774509,148.48076923076923,197.70599005772516,152.8252815795223,213.237362426784,43.07692307692307,243.9367164465097
83.26026875947561,317.73393921297793,204.48076923076923,276.6283982350276,209.52819277898593,291.5132822202214,88.3076923076923,332.61882319817175
180.6329962144678,329.7819583630698,210.94230769230768,328.75846551014826,211.23238840091682,337.3488005826887,180.9230769230769,338.37229343561023
-0.5319116755877181,0.7339216962880615,23.557692307692307,-1.0314791385944073,24.089603983280025,6.226669473215957,0.0,7.992070308098426
161.30904075199624,132.54220173803225,202.32692307692307,126.63395360799936,204.7101900172345,143.17973177355503,163.69230769230768,149.08797990358792
3.9973666155464103,243.17849584519672,42.94230769230769,231.8716313288762,47.560325692145895,247.777759737466,8.615384615384615,259.0846242537865
66.61052922954244,287.4589235417122,144.1730769230769,286.6439224756681,144.33177846276524,301.74733307715434,66.76923076923077,302.5623341431984
206.12999377791738,119.61276688717355,232.48076923076923,115.12872365804819,235.27385237592875,131.54246077395925,208.9230769230769,136.02650400308463
75.17652101600335,188.94761946481296,193.71153846153845,187.375601878533,193.9196328301505,203.0665647717135,75.38461538461539,204.6385823579935
48.939348649264005,255.7566390347539,88.17307692307692,254.18828234305747,88.77218981227445,269.1755823779048,49.53846153846154,270.7439390696012
34.412855324034055,156.22630630630766,96.78846153846153,156.02446087507101,96.83714467596594,171.06884506376835,34.46153846153846,171.27069049500503
124.92307692307692,221.1425586113563,178.81851130931733,221.75760810745112,178.6346153846154,237.8720034635984,124.73918099837496,237.25695396750356
158.25521823782887,342.3925901356042,189.40384615384616,338.65393924713135,190.53324330063265,348.06352910831106,159.3846153846154,351.8021799967839
18.9054317563766,135.7479652438305,92.48076923076923,112.7112707724938,97.26764516670032,127.99974945906915,23.69230769230769,151.03644393040582
