27.52,43.851858477592465,75.58922855758908,44.30961014645427,75.46499999999999,57.355047955512994,27.39577144241091,56.8972962866512
189.2,144.25966937065124,220.11108162806573,144.82426884995255,219.945,153.91702034950256,189.03391837193425,153.35242087020123
161.67999999999998,184.60621502876282,220.11244927993476,185.66032853985058,219.945,194.94250873565673,161.5125507200652,193.88839522456894
161.67999999999998,341.7793848466873,244.10480826278672,342.81793002972665,244.02499999999998,349.1519642782211,161.6001917372133,348.11341909518177
189.2,133.15505887985228,223.40102217554437,133.20854306078317,223.385,143.4540917736292,189.18397782445558,143.4006075926983
161.67999999999998,210.01191151499748,209.66588806201054,210.25842373634296,209.625,218.21766387462614,161.63911193798944,217.97115165328066
27.42903586957788,81.97734041217753,99.54499999999999,81.62247853636741,99.63596413042211,100.10844846960119,27.52,100.4633103454113
185.76,364.10079519510265,237.17055774675623,364.35995934181756,237.14499999999998,369.42986593246457,185.73444225324374,369.17070178574966
161.67999999999998,333.8392861270904,244.12762330946464,335.11000169996146,244.02499999999998,341.7684925079345,161.57737669053537,340.49777693506354
202.95999999999998,356.78874428272246,220.01356240082228,356.97260035901564,219.945,363.33210288047786,202.8914375991777,363.1482468041847
158.23999999999998,196.76317116498947,220.00826777149823,197.19156211890132,219.945,206.3139318037033,158.17673222850175,205.88554084979145
161.66783105401652,174.67869578563958,192.42499999999998,174.61891064167023,192.43716894598344,180.87936771607605,161.67999999999998,180.93915286004543
23.938962505750926,27.609755294311064,78.905,27.055695837736128,79.04603749424906,41.047465322029566,24.08,41.60152477860451
