675.4011707166054,259.2798025897617,727.75,258.2992336273193,728.0288292833947,273.1848634144193,675.6800000000001,274.1654323768616
281.9869320062158,286.3122419494806,373.51,285.4653042984009,373.60306799378424,295.5225597673239,282.08,296.3694974184036
288.4325927403915,267.2487345172482,373.51,265.47958846092223,373.71740725960854,275.45370666965675,288.64,277.22285272598265
682.07834576887,244.50842951798273,721.19,244.09588138580324,721.35165423113,259.42152195906806,682.24,259.83407009124755
354.24,313.57639567136766,380.0908959884575,313.6472789026383,380.07,321.2679814934731,354.2191040115425,321.1970982622024
655.860893598387,189.28523696587155,799.5,188.36097422599792,799.639106401613,209.97941491439275,656.0,210.90367765426637
667.6079477328766,403.648849999843,714.63,397.399913482666,716.1420522671234,408.7778176332137,669.12,415.0267541503906
714.8720964464626,217.5160572288164,786.79,216.97227049827575,786.9579035535374,239.1781664707533,715.04,239.72195320129396
295.05355424809505,300.309874232962,373.51,299.3400359344482,373.6564457519049,311.1869729006745,295.2,312.1568111991882
373.92,732.9056861877442,596.9632346446883,735.8511396758792,596.5500000000001,767.1431604766846,373.5067653553117,764.1977069885495
582.3819900263776,297.60493973097414,609.67,295.5326495361328,611.1280099736225,314.731790081648,583.84,316.8040802764893
635.8002247911443,388.7082718376558,662.15,387.7817705535889,662.6697752088558,402.56422163921195,636.32,403.49072292327884
728.16,373.52950027465823,754.8157435250532,374.6810169185752,753.99,393.79564086914064,727.3342564749469,392.6441242252236
295.189121768861,248.4495926088352,366.95,248.37089810550214,366.960878231139,258.2906687003117,295.2,258.36936320364475
648.7470455776446,371.14736111477447,668.71,370.1972031593323,669.4029544223555,384.7562745968955,649.44,385.7064325523377
183.68,797.073799790591,681.8399865458352,797.2936410420738,681.83,819.9231407624484,183.6700134541647,819.7032995109656
767.3108132240548,391.92939176641437,793.35,391.4479613876343,793.5591867759454,402.762273425236,767.52,403.24370380401615
281.24659320873883,177.90994564851593,380.07,175.75487520217897,380.9034067912612,213.97176899114777,282.08,216.12683943748473
288.57719258723887,274.8935277625444,373.51,274.34589066028593,373.5728074127611,284.0866658381102,288.64,284.6343029403687
