295.30701768350264,327.4799780986828,335.995,317.76453709920247,353.38131564983075,390.5779177524525,312.6933333333333,400.2933587519328
140.30769230769232,342.3908276191125,263.2307301885093,363.3390087818776,261.92307692307696,371.01226263779864,139.0000390422599,350.0640814750335
44.18067625534466,148.51834706709454,177.0,147.98137175119842,177.12701605234764,179.398432606922,44.307692307692314,179.93540792281811
140.30769230769232,334.73647983257587,266.89699981387315,355.5634609775525,265.61538461538464,363.3532976003794,139.02607710920375,342.52631645540276
144.0,352.3749957451454,259.52263569707105,372.60968438972986,258.2307692307692,379.98512869614825,142.70813353369817,359.75044005156377
125.53846153846155,314.65065677349384,282.42953357369333,339.8679212615582,280.3846153846154,352.5905306889461,123.4935433493836,327.37326620088174
136.6153846153846,204.6118089052347,280.3982373992138,204.7157138678138,280.3846153846154,223.56574827432635,136.6017626007862,223.46184331174723
140.30769230769232,359.11025355412414,259.50660222310006,380.3244063102038,258.2307692307692,387.4931065486028,139.03185931536154,366.2789537925231
151.3846153846154,479.80204054025506,241.98167135674652,497.6658063794737,239.76923076923077,508.8863186469445,149.17217479709967,491.0225528077259
392.670731346428,312.4979779555184,409.61538461538464,308.5521662785457,415.7138840381874,334.74119065175324,398.7692307692308,338.687002328726
