416.3023631240568,509.0660258341283,536.25,343.1938912073771,570.6143035426098,368.0438577921737,450.66666666666663,533.9159924189249
485.3333333333333,183.6180076599121,546.4396502046864,248.5740884244575,518.9166666666666,274.4658622741699,457.8103497953136,209.5097815096245
121.33333333333333,238.18436874945957,558.0436043727968,253.1359585323819,553.5833333333333,383.4128189086914,116.87306229386971,368.4612291257691
37.84813332601751,266.27815084219964,120.25,174.90837653477985,151.7352000073158,203.30331646838792,69.33333333333333,294.6730907758077
52.0,294.474889755249,191.61309514330864,513.994669564435,154.91666666666666,537.3333498636881,15.303571523358006,317.8135700545022
10.399999999999999,15.728389832377433,275.3633695476133,16.97254538160217,275.275,35.79229273200035,10.311630452386748,34.54813718277561
228.79999999999998,115.36639719009399,401.62545317940703,125.82494140836958,400.075,151.445885181427,227.24954682059297,140.9873409631514
110.36137172192407,186.1959077447302,207.67499999999998,126.46051216125488,222.1136282780759,149.98216613832645,124.8,209.71756172180176
530.4,604.9759477615356,628.961431913803,605.2562180090661,628.875,635.6513572096824,530.3135680861969,635.3710869621519
156.94778592224463,515.6450829852356,493.67499999999995,479.7799817085266,497.9272140777553,519.7028077732788,161.2,555.5679090499877
166.39999999999998,204.35231375694275,288.76814222275584,211.0060676771717,285.675,267.8915599822998,163.30685777724412,261.23780606207083
