240.0,420.48450469970703,300.2371446868196,421.85627248571063,298.75,487.1598541736603,238.5128553131804,485.7880863876566
454.0444664002509,860.9599186425355,522.6923076923076,856.6887231973501,524.0324566766722,878.2279704565856,455.38461538461536,882.4991659017709
412.22670136824814,749.5288877755027,596.5384615384615,748.9803708516635,596.6194524779057,776.1948139399666,412.3076923076923,776.7433308638059
412.3076923076923,789.2404432021655,670.4178328855985,789.6673813401591,670.3846153846154,809.7493864022769,412.2744748067091,809.3224482642833
294.55563689214904,438.9617466134562,516.5384615384615,434.9894787715031,517.3674400309279,481.3154050812083,295.38461538461536,485.28767292316144
252.3076923076923,832.6347615168645,326.6567264794033,836.4577637652993,325.7692307692308,853.7176146874061,251.42019659751978,849.8946124389712
239.49175731664494,378.5531116954721,375.0,375.9549749814547,375.50824268335504,402.4628459901451,240.0,405.0609827041626
246.15384615384613,597.3804780153127,393.5806520718737,598.654260921465,393.46153846153845,612.4403927876399,246.03473254351087,611.1666098814876
319.833090934158,262.7143891792575,436.53846153846155,262.01391531870917,436.70537060430354,289.82249674251415,320.0,290.52297060306256
246.04640523110805,577.5385644967894,516.5384615384615,575.5635026785044,516.6459024611996,590.2779363503669,246.15384615384613,592.2529981686519
264.6153846153846,780.8594982440654,314.5245137532283,784.7467489447464,313.46153846153845,798.3944848867562,263.55240932369475,794.5072341860754
276.88403137345097,293.2701402917484,479.6153846153846,292.83853008196905,479.6544301650105,311.17859001194256,276.9230769230769,311.6102002217219
240.0,494.716794857612,498.08773212635583,494.8640811919373,498.07692307692304,513.8046235533861,239.9891909505672,513.6573372190608
319.22922238154183,897.2055026812766,528.8461538461538,885.3087476583627,529.616931464612,898.8895971346789,320.0,910.7863521575928
