148.5595930030003,14.099945771735548,340.0,11.862202008565268,340.77374033033306,78.05618104533191,149.33333333333334,80.2939248085022
277.3333333333333,110.07064861059189,788.0703280139013,110.59583520630116,788.0,178.98889541625977,277.263005319432,178.46370882055052
358.4,196.4634885787964,729.3840070870199,198.52760231668714,729.2,231.59927139282226,358.21599291298014,229.53515765493154
166.4,573.3200027465821,281.4110692683887,574.7189251172841,281.2,592.0717838287353,166.1889307316113,590.6728614580333
377.5991776782572,575.2318235557537,479.6,575.2266942724585,479.60082232174284,591.5793675709505,377.6,591.5844968542457
159.89482605729927,555.647213326125,178.8,555.4605731964111,178.90517394270074,566.1138645547344,160.0,566.3005046844482
569.5304815279266,561.0151995778326,588.4,560.8744037628173,588.4695184720734,570.1913006663079,569.6,570.3320964813232
6.3716570838584214,50.509371254214,134.0,50.32572689056396,134.02834291614158,70.02336066850191,6.4,70.20700503215194
255.99289113819987,744.0921801651305,767.6,743.972323179245,767.6071088618002,774.3163553272898,256.0,774.4362123131752
19.134988290103024,11.152980979825148,121.2,10.955559301376343,121.26501170989698,44.56595601186644,19.2,44.763377690315245
569.3535768129259,577.4636830329603,665.2,576.0278419494629,665.4464231870741,592.4772814750963,569.6,593.9131225585937
