128.0,70.28878657023112,234.5750427272748,72.71244862722965,233.33333333333334,127.3138033548991,126.75829060605854,124.89014129790057
40.50698227062724,11.332668791220458,638.6666666666666,-6.6331329345703125,640.8263510627061,65.27215448021305,42.666666666666664,83.23795620600383
166.1921792380486,279.33023547886353,268.4,278.62158794403075,268.6078207619514,308.5954552674438,166.4,309.3041028022766
165.1031273289725,252.84100454252138,217.2,250.04728775024415,218.4968726710275,274.2312030990802,166.4,277.0249198913574
543.4876735264208,327.7410328417458,607.6,325.80152130126953,608.1123264735791,342.7369410962425,544.0,344.67645263671875
549.9232029122115,526.6662473925155,652.4,524.1305480957031,652.8767970877885,543.399646162172,550.4,545.9353454589843
191.7694063458379,454.3613139550498,268.4,453.39040451049806,268.6305936541621,471.5903805334756,192.0,472.56128997802733
543.5730603589849,435.38020315102324,658.8,433.35716247558594,659.2269396410151,457.67449274131076,544.0,459.69753341674806
179.14772335197807,496.592456470118,281.2,496.22218656539917,281.2522766480219,510.63046246947243,179.2,511.0007323741913
4.813491843691256,184.65914618299718,114.8,178.56084594726562,116.38650815630874,207.17447360231168,6.4,213.2727738380432
147.2,605.5121047973632,237.15079916117276,611.4441584503511,236.4,622.828914642334,146.44920083882727,616.8968609893461
147.2,689.8514877319336,205.49828944180354,697.1941770963525,204.4,705.9141967773437,146.1017105581965,698.5715074129248
140.8,568.472677230835,224.28740818131254,574.4353922835103,223.6,584.0601902008057,140.11259181868743,578.0974751481303
147.2,620.862646484375,211.43730096818445,623.7366275108212,210.8,637.98115234375,146.56269903181558,635.1071713173038
19.179788174711614,71.81056256079049,127.6,71.76952463388443,127.62021182528838,125.16818641713887,19.2,125.20922434404493
166.4,424.46770269870757,287.61560152386613,424.54642603357604,287.6,448.56913928985597,166.38439847613387,448.4904159549875
550.2299093249251,507.8957500083435,652.4,506.65130615234375,652.570090675075,520.6159214394104,550.4,521.8603652954101
529.5435742076662,266.4144792842675,588.4,262.6585327148438,590.0564257923338,288.61505257608405,531.2,292.3709991455078
505.6,568.9712886810303,601.8090500084747,574.8306008209618,601.2,584.8311130523682,504.9909499915252,578.9718009124367
505.6,617.014098739624,576.0263621932685,619.5867859459574,575.6,631.2582935333252,505.1736378067315,628.6856063269918
147.2,675.2092906951905,186.9052631681737,681.7422711230254,185.2,692.1062885284424,145.4947368318263,685.5733081006074
89.56610770474254,117.94738853045267,146.8,117.86094546318054,146.83389229525747,140.3010096304818,89.6,140.3874526977539
147.2,664.9954635620118,199.18286524200022,670.7756967571482,198.0,681.4134552001954,146.01713475799977,675.6332220050588
505.6,632.0250793457031,576.4311781902738,636.3514180401157,575.6,649.9595367431641,504.76882180972615,645.6331980487514
140.8,579.6470912933349,211.70417934637697,586.0673923068746,210.8,596.0529201507568,139.895820653623,589.6326191372173
505.6,554.9887161254883,633.5854154656495,559.1492722688633,633.2,571.0052734375,505.21458453435054,566.8447172941248
147.2,642.4156059265136,192.25930829892135,645.1346102459964,191.6,656.060659790039,146.54069170107863,653.3416554705562
505.6,579.4071132659913,576.1973131924833,583.5177779884336,575.6,593.7761447906494,505.0026868075167,589.665480068207
563.1237990666061,463.29078341778313,639.6,462.97712287902834,639.676200933394,481.5563101643702,563.2,481.869970703125
529.171891338313,296.46893910043406,639.6,288.5373275756836,641.6281086616871,316.77373362905814,531.2,324.7053451538086
153.6,560.9023468017579,230.23863941046525,563.0399561625426,230.0,571.595775604248,153.36136058953474,569.4581662434632
499.2,700.6971630096435,563.9667920307975,708.8260597707418,562.8,718.1224475860596,498.0332079692025,709.9935508249613
-4.989938514259882,426.925100074438,63.6,415.780281829834,68.58993851425988,446.4904799121343,0.0,457.63529815673826
140.8,545.730924987793,249.599521429601,549.5446799508667,249.2,560.9423027038574,140.400478570399,557.1285477407837
11.605002241631087,643.309397347233,82.8,639.0781501770019,83.99499775836891,659.1851917431143,12.8,663.4164389133454
499.2,662.8068988800048,538.8631764182394,669.2432015390865,537.2,679.492387008667,497.53682358176064,673.0560843495854
147.2,653.7984909057617,186.28864696260274,658.2280524525828,185.2,667.834812927246,146.11135303739724,663.405251380425
499.2,674.5665981292725,545.231820461174,681.4076093879128,543.6,692.3878086090087,497.56817953882603,685.5467973503685
-2.3605223655577334,511.59567695725474,70.0,505.59253578186036,72.36052236555773,534.045744933004,0.0,540.0488861083984
505.6,593.0233093261719,575.7961007136572,594.4553218995468,575.6,604.0680206298828,505.4038992863428,602.636008056508
499.2,688.2591026306152,543.9482341914702,689.6539971131322,543.6,700.8253547668457,498.85176580852976,699.4304602843288
512.0,655.123913192749,556.8876001155318,657.1630112209118,556.4,667.8967761993408,511.5123998844682,665.857678171178
179.05790319679252,514.9319008132591,281.2,514.0542100906372,281.3420968032075,530.5908613899576,179.2,531.4685521125793
0.0,588.3073463439941,70.79673009365074,590.6828897864477,70.0,614.4273031234741,-0.7967300936507404,612.0517596810206
152.73266603121456,313.7043465986228,262.0,308.11530151367185,262.86733396878543,325.07191377735376,153.6,330.6609588623047
-1.7773953295704348,262.0923739886351,108.4,255.04008865356445,110.17739532957043,282.80822034119893,0.0,289.86050567626955
