278.3258743749466,474.31418470605973,306.306,472.6602935523987,307.11612562505337,486.3658005386912,279.13599999999997,488.0196916923523
155.22950814099858,201.88255727770257,178.178,201.16005027770996,178.5324918590014,212.41953086469243,155.584,213.14203786468505
144.60239062253524,216.03584248428314,178.178,211.29422719573972,180.00760937746475,224.24978053207428,146.432,228.99139582061767
9.152,512.7689756759554,567.219121137563,514.5547322602253,567.1379999999999,539.9059139957428,9.070878862436938,538.120157411473
149.33139391132192,227.21686962291994,187.32999999999998,222.29449935913084,189.00660608867804,235.2371856901904,151.00799999999998,240.1595559539795
137.71249473766733,265.41074873548644,315.45799999999997,236.89083443450926,319.60150526233264,262.71452480882505,141.856,291.2344391098022
206.5808197008197,421.3993447542535,388.674,397.99081461334225,392.5891802991803,428.44670517250427,210.49599999999998,451.8552353134155
147.0032386909802,333.0324740998114,365.794,299.06995146942137,369.79876130901977,324.869117956463,151.00799999999998,358.831640586853
383.34556735205456,207.61719901894196,416.13,206.70335245513914,417.1684326479454,243.95733638907802,384.38399999999996,244.87118295288084
151.7479534425129,362.62365255429324,361.21799999999996,331.1600943145752,365.054046557487,356.6987458832067,155.584,388.1623041229248
137.71568740595862,296.4172769214046,393.25,255.90317058563232,397.39031259404135,282.0173324993718,141.856,322.531438835144
13.725333918958796,-0.3136662614226057,571.7139999999999,-0.4013331761360168,571.7166660810411,16.5679306414399,13.728,16.65559755615331
151.85145379530817,393.1212635766499,379.522,359.6117222137451,383.2545462046918,384.9713898962505,155.584,418.4809312591552
129.30678337475052,446.2184681813161,187.32999999999998,431.50151482391357,195.30321662524946,462.9368033793528,137.28,477.6537567367553
182.94989806991813,442.77557549171036,429.858,442.1201683111191,429.94810193008186,476.0637948009532,183.04,476.7192019815445
