128.0,39.71824963887533,362.67795934575923,44.834747820614275,361.3333333333333,106.5085875193278,126.65537398757414,101.39208933758884
467.99725317718145,448.3733905625206,660.0,444.460688273112,661.3360801561519,510.02434249005097,469.3333333333333,513.9370447794596
549.1806758063307,329.5768535352669,620.4,326.3348724365234,621.6193241936693,353.1207920335808,550.4,356.3627731323242
127.99382181616811,100.57841557281164,262.0,100.5076936841011,262.0061781838319,112.2143211303458,128.0,112.28504301905632
601.6,81.35164878368377,774.0054994889631,81.4618852016411,774.0,90.06287350654603,601.5945005110368,89.9526370885887
364.8,57.839825820922854,524.5329159032547,58.646997914531276,524.4,84.94999446868897,364.66708409674527,84.14282237508054
683.0796664756987,588.2892161800694,742.0,581.2927673339843,743.7203335243014,595.7804920718838,684.8,602.7769409179688
543.9529678902088,357.20857520790145,620.4,356.9085376739502,620.4470321097913,368.89192241935683,544.0,369.1919599533081
364.8,86.18653650283814,524.4299742434174,86.56057114160788,524.4,99.35293636322021,364.77002575658264,98.97890172445047
550.4,521.2839805603028,595.0427550189811,522.0340607241862,594.8,536.4821868896485,550.157244981019,535.7321067257649
480.0,521.9610961914062,524.4328246879955,522.0637270940726,524.4,536.2747840881348,479.9671753120045,536.1721531854683
563.4012894842521,571.374777303722,620.4,539.7471160888672,632.9987105157479,562.4522490634655,576.0,594.0799102783203
620.3847546482409,523.1085791080105,652.4,522.0285243988037,652.815245351759,534.3373284847629,620.8,535.4173831939697
550.118494445778,62.29440991283104,780.4,59.10397644042969,780.681505554222,79.42269595264747,550.4,82.61312942504883
584.9691974912488,584.5299121525342,658.8,536.1585525512695,675.4308025087512,561.5426952693408,601.6,609.9140548706055
507.47396215405723,558.4625210064887,569.2,544.852498626709,573.7260378459428,565.3796054583551,512.0,578.9896278381348
