3.1775232069064283,6.7760928528702,79.8,6.567464423179627,79.82247679309357,14.822463800539996,3.2,15.03109223023057
22.331930947203528,31.27970552904236,76.6,31.070861768722533,76.66806905279648,48.75861098306549,22.4,48.96745474338532
268.8,151.9550018310547,302.7398643952838,160.531318916889,294.2,194.3269256591797,260.2601356047162,185.75060857334537
310.3692340088859,24.53209352969765,342.2,24.39395341873169,342.2307659911141,31.48316926479698,310.4,31.62130937576294
220.8,124.89037017822265,277.01421812545584,150.2523070095172,268.6,168.90225067138672,212.3857818745442,143.54031384009215
300.8,353.5387557983398,379.3858778931209,358.2054306837677,377.4,391.6472198486328,298.8141221068791,386.980544963205
275.2,320.6246971130371,399.897527793304,321.0026645409555,399.8,353.1786506652832,275.102472206696,352.8006832373648
307.2,183.1782554626465,342.0738002175217,188.31642797244626,339.0,209.1789222717285,304.1261997824783,204.04074976192874
271.991577694125,59.86154333707812,387.0,59.808102107048036,387.008422305875,77.93336064460752,272.0,77.9868018746376
204.8,106.07269744873047,230.74459158649688,116.3983496816466,220.6,141.88800201416015,194.6554084135031,131.56234978124402
338.4895785536103,202.91314703005713,355.0,202.43339920043945,355.7104214463897,226.88240503293113,339.2,227.36215286254884
236.8,27.037830352783203,387.79952816271305,31.307528146074144,387.0,59.583153533935544,236.00047183728694,55.3134557406446
