288.0,344.24581184387205,323.27242366783406,344.87065424232026,323.0,360.2490009307861,287.72757633216594,359.6241585323379
239.96914968347738,195.96100469797352,271.8,192.75972900390624,275.0308503165226,224.88464502126476,243.2,228.08592071533204
121.6,101.66274769306183,278.2263910214093,102.06384565029525,278.2,112.36938414573669,121.57360897859067,111.96828618850327
102.36049961243822,120.36312311274192,268.6,119.77119464874268,268.6395003875618,130.86463767903666,102.4,131.4565661430359
272.0,365.46606435775755,323.0959432374324,365.76445265044634,323.0,382.19375076293943,271.9040567625676,381.8953624702507
118.4,31.313206100463866,278.89709988127845,36.12222482825157,278.2,59.38736801147461,117.7029001187215,54.578349283686904
76.8,65.33072974681855,323.0382095620281,65.69206647244235,323.0,91.73053274154663,76.76179043797192,91.36919601592282
3.3634530415723987,236.3160821510809,230.2,147.89418182373046,239.6365469584276,172.1025930808527,12.8,260.5244934082031
220.50836673047587,146.5126860117927,361.4,93.86605834960938,371.29163326952414,120.33780837297293,230.4,172.98443603515625
116.97048228081226,241.4722136482905,246.2,205.92989196777344,254.02951771918774,234.3974976554204,124.8,269.9398193359375
278.4,323.55973682403567,323.10628952962963,323.8545350371248,323.0,339.97339286804197,278.29371047037034,339.67859465495286
