214.1946997036481,66.73751408780035,491.1316666666667,65.64713766058287,491.3636336296853,124.56277960812633,214.42666666666668,125.65315603534381
63.06666666666667,229.659858678182,114.0376185710664,243.75632888167792,100.11833333333334,294.0866036351522,49.147381428933606,279.99013343165626
0.0,4.818118527730307,491.21455683653716,5.512384059285084,491.1316666666667,64.15976925760508,-0.0828901698704318,63.46550372605031
56.74391769876467,291.2322171269112,117.0675,291.1561325879693,117.08358230123534,303.906975737626,56.76,303.9830602765679
49.123530757326364,206.40368176976057,124.63550000000001,206.13266157466174,124.70396924267364,225.20964343926101,49.192,225.48066363435984
294.92339464460986,328.1521518352553,332.7555,326.8299182238579,332.98410535539017,333.37083642119916,295.152,334.6930700325966
326.9621909700599,214.56686012074985,378.1635,190.1893062477112,384.1933090299401,202.8539943104025,332.992,227.23154818344116
283.33692603168436,251.2787668308894,366.8115,246.86332527542115,367.2745739683156,255.61780695870718,283.8,260.0332485141754
283.498410111253,260.8989255562734,347.8915,257.97785272979735,348.19308988874695,264.6261994055796,283.8,267.54727223205566
268.0444355278189,273.46700881607455,328.9715,269.5056092262268,329.59106447218113,279.0346263539084,268.664,282.9960259437561
217.21314466699428,394.47993431986885,347.8915,328.63825516700746,353.9343553330057,340.63172809468193,223.256,406.4734072475433
194.5134097634876,279.64775279760414,328.9715,220.07888651275636,335.0100902365124,233.70911588525723,200.552,293.27798217010496
14.851624543578616,130.14301167284853,181.3955,128.99082488131523,181.67987545642137,170.09613084830934,15.136000000000001,171.24831763984264
344.1564890201121,324.7153662637,355.4595,324.4053078532219,355.6470109798879,331.24091879908997,344.344,331.55097720956803
190.5448828694369,335.24595706377977,457.6275,285.7579571781159,460.06661713056315,298.92166935528763,192.984,348.40966924095153
442.728,216.83529348754882,454.03486537756527,216.98198633250848,453.8435,231.73214379692078,442.53663462243475,231.58545095196112
391.39735392461574,181.36241337175466,453.8435,151.475151927948,459.76614607538426,163.84986958722973,397.32,193.73713103103637
344.16681725264453,286.82924814357466,370.5955,286.08270238637925,370.7726827473555,292.3552001844435,344.344,293.10174594163897
336.7589878981736,233.1364859409319,355.4595,233.11290913105012,355.4765121018264,246.60646562481057,336.776,246.6300424346924
7.3717847147028595,357.0926790769294,173.82750000000001,356.28167568063736,174.02371528529713,396.55420205151586,7.5680000000000005,397.3652054478079
-0.3363355993312708,423.3940600743187,495.46750000000003,419.24995743370056,495.8038355993313,459.48942413092726,0.0,463.6335267715454
180.7864733145346,223.4707989399493,223.0195,208.57198832321168,227.6490266854654,221.69511130785344,185.416,236.59392192459106
327.0995102227126,405.4091687025565,427.3555,355.9328698921204,433.24798977728744,367.8730798325998,332.992,417.3493786430359
274.62215080013505,176.79145060912234,347.8915,144.0987325897217,353.2853491998649,156.18716831787964,280.016,188.87988633728028
201.40356926112858,155.02727997707726,234.3715,146.23241288375854,237.30393073887143,157.22475335574745,204.336,166.01962044906617
289.418993066047,294.6446151848979,328.9715,277.39642400360106,334.70450693395304,290.54300813663536,295.152,307.7911993179321
