576.0,0.6025428771972656,723.142752158872,149.90954552213347,690.0,182.57188339233397,542.857247841128,33.26488074739779
57.599999999999994,501.96504458785057,248.64378315707646,502.6593190149167,248.39999999999998,569.7412318468093,57.356216842923516,569.0469574197432
587.52,658.0369335937501,651.2215605721916,660.5049788738684,650.52,678.6126301574707,586.8184394278085,676.1445848773524
587.52,639.0241719818115,708.3440745896304,640.5695280074799,708.12,658.0888597869873,587.2959254103696,656.5435037613189
593.28,573.2979503631592,714.2260266617652,574.9289847039195,713.88,600.587886428833,592.9339733382349,598.9568520880728
178.54050120925808,636.4118912222083,241.56,636.2902574014664,241.57949879074195,646.3927437994784,178.56,646.5143776202202
62.64820707051905,601.0681788885846,103.32000000000001,598.0261191558839,104.03179292948094,607.542662938808,63.36,610.5847226715088
51.84,660.1020457077027,111.36545606005275,673.4555892039917,109.08,683.643358039856,49.55454393994725,670.2898145435669
190.0699166785918,659.4950928519798,218.52,659.4671359133721,218.53008332140823,669.7283214546609,190.08,669.7562783932686
40.32,630.3784997856617,132.14496873570178,630.5140258831141,132.12,647.4314566826821,40.295031264298224,647.2959305852297
178.55165795415903,647.8259078072556,235.8,647.7777148461342,235.808342045841,657.6872178638928,178.56,657.7354108250141
184.2617561484448,613.7457596718315,235.8,613.440795993805,235.85824385155522,623.2838889277932,184.32,623.5888526058197
69.07105124291859,652.3869196491197,109.08,652.2662937426568,109.1289487570814,668.5015152735756,69.12,668.6221411800385
178.12847852127038,673.637927343506,235.8,671.9515129852296,236.23152147872963,686.7085625246581,178.56,688.3949768829345
178.56,624.8510874652862,235.80968054240387,624.9063547580649,235.8,634.9341294550896,178.55031945759615,634.878862162311
529.9200000000001,548.0516745758057,714.0045483588439,549.393691875007,713.88,566.4779935455323,529.7954516411561,565.135976246331
45.92914336123802,608.8191974873465,103.32000000000001,608.300745048523,103.470856638762,625.0000429587443,46.08,625.5184953975678
155.52,272.7218711400032,437.43961392453787,273.0495612688699,437.40000000000003,307.1303630018234,155.48038607546212,306.8026728729567
