294.2120154228017,476.99259447342365,313.2,476.66215324401855,313.3879845771983,487.4642201017717,294.4,487.79466133117677
524.7781557021414,391.2210953757516,582.0,391.1298999786377,582.0218442978587,404.8364142372855,524.8,404.9276096343994
633.6,120.8315055847168,748.5165119172858,121.1809244908952,748.4,159.49923782348634,633.4834880827142,159.14981891730793
275.1079979431766,530.8215457535712,326.0,530.2938198089599,326.0920020568234,539.1661690138849,275.2,539.6938949584961
641.3485233375015,651.6003337334607,735.6,620.9154472351074,740.6514766624985,636.4315266181018,646.4,667.1164131164551
134.4,528.2415405273438,178.82328014506473,528.3520414078246,178.8,537.711065530777,134.3767198549353,537.6005646502961
486.4,362.96522636413573,505.28097349070174,363.15933427260376,505.2,371.0356662750244,486.3190265092982,370.8415583665564
596.0301784381875,602.3891503149265,671.6,579.1441162109375,677.1698215618126,597.2516577905423,601.6,620.4966918945313
127.84010749143695,441.2293848187627,274.8,440.3115041732788,274.95989250856303,465.9115492193995,128.0,466.8294298648834
460.8,440.690270614624,595.1243235183017,442.404973246698,594.8,467.8114410400391,460.4756764816983,466.0967384079651
127.47598129356183,466.7205704957164,281.2,463.67091674804686,281.7240187064382,490.0851486891591,128.0,493.13480243682864
570.5673904561631,675.1131497763174,633.2,653.0085418701171,638.6326095438369,668.4016451455575,576.0,690.5062530517578
601.5963919313921,524.0941493868864,626.8,524.084073472023,626.8036080686079,533.1091940998995,601.6,533.1192700147628
460.8,465.5480125427246,595.1299918802249,467.34154201996535,594.8,492.0569465637207,460.47000811977506,490.26341708648
268.8,523.6174414873124,300.41121791365686,523.6594782040237,300.4,532.095244383812,268.78878208634313,532.0532076671005
134.4,556.311865234375,159.67891169640433,556.5403112099028,159.6,565.2723617553711,134.32108830359567,565.0439157798432
460.8,523.5173831939697,505.4158020640728,524.4917417574445,505.2,534.3733013153076,460.5841979359272,533.3989427518329
620.8,478.0805223464966,646.0458058045081,478.1751518586656,646.0,490.3954879760742,620.7541941954919,490.30085846390523
607.9608826212327,533.5984612837094,652.4,533.4407817840577,652.4391173787673,544.4653080568057,608.0,544.6229875564575
530.7414427386411,656.932427967484,761.2,586.9532943725586,768.0585572613588,609.5402160754848,537.6,679.5193496704102
185.6,387.4462265014648,249.45716602102317,388.55872104467534,249.2,403.3200458526611,185.34283397897684,402.20755130945065
460.74962372374483,555.1426056593388,492.4,554.94112033844,492.45037627625516,562.8544913560421,460.8,563.0559766769409
