400.0,436.9130102793376,672.7583965151305,472.4365050191679,665.0,532.0074399312338,392.24160348486964,496.4839451914034
439.94388128973065,688.7132503948176,479.5,688.6014978885651,479.55611871026935,708.4653778114355,440.0,708.577130317688
275.3110622379118,374.2929602874819,327.5,357.27242517471313,332.1889377620882,371.6498039947447,280.0,388.6703391075134
455.9169414666675,529.0194979254165,663.5,528.5265827178955,663.5830585333325,563.5053054746231,456.0,563.9982206821442
444.30511755235483,357.8218172248885,551.5,320.7977981567383,563.1948824476452,354.6577512565568,456.0,391.68177032470703
184.0,139.14762616157532,359.9436901986699,141.73744361935996,359.5,171.8802981376648,183.55630980133006,169.29048067988015
404.246926634244,398.7510441906685,447.5,383.8391571044922,459.253073365756,417.92984875366744,416.0,432.84173583984375
770.5840354960653,300.211450519397,815.5,281.0533447265625,820.9159645039347,293.7510128595093,776.0,312.90911865234375
408.0,567.4171295166016,470.75529376855974,589.6449450637601,455.5,632.7148742675781,392.74470623144026,610.4870587204196
437.53379713962124,630.9292905181218,719.5,614.4557838439941,721.9662028603788,656.6681597382259,440.0,673.1416664123535
363.8452861708341,339.237432628553,415.5,315.15943908691406,419.6547138291659,324.0725801888298,368.0,348.15057373046875
664.0,282.3606925010681,687.6119811250944,282.5343073601479,687.5,297.7639727592468,663.8880188749056,297.590357900167
662.5393894068807,431.00908488889434,839.5,423.69937324523926,840.9606105931193,459.05925541261934,664.0,466.3689670562744
576.0,326.9735813140869,609.154488640235,328.2782785310452,607.5,370.3215389251709,574.345511359765,369.0168417082126
800.0,344.32364416122437,851.0514708495992,356.6935597338513,847.5,371.3507180213928,796.4485291504008,358.98080244876587
839.8835583283741,293.79940436556154,871.5,293.55800914764404,871.6164416716259,308.80881382749266,840.0,309.05020904541016
388.342069767671,523.8737158857477,423.5,521.0092735290527,427.157930232329,565.9064087785589,392.0,568.7708511352539
720.0,293.40285301208496,743.8952489490275,293.97397204622405,743.5,310.51093101501465,719.6047510509725,309.93981198087556
831.3793834450065,269.9117786712234,855.5,268.67687225341797,856.1206165549935,280.79896809391335,832.0,282.03387451171875
176.0,85.23397493362427,464.8185632878717,95.62640186676659,463.5,132.27092742919922,174.68143671212826,121.8785004960569
571.1792485311269,380.7567147569187,711.5,320.6443099975586,724.3207514688731,350.57186800675316,584.0,410.6842727661133
