-50.98508888950638,466.8143856727563,52.5,300.2844492594401,116.81842222283971,340.2532247500139,13.333333333333334,506.7831611633301
228.0,372.96148097515106,271.7707999772147,373.0547031891648,271.75,382.82095527648926,227.97920002278528,382.7277330624755
271.5371595902188,292.0148464285334,315.75,290.70969581604004,316.2128404097812,306.38872088561453,272.0,307.6938714981079
267.88431315793616,313.7694331702696,307.75,313.19788360595703,307.86568684206384,321.2670620384706,268.0,321.8386116027832
228.0,389.07140651345253,267.7591380579989,389.1091436156157,267.75,398.7368386089802,227.9908619420011,398.699101506817
184.0,85.96390581130981,208.59170228357578,88.27472802708203,207.75,97.2320990562439,183.15829771642422,94.92127684047168
255.81997103610954,202.9743122607256,291.75,202.19090843200684,291.93002896389044,210.44775585832346,256.0,211.23115968704224
287.78597194558046,345.42893860291827,315.75,344.7680153846741,315.96402805441954,353.82366111326826,288.0,354.48458433151245
228.0,165.42217111587524,319.86413593685825,165.9641821428796,319.75,185.30880558490753,227.88586406314175,184.76679455790318
188.0,178.4134292602539,210.30975957975264,182.29129841153713,203.75,220.03023529052734,181.44024042024736,216.15236613924412
268.0,320.67735385894775,316.1399354604001,321.9521267843785,315.75,336.67746925354004,267.6100645395999,335.4026963281093
147.98943925373212,485.2530408908554,495.75,484.9082189798355,495.7605607462679,495.5589662979416,148.0,495.9037882089615
271.97695141112877,284.36600043161263,303.75,284.2810158729553,303.77304858887123,292.8981569828237,272.0,292.983141541481
192.0,275.20837837457657,223.76975369017526,275.3045096284477,223.75,281.8327701687813,191.98024630982474,281.73663891491015
248.0,250.93610954284668,476.6348436371974,259.82853360439265,475.75,282.5789203643799,247.11515636280265,273.6864963028339
236.0,405.46330642700195,260.16058353465263,406.5654085554738,259.75,415.56633281707764,235.58941646534737,414.46423068860577
192.0,285.6984122991562,219.76063283784464,285.7410817857678,219.75,292.65877240896225,191.98936716215536,292.61610292235065
24.0,274.2469847202301,50.0302621467433,278.2370982479992,43.75,319.2075791358948,17.719737853256703,315.2174656081257
191.98180404777938,291.4179567643837,219.75,291.3431040048599,219.76819595222062,298.0932728699013,192.0,298.16812562942505
10.040569713654397,131.08776868895268,51.75,118.4705057144165,65.70943028634561,164.6167963592651,24.0,177.23405933380127
247.45086674194832,188.88898446496515,299.75,186.34792709350586,300.2991332580517,197.64999125067206,248.0,200.19104862213135
