19.63628286508985,1157.565449034861,544.7111111111111,1144.6686021592882,547.8303838015769,1271.66488179264,22.755555555555556,1284.561728668213
338.7076923076923,115.25188269981972,394.19673059704303,116.71098509831413,393.3538461538462,148.76551889272835,337.86480786449545,147.30641649423396
565.5836433667448,359.59219555383794,708.4307692307692,344.1310945951022,709.985587402486,358.49626222861394,567.1384615384616,373.95736318734976
826.7976143343632,513.7504181928596,850.2153846153847,513.5558537409855,850.4946933579446,547.173443736227,827.0769230769231,547.3680081881009
567.1384615384616,301.5806847205529,669.8312629035539,303.529213903907,669.0461538461539,344.90660212590143,566.3533524810614,342.9580729425473
328.75333630967384,839.8504075509251,369.7230769230769,837.1117243840145,371.8005098441723,868.1893930049644,330.83076923076925,870.928076171875
330.83076923076925,182.10276066706732,371.5468355793043,183.7252278190021,369.7230769230769,229.49273587740385,329.0070105745418,227.87026872546903
288.6427323995401,37.21885844456533,401.2307692307692,28.8751953125,404.034190677383,66.70410955423276,291.44615384615383,75.04777268629807
330.83076923076925,67.31079336313101,401.3966969914433,68.05163025247744,401.2307692307692,83.85652137169471,330.66484147009515,83.11568448234829
511.534384707586,739.5727868307195,558.7692307692307,737.5091566819411,559.2348460616448,748.1667188784152,512.0,750.2303490271935
551.3846153846154,116.47959923377404,713.8341814463561,135.06663807954567,708.4307692307692,182.29212552584136,545.9812031690285,163.7050866800697
