166.26461538461538,220.7288503426772,236.67321350138758,222.89500176092213,236.08846153846156,241.9017829161424,165.6798634216894,239.7356314978975
70.00615384615385,115.52721118486845,186.9550056675556,120.58367139878078,186.50076923076924,131.08952480022725,69.55191740936749,126.03306458631492
102.0923076923077,181.1847974373744,230.6184046727446,184.81292469633408,230.2546153846154,197.70012902773345,101.72851840417853,194.07200176877376
277.38124521536895,148.4971475699377,294.4269230769231,146.6349692652776,297.07029324616957,170.83138282087512,280.0246153846154,172.69356112553524
272.39654018245494,218.04164369855874,300.26076923076926,204.122006923969,310.8057675098528,225.2309088386258,282.94153846153847,239.15054561321554
259.60615384615386,147.0804667194073,272.7291468746941,147.9580975182397,271.0915384615385,172.4448450411283,257.96854543299827,171.56721424229593
250.3856776879147,220.41206609900274,282.7592307692308,197.38946307255674,297.8135530813161,218.55830753005378,265.44,241.5809105564998
99.17538461538462,224.59132018969612,157.47411757885178,225.21862428072842,157.33153846153849,238.4692662026332,99.03280549807133,237.8419621116009
271.2738461538462,65.23008926978478,296.8666071113041,85.91828992641184,276.92538461538464,110.58698630112869,251.3326236579267,89.89878564450163
189.60000000000002,297.8251925952618,213.3195750883348,298.9086987129636,212.75307692307695,311.3101937748836,189.03350183474214,310.22668765718186
163.3476923076923,54.117864147333,186.68159630702218,54.53104403802099,186.50076923076924,64.74306483782256,163.1668652314394,64.32988494713456
291.63145686123863,429.89042826297566,323.59615384615387,429.61832992260275,323.657004677223,436.76676887940533,291.69230769230774,437.03886721977824
105.00923076923078,311.26337304188655,174.87305530160745,311.5615911660878,174.83307692307693,320.927361372801,104.96925239070025,320.6291432485998
189.60000000000002,309.2750050119254,213.52764043195083,311.4322788947505,212.75307692307695,320.0234352053129,188.82543649112614,317.8661613224878
34.870062210034995,426.79720865734123,55.23923076923077,426.52210948980775,55.37224548227271,436.37091832153305,35.003076923076925,436.64601748906654
75.84,324.9243503753956,151.62079402945332,325.6719350607031,151.49769230769232,338.1504494080177,75.71689827823899,337.40286472271015
116.67692307692309,279.70631009982185,134.24940250837648,279.9625740724298,133.99615384615385,297.3282882719774,116.42367441470046,297.07202429936945
22.3898472503451,406.0582041158796,37.73769230769231,403.2853773087722,41.6001527496549,424.6644422584561,26.252307692307696,427.4372690655635
215.8523076923077,198.89389063761786,265.5114122186753,199.27181428817215,265.2576923076923,232.6105681910882,215.59858778132477,232.2326445405339
169.0953842327608,389.0486353573092,183.58384615384617,388.8920469892942,183.67000038262384,396.86353477481435,169.18153846153848,397.02012314282933
177.2963446157767,329.39819171737594,218.58692307692309,327.2585742363563,219.2228861534541,339.53146111582913,177.93230769230772,341.67107859684876
29.169230769230772,137.4537101015678,213.2386654103582,140.13904025145476,212.75307692307695,173.4243323135376,28.683642281949496,170.73900216365064
258.71351601803343,278.16365133972056,279.8423076923077,277.13231188554033,280.73494552042814,295.41955827613356,259.60615384615386,296.45089773031384
78.75692307692309,448.34652497621687,186.58725215509938,449.43070575619174,186.50076923076924,458.0321146378151,78.67044015259295,456.9479338578402
177.93230769230772,104.93475378183219,253.9210244361987,107.0830019417375,253.59,118.79213433485765,177.60128325610904,116.64388617495234
230.01005618226426,141.4960403293235,259.42384615384617,135.41383149367113,265.6845592023512,165.69087453132855,236.27076923076925,171.77308336698093
103.35806455637656,297.0015065396903,224.42076923076925,284.5352884087196,226.0719354436235,300.5701953464134,105.00923076923078,313.03641347738414
70.00615384615385,280.7962799532597,104.94301097016225,280.98208563089685,104.82692307692308,302.80997696069574,69.89006595291468,302.62417128305856
20.41846153846154,370.8200143487637,64.33707222881151,371.5293004242559,63.99,393.01982536939477,20.071389309650034,392.3105392939026
60.7507302140591,77.38905549944488,256.5069230769231,74.35566186024593,257.01157747824857,106.92289053718737,61.25538461538462,109.95628417638633
169.18153846153848,408.6573090736683,183.61024545054283,408.7057672752066,183.58384615384617,416.5663090340908,169.1551391648418,416.5178508325525
134.17846153846153,196.95255580021785,189.24090557922094,201.94765754877582,186.50076923076924,232.15296906104456,131.43832519000986,227.1578673124866
253.77230769230772,321.1121291277959,288.94871206639743,321.66694668120124,288.5930769230769,344.21483748656055,253.41667254898718,343.66001993315524
