345.59999999999997,2031.4204389095305,1724.8651703525936,2035.1825385450934,1724.3999999999999,2205.7238127708433,345.13482964740626,2201.9617131352807
172.7244504912157,1835.0100973214828,2012.3999999999999,1834.124148738384,2012.475549508784,1991.002986561892,172.79999999999998,1991.8889351449907
1152.0,1200.5884643554687,1339.4821864515068,1285.0821333928259,1263.6,1453.4563842773437,1076.1178135484931,1368.9627152399864
1728.0,690.6863410949707,1958.9177694554132,697.7874265474343,1954.8,831.691763305664,1723.8822305445867,824.5906778532004
1187.4461538461537,913.227285531851,1279.3158690988946,925.8772791937339,1274.9538461538461,957.5561730018029,1183.0841309011053,944.90617933992
992.4923076923077,1310.2450040377103,1119.1993329711772,1320.1833811492181,1115.4461538461537,1368.0336646446815,988.7391285672843,1358.0952875331736
832.9846153846154,1445.1503061147837,908.7971470233447,1462.244376038664,902.7692307692307,1488.978301532452,826.9566991305014,1471.8842316085716
1194.623101194146,1011.8009013042457,1274.9538461538461,981.6344181941106,1285.4999757289308,1009.7178524517639,1205.1692307692308,1039.884335561899
726.6461538461539,1323.1580003004808,783.474440247885,1328.3232819017917,778.7076923076922,1380.7669119027944,721.8794059059611,1375.6016303014835
1172.850919714649,986.1158668264791,1239.5076923076922,946.9676682692308,1254.102926439197,971.8186509018863,1187.4461538461537,1010.9668494591346
832.9846153846154,1482.9105229304387,903.8692679210633,1486.042713860462,902.7692307692307,1510.9376685509314,831.8845782327828,1507.805477620908
1187.4461538461537,1032.6123053917518,1276.299179962091,1036.1782679712553,1274.9538461538461,1069.6999265230618,1186.100820037909,1066.1339639435582
779.8153846153846,824.2250860360953,844.6064785181892,852.8166231771485,831.876923076923,881.6629848773663,767.0858291741185,853.0714477363131
1010.2153846153846,1118.3907221867487,1109.3835761151877,1139.1797787910848,1097.7230769230769,1194.802823110727,998.5548854232738,1174.0137665063912
832.9846153846154,1419.156795325646,924.9341724890919,1434.5876302264082,920.4923076923077,1461.055899986854,828.5427505878312,1445.6250650860916
