16.54048670601994,597.4530121322127,50.05,597.0100895226002,50.309513293980054,616.6436868731527,16.8,617.0866094827652
16.79650008147505,616.2519152626645,50.05,616.2463120271451,50.05349991852495,637.0172648065474,16.8,637.0228680420666
470.4,50.59406936168671,666.2129505008697,51.58955121560237,666.05,83.64218807220459,470.23704949913025,82.64670621828893
402.07111324027755,408.89533951343276,503.65,378.67943077087403,510.37888675972243,401.30038955150866,408.8,431.5162982940674
416.59822662822506,452.0187643494364,514.85,412.52321739196776,523.8517733717749,434.91663298943075,425.59999999999997,474.4121799468994
459.160403032452,118.59346219355301,671.65,118.34496239423751,671.689596967548,152.20391800945563,459.2,152.45241780877112
150.60375219446192,565.6969830340968,173.25,565.1574171066284,173.84624780553807,590.1826732807531,151.2,590.7222392082214
88.99028269282645,563.725949808901,106.05,563.3292364120483,106.65971730717355,589.5486809284037,89.6,589.9453943252563
21.059261771640795,564.007237577871,44.449999999999996,562.8311333894729,45.7907382283592,589.4961663361037,22.4,590.6722705245018
78.28683977641535,597.3992160112828,117.25,597.1773286640644,117.36316022358464,617.0481323747664,78.39999999999999,617.2700197219848
78.20673308668322,618.5531710158403,117.25,618.1770913004875,117.44326691331678,638.2413792003576,78.39999999999999,638.6174589157105
122.05728566527016,427.0544366863252,218.04999999999998,367.7654693603516,230.39271433472982,387.7491308185576,134.4,447.03809814453126
308.0,403.0552423477173,324.4680400497161,403.0672410799007,324.45,427.8268787384033,307.9819599502839,427.8148800062199
480.5436403549636,285.79368539429635,514.85,273.0126358032226,521.5063596450364,290.87935842894586,487.2,303.66040802001953
139.69415885156315,618.1291234537462,178.85,617.5335945129394,179.15584114843685,637.6425541356704,140.0,638.238083076477
186.56510826737164,314.46263137057804,223.65,292.2873252868652,233.08489173262834,308.06577439114074,196.0,330.2410804748535
139.85047333026608,597.4832658014849,178.85,597.1854785919189,178.99952666973388,616.7681509055539,140.0,617.0659381151199
