79.63477095132174,1015.908525923876,238.75,1014.8940154910088,239.11522904867826,1072.1763280754406,80.0,1073.190838508308
616.0993542935056,994.126589112876,698.75,991.3548994064331,702.6506457064943,1107.6705481475608,620.0,1110.442237854004
580.0,836.5493297576904,750.5399621937221,911.5480146580901,718.75,983.8354015350342,548.2100378062779,908.8367166346344
553.8268141931632,1007.3660599292315,601.875,1007.303217918827,601.8943396529908,1022.0900656717486,553.8461538461539,1022.152907682153
124.61538461538463,992.2508806620654,248.82367178234034,992.4492090157144,248.79807692307693,1008.4786549869639,124.58978975612125,1008.2803266333149
553.8342516823461,991.1287940186628,601.875,991.0908066424041,601.8869021638078,1006.1428821537681,553.8461538461539,1006.1808695300268
505.37024457413185,965.3729405929521,650.3365384615386,965.2710559906868,650.3509092720221,985.7185337217699,505.3846153846154,985.820418324035
498.4615384615385,948.8390082120897,650.4629635314668,950.1760187981099,650.3365384615386,964.5489721573317,498.33511339161026,963.2119615713115
6.893312713779073,-0.3473774146121463,331.87500000000006,-0.7343179302719924,331.90476420929787,24.263899022689422,6.923076923076923,24.65083953834927
436.1538461538462,-0.6512922134536964,749.4402519179422,-0.4336595376617893,749.423076923077,24.290074574259613,436.13667115898096,24.072441898467705
