249.6,125.31618442535401,291.0535604853552,125.55181277725578,291.0,134.97458724975587,249.54643951464476,134.73895889785408
313.5855028184937,259.6797535895882,348.6,259.6274671077728,348.6144971815063,269.33574166302105,313.6,269.3880281448364
313.48917558223303,249.77740602854738,345.4,249.40073432922364,345.51082441776697,258.7895430528735,313.6,259.1662147521973
246.4,114.67803201675414,297.45917648402553,114.9923200101452,297.4,124.60612201690674,246.34082351597445,124.29183402351569
319.81204312512335,180.3422102522205,351.8,179.70171813964845,351.98795687487666,189.0888070512463,320.0,189.72929916381835
304.0,231.0019006729126,358.2918740886276,231.33089330042213,358.2,246.49237728118896,303.9081259113724,246.16338465367943
252.60519788245597,298.6685467937315,275.0,298.22082328796387,275.19480211754404,307.96468265267964,252.8,308.41240615844725
313.5431122386744,169.80165983117791,355.0,169.54864273071288,355.0568877613256,178.86971048437383,313.6,179.12272758483886
236.73651196995607,280.72604934345566,294.2,280.4873665809631,294.26348803004396,295.77227285731954,236.8,296.010955619812
246.26279409589515,97.4201393131142,300.6,96.93912525177002,300.7372059041048,112.43843402825541,246.4,112.91944808959961
64.0,302.06104679107665,121.46764465439348,302.54655508812317,121.4,310.5533780097961,63.93235534560652,310.06786971274965
63.59326638589714,239.5742783237058,143.8,236.8696720123291,144.20673361410286,248.93160298580347,64.0,251.6362092971802
63.81374647336743,254.72599102471628,143.8,252.71222953796388,143.98625352663257,260.1101869919463,64.0,262.1239484786987
64.0,280.8389030456543,124.80515567104939,282.54420619682014,124.6,289.8593410491943,63.7948443289506,288.1540378980285
246.34854698995878,309.4483179353304,281.4,309.2643125534058,281.45145301004123,319.0656713224821,246.4,319.24967670440674
63.938402585748214,264.297246639357,134.2,263.6773630142212,134.26159741425178,270.65921016491853,64.0,271.27909379005433
63.741175163123444,293.0088893958319,140.6,290.3071361541748,140.85882483687655,297.67012271201725,64.0,300.3718759536743
16.0,229.90513916015624,31.569917650866053,235.68851484047042,28.6,243.68408279418946,13.030082349133945,237.90070711387528
307.2,151.14993019104003,364.6834602413311,151.4586832563267,364.6,166.99726085662843,307.11653975866886,166.68850779134175
188.63227490871887,46.325453280744156,383.8,44.81313934326172,383.9677250912811,66.45846290654222,188.8,67.97077684402466
