70.64615384615384,773.5218926594807,110.7842284489141,773.799066561908,110.69999999999999,785.9963468129818,70.56192539723973,785.7191729105544
70.62856734797037,416.5558266890004,110.69999999999999,416.4981036984003,110.71758649818346,428.70669112980806,70.64615384615384,428.76441412040816
70.64615384615384,60.171503973924196,110.75514675412087,60.348384870490726,110.69999999999999,72.85330096299832,70.59100709203297,72.67642006643179
50.46153846153846,400.45447646929665,130.94188995674168,400.818048193759,130.8846153846154,413.4963655279233,50.40426388941215,413.1327938034609
227.07692307692307,577.7077002011812,307.8691924992775,580.0291790433738,307.5,592.8778422869168,226.70773057764555,590.5563634447243
50.46153846153846,757.9109252929687,130.95519350614722,758.3868666279569,130.8846153846154,770.3234028155987,50.390960340006615,769.8474614806104
50.46153846153846,42.869270944595335,131.27852228773665,45.423483605377264,130.8846153846154,57.88695945739746,50.06763155841719,55.33274679661553
246.9895042026328,596.295370997876,287.3153846153846,595.3709458571213,287.5874188742903,607.2378029006741,247.26153846153844,608.1622280414288
423.87692307692305,773.4445969214806,469.082371233461,773.8389788639779,468.9769230769231,785.9258181938758,423.7714749203851,785.5314362513785
403.6923076923077,757.7213906214787,484.2387990053565,758.5610829061682,484.1153846153846,770.3994625971867,403.56889330233577,769.5597703124972
