105.60346151814963,70.49469790663443,617.3333333333334,61.20352681477865,618.3965384818504,119.76168153875945,106.66666666666667,129.05285263061523
106.66666666666667,5.398641347885132,233.6803090870993,6.109100525777001,233.33333333333334,68.1403272151947,106.31969091290073,67.42986803730282
149.33333333333334,252.73993555704752,576.3254924262462,260.90017994760325,574.6666666666666,347.6997362772624,147.67450757375374,339.5394918867066
44.78760321297115,487.24588856416256,114.8,487.2233084946871,114.81239678702885,525.6611340863773,44.8,525.6837141558528
160.0,395.8237335205078,377.9172048733675,400.8925567411755,377.2,431.72639617919924,159.28279512663255,426.65757295853155
720.6319037189212,276.1467916362374,774.0,269.73976440429686,776.5680962810787,291.1310281879813,723.2,297.5380554199219
598.6849832121073,324.1885023378279,658.8,316.2037582397461,661.7150167878926,338.1501451231096,601.6,346.13488922119143
600.0786659277545,526.1806257594818,620.4,524.2161964416504,621.9213340722455,539.9538652073151,601.6,541.9182945251465
160.0,433.38024673461916,300.82443101611887,437.2691785921558,300.4,452.63850326538085,159.57556898388117,448.7495714078442
596.8114514857,549.9567564704444,652.4,531.1747619628907,657.1885485143,545.3472962639306,601.6,564.1292907714844
720.0501648379587,394.42371961048855,761.2,385.7747802734375,764.3498351620412,400.7610338074802,723.2,409.40997314453125
598.419439840391,250.1393147358965,652.4,244.2388488769531,655.580560159609,273.33628340863476,601.6,279.23674926757815
717.9288341177961,496.78450834372825,774.0,474.1079162597656,779.2711658822038,487.14163911720925,723.2,509.8182312011719
719.0436068876886,415.7951752270078,774.0,399.70726776123047,778.1563931123114,413.9055327808047,723.2,429.99344024658205
717.872471735829,572.5012294407775,748.4,562.9958618164062,753.727528264171,580.1058018092225,723.2,589.6111694335938
598.1952773783669,445.1635988506688,639.6,436.50128173828125,643.0047226216332,452.775402614175,601.6,461.4377197265625
721.6606398278025,200.91938651632086,774.0,198.18602905273437,775.5393601721975,227.66227852274164,723.2,230.39563598632813
717.5801275754089,455.30913791420136,767.6,438.1625816345215,773.2198724245911,454.55685329673616,723.2,471.703409576416
717.4009064008004,554.6754344557356,767.6,533.008349609375,773.3990935991995,546.4439014817643,723.2,568.110986328125
596.5246692571577,630.2317296735631,626.8,620.8854614257813,631.8753307428423,637.3259607561243,601.6,646.6722290039063
722.473842288058,299.30365464320374,754.8,297.3498596191406,755.526157711942,309.36436903843685,723.2,311.3181640625
595.3666991365462,692.9685897382172,620.4,679.9103759765625,626.6333008634538,691.8599503008452,601.6,704.9181640625
595.4355588176927,612.50019208445,646.0,588.6420204162598,652.1644411823073,601.706790337425,601.6,625.5649620056153
601.6,639.3374885559082,698.5406680163615,644.9906398717743,697.2,667.9805168151855,600.2593319836385,662.3273654993194
599.7721038127324,350.3031846444104,633.2,345.0344860076904,635.0278961872675,356.6317946036365,601.6,361.90049324035647
671.1938905118516,302.8739148620008,690.8,302.3017608642578,691.6061094881484,329.924867486632,672.0,330.497021484375
721.8471652437167,470.94113592398406,742.0,469.1741172790527,743.3528347562833,484.6031878064847,723.2,486.37020645141604
600.4967966643002,424.7009433018893,620.4,423.2958808898926,621.5032033356998,438.92314422252474,601.6,440.3282066345215
603.1515358195666,587.6454358129092,652.4,569.5561660766601,657.2484641804334,582.7562243433408,608.0,600.8454940795898
595.8766793315413,572.627037821508,658.8,543.7071937561035,664.5233206684587,556.1599006550545,601.6,585.079744720459
722.3073439230091,373.803994634417,742.0,372.6130180358887,742.8926560769909,387.3729798528877,723.2,388.563956451416
724.1121188076627,532.8647569901866,767.6,514.230330657959,773.0878811923374,527.0376111738758,729.6,545.6720375061035
600.865773835932,278.53394253943367,652.4,275.8510467529297,653.134226164068,289.9543814351757,601.6,292.6372772216797
262.3555716120643,12.153234219807953,620.4,11.768953323364258,620.4444283879357,53.1640289304072,262.4,53.54830982685089
719.0990728505262,436.47581129983655,767.6,421.4139999389648,771.7009271494737,434.6195012001634,723.2,449.68131256103516
454.4,351.88320579528806,569.2693572578199,352.1849933323201,569.2,378.58443880081177,454.33064274218003,378.2826512637797
597.3576037960297,488.9864838950824,646.0,474.2963584899902,650.2423962039703,488.34391161273004,601.6,503.03403701782224
160.0,674.9641181945801,577.418104001845,702.0835861886029,575.6,730.0675247192382,158.18189599815508,702.9480567252155
