253.17178983294608,369.78458538470335,574.6666666666666,354.44278208414715,577.4948768337206,413.70928821148806,256.0,429.05109151204425
42.666666666666664,44.88182910283407,387.8779385389451,61.81384282356577,382.6666666666667,168.0616772969564,37.4553947943882,151.1296635762247
342.19508690185495,601.5741934600516,396.4,585.1723571777344,399.80491309814505,596.4249398407297,345.6,612.8267761230469
256.0,430.6792067050934,588.4380498014528,431.47130428783066,588.4,447.4405510902405,255.96195019854713,446.6484535075032
514.1561199503591,166.60222366395357,639.6,136.5818084716797,643.8438800496409,154.31536666807767,518.4,184.33578186035157
693.981254438644,123.68050777031203,793.2,102.1724235534668,796.818745561356,118.86602543281296,697.6,140.3741096496582
539.1696448324099,184.80638017249345,639.6,167.5671173095703,644.43035516759,195.70720014977218,544.0,212.94646301269532
402.29524837587167,592.9415286236235,562.8,467.54448013305665,570.1047516241283,476.8943600482515,409.6,602.2914085388184
570.1027468252072,401.49044476705524,601.2,371.3289794921875,619.8972531747928,390.60633257669474,588.8,420.7677978515625
710.1183755186435,89.64628673732975,774.0,75.07505798339844,780.6816244813565,104.36792224704524,716.8,118.93915100097657
236.8,605.4766263961792,326.1161232421917,606.409613356193,326.0,617.5262508392334,236.68387675780832,616.5932638792196
726.1594742789374,446.37667882662737,793.2,426.53197746276857,796.6405257210625,438.15496179837265,729.6,457.99966316223146
487.34935472865527,130.38094956838842,697.2,99.08870544433594,702.6506452713447,135.64157850778346,492.8,166.93382263183594
95.95998563358026,0.04351690860328806,710.0,-1.0434453010559082,710.0400143664198,21.56122477201881,96.0,22.64818698167801
