640.0,345.3505045572917,721.1605970673729,386.68033747173746,696.0,436.08893500434027,614.8394029326271,394.7591020898945
422.98900681468143,331.4870720701954,541.2307692307693,327.4167697613056,541.6263778007032,338.90914821037853,423.38461538461536,342.9794505192683
502.15384615384613,64.74522752028246,628.2938323599449,74.46177621531245,624.9230769230769,118.22083693284254,498.7830907169782,108.50428823781255
595.413776568598,134.88325489895053,615.0769230769231,134.42362623948318,615.3554542006327,146.3393285783632,595.6923076923077,146.79895723783054
457.84615384615387,31.298438439002403,516.6543183521009,54.75903341757801,501.84615384615387,91.87833815354567,443.0379893402068,68.41774317497007
369.2307692307692,494.9045856182392,445.1250764668102,515.5170338729785,437.84615384615387,542.3177701509916,361.9518466101129,521.7053218962523
226.46153846153845,73.56702012282152,277.1957474663317,102.27907895493703,265.53846153846155,122.87750361515926,214.80425253366832,94.16544478304374
225.22089182106598,137.46513869303783,418.15384615384613,128.05345858060397,419.3944927943187,153.48585946651747,226.46153846153845,162.89753957895132
388.69686976659534,1.1619084890113869,634.7692307692307,-1.8946339533879206,634.9954379257123,16.316573684027976,388.9230769230769,19.373116126427284
285.53846153846155,399.5204561673678,363.77829315316734,460.654525349173,344.3076923076923,485.5731435922476,266.06786069298647,424.4390744104424
310.0663766630006,288.55204411146127,354.15384615384613,259.8335782564603,359.1643925677687,267.5255738272407,315.0769230769231,296.2440396822416
418.46153846153845,39.44687946026142,506.87001130398613,96.50419896873498,492.0,119.5448009784405,403.5915271575523,62.48748146996692
368.8460489171818,318.6164155378732,590.4615384615385,311.21458317683295,590.8462587751259,322.73334994627646,369.2307692307692,330.1351823073167
630.1538461538462,154.0353006216196,645.650169083371,154.57592507420088,644.6153846153846,184.23672602726862,629.1190616858596,183.69610157468736
196.2558267886394,357.6170257158275,231.07692307692307,347.0354449932392,241.59032705751446,381.63219021716526,206.76923076923077,392.2137709397536
442.8438739763884,128.92827433775733,462.46153846153845,128.73125516451321,462.69458756207314,151.9365046210768,443.0769230769231,152.13352379432092
269.5441440944048,165.52387343087892,551.0769230769231,155.47421264648438,552.302009751749,189.79398357783504,270.7692307692308,199.84364436222955
196.92307692307693,95.8069575383113,232.46675207354025,96.74495109726291,231.07692307692307,149.41016387939453,195.53324792645975,148.47217032044293
38.03303382584214,140.8669150633945,122.76923076923077,81.60047912597656,133.96696617415788,97.61044324114278,49.23076923076923,156.8768791785607
235.18635350846347,294.10801168995283,398.46153846153845,283.44845111553485,399.58287726076736,300.6242810722166,236.30769230769232,311.28384164663464
538.398431946639,352.1698571556026,624.9230769230769,336.8932119516226,632.9861834379764,382.5614473065368,546.4615384615385,397.83809251051684
516.825324656638,303.477403633115,624.9230769230769,302.36553368201623,625.0208291895158,311.8691633740965,516.9230769230769,312.9810333251953
305.20241901049303,328.24100587253594,359.0769230769231,328.0701407652635,359.1052732971993,337.00908729410884,305.2307692307692,337.1799524013813
52.5980141375583,165.71811458438998,201.53846153846155,60.46427037165715,208.01737047782632,69.63231172270137,59.07692307692308,174.8861559354342
100.61099077014296,288.66935387179836,137.53846153846155,266.7771025437575,145.23516307601088,279.7597655317473,108.3076923076923,301.65201685978815
225.7852232739369,394.7974416757733,285.2307692307692,380.6491182767428,295.7532382645246,424.86028725301276,236.30769230769232,439.0086106520433
188.34822556049892,333.6407721253633,255.69230769230768,307.7782041109525,264.26715905488567,330.1064390374973,196.92307692307693,355.9690070519081
275.6923076923077,352.4933260404147,347.88309290268575,365.74540546420525,339.38461538461536,412.0409146822416,267.1938301742373,398.788835258451
329.84615384615387,466.53326416015625,377.6212682002325,480.94530089575323,368.9230769230769,509.7793297400841,321.1479625689982,495.3672930044871
196.92307692307693,-12.305095966045673,460.5256811462116,20.825533028303344,457.53846153846155,44.59323354867789,193.93585731532687,11.46260455432887
78.45800161475736,254.6191638017543,221.23076923076923,158.0052290696364,236.31122915447338,180.29061684728416,93.53846153846153,276.90455157940204
144.00780438187462,259.49972936854687,270.46153846153845,170.06890634390024,279.0691186950485,182.2398852648666,152.6153846153846,271.67070828951324
