200.59483250301147,453.33641631606366,424.3333333333333,351.8776168823242,507.4718341636552,535.2159142096524,283.73333333333335,636.6747136433919
311.4962132765569,801.0459008851954,423.51192307692304,799.9247380993917,423.7080174926738,819.516589921751,311.6923076923077,820.6377527075547
-10.811447802501018,268.2465357891604,361.17346153846154,43.281525965470536,378.2187554948087,71.46631848947737,6.233846153846153,296.4313283131673
286.72343726321935,825.3382791799788,448.4473076923077,825.0544384534542,448.48079350601137,844.1336434108913,286.75692307692304,844.4174841374158
268.0490978370159,750.8138949562348,454.68115384615385,750.7742864315612,454.68744062452254,780.3970603746895,268.0553846153846,780.436668899363
261.82153846153847,884.9047462303822,479.69065000442,885.5175865218549,479.6165384615384,911.8647706534313,261.7474269186569,911.2519303619584
530.5258669655506,489.52816194772737,759.75,351.36251947696394,777.802594572911,381.31273188866084,548.5784615384615,519.4783743594243
399.50118487479534,16.318500695550824,492.08423076923077,-8.468570783321674,497.7830458944354,12.817270213685203,405.2,37.6043416925577
277.6184127484085,901.4089057466742,747.671923076923,690.2647148036957,756.8104334054376,710.6090531438006,286.75692307692304,921.7532440867791
350.79865758488114,607.4298020051273,535.7211538461538,500.8833171059535,546.4855731843496,519.5660854460446,361.5630769230769,626.1125703452184
-16.610388844480546,827.7912182678513,342.4719230769231,610.1124570186321,359.08231192140363,637.5129107604689,0.0,855.1916720096881
-10.946701391261971,537.5971474422913,323.7703846153846,337.0066511741051,340.95093216049275,365.67512210010926,6.233846153846153,566.2656183682955
561.4962007587059,184.91493955296812,759.75,66.88865361580481,778.0014915489865,97.54646439647597,579.7476923076923,215.57275033363928
138.2242472374754,1008.1897327828655,348.70576923076925,920.8732363935617,360.0938296856015,948.3248222473703,149.6123076923077,1035.6413186366742
330.2707066241159,334.7268068995035,566.8903846153846,193.2584649320749,579.4812164528071,214.31786616333451,342.86153846153843,355.7862081307631
