215.76000000000002,269.40581609725956,233.43690797059745,269.7114904512104,232.965,297.00155799865723,215.28809202940258,296.6958836447064
52.080000000000005,256.4777687072754,87.43864494935573,276.1206940202185,74.245,299.87018142700197,38.88635505064426,280.2272561140589
233.12,260.34807868957523,306.3429653536516,270.3055733506102,302.40500000000003,299.263610534668,229.18203464634846,289.306115873633
73.36584768090844,264.95018881962693,215.60500000000002,260.25993272781375,216.63915231909155,291.62217529131976,74.4,296.31243138313295
228.15573982430087,13.237793890342498,294.96500000000003,13.221324526220561,294.96926017569916,30.50305954475663,228.16000000000003,30.519528908878566
200.88000000000002,78.27208026885987,285.7268034207085,81.8677662852397,285.045,97.95616792678834,200.19819657929156,94.36048191040851
14.88,260.0182690262795,53.33817184630919,261.76969582100605,51.925000000000004,292.8003994035721,13.46682815369082,291.04897260884553
185.63039735596087,236.80334358477782,255.28500000000003,234.72094333648684,255.65460264403916,247.0838525936585,186.0,249.16625284194947
57.040000000000006,71.6522787475586,113.29464937218944,76.59577326028236,111.44500000000001,97.6439157485962,55.19035062781057,92.70042123587244
88.97594366622522,139.9303344169325,190.805,138.2978012943268,191.1090563337748,157.26327838748037,89.28,158.89581151008608
