346.59325750872796,583.6990587566524,640.25,583.3611749410629,640.3234091579387,647.1614908919503,346.66666666666663,647.4993747075398
174.36295625834876,210.78451070307824,301.275,188.25701680183408,303.7120437416512,201.98647127629187,176.79999999999998,224.513965177536
361.71883394653827,359.098967148053,446.875,344.8056396484375,449.15616605346173,358.39627172828966,364.0,372.68959922790526
252.46298400894045,257.6334986822153,348.075,239.9688468456268,350.4120159910595,252.61822212772122,254.79999999999998,270.28287396430966
382.78954071123565,110.70083562722643,426.075,103.90975790023803,428.08545928876435,116.7241678060011,384.79999999999995,123.5152455329895
185.11187311192538,269.1601748621552,238.875,260.50608921051025,240.9631268880746,273.4784857594878,187.2,282.1325714111328
185.41150771712654,287.03846636809334,244.075,278.9774484157562,245.86349228287344,291.9930754562475,187.2,300.0540934085846
179.89468394273825,250.27117020526447,259.675,237.20802860260008,261.7803160572617,250.06579173168618,182.0,263.12893333435056
257.6721537036879,452.92040111532407,431.275,421.61272659301756,433.602846296312,434.52076747903624,260.0,465.82844200134275
257.23377708160075,390.3914668133063,316.875,379.45555424690247,319.6412229183992,394.5417134235101,260.0,405.4776259899139
169.3841301870703,192.75313799396244,296.075,170.6097662448883,298.29086981292966,183.28762204632076,171.6,205.4309937953949
304.949513015724,320.70785136770905,348.075,316.68673372268677,349.92548698427595,336.5327465479403,306.8,340.55386419296264
274.7378437867409,232.42126072613385,296.075,230.8519691467285,296.93715621325913,242.57443171771376,275.59999999999997,244.14372329711912
162.8405879467339,143.64667812028972,254.475,131.75784950256346,258.03441205326607,159.19239677747638,166.39999999999998,171.08122539520264
204.64869991168328,385.94746492093554,316.875,366.703862285614,320.2263000883167,386.2482280951167,208.0,405.4918307304382
252.7810560198614,275.6129169309805,358.47499999999997,257.499485874176,360.4939439801385,269.2802551423838,254.79999999999998,287.3936861991882
176.4373143469593,227.4422301062069,192.075,227.0846996307373,192.4376856530407,242.9478626958408,176.79999999999998,243.3053931713104
236.33916169291115,369.25349004306133,384.47499999999997,340.1462659358978,387.3358383070888,354.70597383938497,239.2,383.8131979465484
215.75383185935246,358.9074136264553,384.47499999999997,328.02610936164854,387.1211681406475,342.48354859278294,218.39999999999998,373.3648528575897
211.23822105338763,221.9391515311997,290.875,209.79662661552427,292.83677894661236,222.66295856859276,213.2,234.80548348426817
10.399999999999999,578.33090312141,301.29139680514766,578.4185310337684,301.275,632.8496982745826,10.383603194852318,632.7620703622241
387.9056408748977,325.9393895678975,446.875,317.42069573402404,448.96935912510224,331.91857742734175,390.0,340.4372712612152
184.48908449003207,314.3295962048344,420.875,271.561732673645,423.58591550996795,286.54546559326127,187.2,329.31332912445066
