166.15384615384616,278.1176046224741,215.1891619659932,283.01414306192464,213.92307692307693,295.693075473492,164.8877611109299,290.7965370340415
241.4983037269356,69.52774057508284,273.0,59.95868066641001,275.19400396537213,67.18142221037388,243.6923076923077,76.75048211904674
147.6923076923077,242.6863262469952,241.89627537421643,253.34540085306523,239.76923076923077,272.144034752479,145.56526308732202,261.484960146409
450.4615384615385,73.42198034433218,480.29850091770726,75.55395142436673,479.7692307692308,82.96109390258789,449.932268313062,80.82912282255334
265.84615384615387,78.7414389390212,296.2144665703524,83.14451794516253,295.1538461538462,90.45968363835262,264.7855334296476,86.05660463221128
391.13571716093884,337.7685587250018,465.00000000000006,336.44070669320917,465.2488982236766,350.28614153956215,391.3846153846154,351.6139935713548
402.0887759887657,227.8770069471262,450.2307692307693,226.26273536682132,450.6035317035421,237.37953173742534,402.4615384615385,238.99380331773025
225.23076923076925,77.97234579233023,256.0234812789066,84.16759125813033,254.53846153846155,91.54870077279898,223.7457494903242,85.3534553069989
376.26744817840375,290.1797363870799,476.0769230769231,288.3870303814228,476.42485951390404,307.758501756841,376.61538461538464,309.55120776249817
457.84615384615387,112.75853831951436,490.95289482776275,113.20288459929401,490.84615384615387,121.15579473055327,457.73941286454505,120.7114484507736
151.3846153846154,290.5474552741418,222.70359924239668,298.2754250988641,221.30769230769232,311.15780771695654,149.98870844991103,303.4298378922342
76.97886857025978,342.04602445485176,247.15384615384616,339.5419323260968,247.71343912204796,377.5711724351723,77.53846153846155,380.0752645639273
184.61538461538464,187.03280155475323,229.54226902995097,190.76910435240237,228.6923076923077,200.9893988095797,183.76542327774135,197.2530960119306
428.3076923076923,82.6113074376033,492.556188150211,97.25280765771141,490.84615384615387,104.75662422180177,426.59765800363516,90.11512400169364
402.3455693787239,323.52116846397246,453.92307692307696,323.0486777378963,454.0390460058916,335.70796587558027,402.4615384615385,336.18045660165643
265.84615384615387,39.192830085754395,294.2183048628516,52.71110954375433,291.4615384615385,58.497008030231186,263.0893874448408,44.97872857223125
