13.815732931188245,115.78068511295916,142.78846153846155,115.49979810531322,142.81888245342714,129.46793583701296,13.846153846153845,129.7488228446589
13.846153846153845,93.33914412328829,96.87412016800006,94.68218809758852,96.63461538461539,109.48854996607854,13.606649062769169,108.14550599177831
4.615384615384615,191.15896333725405,78.27750978853564,191.76239030544102,78.17307692307692,204.51082087480106,4.5109517499258995,203.9073939066141
13.846153846153845,157.87875999624913,96.8137926369394,158.9425681308992,96.63461538461539,172.91681129198807,13.666976593829832,171.853003157338
13.727979803610424,136.78616804614222,105.86538461538461,136.02706535504413,105.98355865792804,150.3706445884634,13.846153846153845,151.12974727956149
50.75037820199117,235.46215989302297,133.5576923076923,235.3427349604093,133.5765448749319,248.41479975410064,50.76923076923077,248.5342246867143
13.834941972956399,72.42590953529036,105.86538461538461,72.35792239411519,105.87659648858205,87.5348166623037,13.846153846153845,87.60280380347886
13.846153846153845,50.09649591950269,96.84704708005329,51.26733609337848,96.63461538461539,66.32662502618936,13.633722150715938,65.15578485231357
415.21578534713274,205.478590879346,558.1730769230769,203.86503971540012,558.3419069605595,218.82303140136173,415.38461538461536,220.43658256530762
22.393006288028023,216.597376131917,128.94230769230768,211.62129989037146,129.62622448120274,226.265540158843,23.076923076923077,231.24161640038855
424.6153846153846,223.99399081101782,535.1160068566365,224.25510902604748,535.0961538461538,232.6565528374452,424.5955316049019,232.39543462241554
