131.59921542113614,45.953232082184044,144.1730769230769,43.09512930649977,148.26616919424848,61.102170820272384,135.69230769230768,63.96027359595665
56.012185224907654,26.137338272524307,109.71153846153845,6.363861890939566,114.0070455443231,18.029284182779175,60.30769230769231,37.80276056436392
4.4622992739439225,243.274020143742,51.55769230769231,230.5067998445951,55.710777649133,245.82659396383008,8.615384615384615,258.593814262977
169.93830588576247,81.65223436817111,217.40384615384616,68.26898061312161,221.92707872962214,84.3112437202078,174.46153846153845,97.69449747525728
2.0817794294200915,90.90977576962459,73.09615384615384,70.4395099053016,77.47591287827223,85.63354059466373,6.461538461538462,106.10380645898672
204.82490997870573,121.12229417049434,230.32692307692307,114.23771117283748,234.42509002129424,129.41822495698463,208.9230769230769,136.30280795464148
55.70705488756535,227.0476745376591,191.5576923076923,181.81858370854303,196.15832972781925,195.637113212585,60.30769230769231,240.86620404170108
152.63815392119685,291.83200343263076,204.48076923076923,275.7763031446017,209.0733845403416,290.6055030230108,157.23076923076923,306.66120331103986
7.664381385599506,34.92707091745255,226.01923076923077,22.991863397451546,226.97023399901585,40.39048563800199,8.615384615384615,52.325693158003
170.06676138941478,234.7032751700823,217.40384615384616,221.50619484828067,221.79862322596983,237.26997969395015,174.46153846153845,250.46706001575177
40.216080838328956,328.07972236574807,172.1730769230769,321.8682752022376,172.88007300782488,336.88781527577714,40.92307692307692,343.0992624392876
119.74060178389666,59.01566533008043,215.25,54.619673655583306,216.12478283148795,73.62561997934434,120.61538461538461,78.02161165384146
18.77420802559474,136.27660827041248,139.8653846153846,95.79984232095572,144.78348428209756,110.51293664207248,23.69230769230769,150.98970259152927
88.3076923076923,-3.0308935458843522,135.45050990737062,5.601845472300534,133.40384615384616,16.778541051424465,86.26102855416782,8.14580203323958
169.63654643995932,132.5696510708284,206.6346153846154,126.56223583221436,209.30576125234836,143.01311113385535,172.3076923076923,149.0205263724694
12.233339466074632,291.56904393906365,146.32692307692307,246.38792023291953,151.32435284161767,261.2198502740993,17.23076923076923,306.4009739802434
193.06499070140148,263.621010122734,226.01923076923077,262.01359110612134,226.8003939139831,278.02848052714955,193.84615384615384,279.6358995437622
78.74900650002513,84.86646785423314,126.9423076923077,81.60150256523718,127.88560888459024,95.52532547016402,79.6923076923077,98.79029075915996
84.05327092652446,314.26203505566093,157.09615384615384,294.18331322303186,161.35057522732168,309.66015509702083,88.3076923076923,329.7388769296499
114.15384615384615,48.408096240117,129.4334612242254,50.76003863386555,126.9423076923077,66.9440519626324,111.66269262192844,64.59210956888386
151.90794443749297,343.30216543628404,189.40384615384616,338.9656157860389,190.4189786394301,347.74294130481417,152.9230769230769,352.0794909550593
43.05482442744805,89.98957585307419,64.48076923076923,89.9223820062784,64.50286788024425,96.96892668943988,43.07692307692307,97.03612053623566
17.23076923076923,56.6540367098955,116.59051866987605,58.920501774624526,116.17307692307692,77.22076504047101,16.813327483970095,74.95429997574198
20.274088652714703,253.66853237586207,62.32692307692307,251.13470341609073,63.59129596266991,272.118938918541,21.538461538461537,274.6527678783123
-2.443199022181247,195.64772951587926,124.78846153846153,154.39021741426907,129.38550671448894,168.56677973285423,2.1538461538461537,209.82429183446445
