383.73263401537764,383.1113525570978,452.5,361.2429841359457,468.7673659846224,412.3974136172186,400.0,434.2657820383708
261.8470236972995,59.87848043063381,351.75,47.20711326599121,353.9029763027005,62.48241663357518,264.0,75.15378379821777
231.57583420959423,478.0105749011968,447.75,423.0790014266968,452.17416579040577,440.48957768669385,236.0,495.42115116119385
260.0,221.30656337738037,315.7507612323222,221.3112290803383,315.75,230.40723922476172,259.9992387676778,230.4025735218038
279.9409365197355,106.7706172922092,307.75,106.49298810958862,307.8090634802645,112.40915317745633,280.0,112.6867823600769
255.7673686063775,0.4798339913767633,359.75,-1.1012969017028809,359.9826313936225,14.197641699464912,256.0,15.778772592544556
283.42911502500016,91.93876521372057,347.75,85.68670320510864,348.32088497499984,91.55993778920912,284.0,97.81199979782104
155.69683613926028,437.12707614759654,411.75,387.39899253845215,420.0531638607397,430.15252781053334,164.0,479.88061141967773
291.9030045021184,135.4381808364764,327.75,134.828204870224,327.8469954978816,140.52842482682317,292.0,141.13840079307556
208.0,-1.457995891571045,257.8016075798097,1.2119328341462097,255.75,39.4801287651062,205.9483924201903,36.810200039388945
256.40422298929116,36.92954857831541,371.75,16.872451782226562,375.34577701070884,37.55130164141115,260.0,57.6083984375
284.0,83.38517642021179,295.7511066181962,83.3875410399403,295.75,88.88694047927856,283.9988933818038,88.88457585955005
275.87629873809516,99.39120770841875,307.75,98.67072343826294,307.87370126190484,104.14317749589644,276.0,104.86366176605225
271.85513637992847,75.11218136833224,307.75,74.36493968963623,307.89486362007153,81.3236787886807,272.0,82.07092046737671
