181.6550661175173,134.2637429782945,351.0,104.02682304382324,361.34493388248274,161.9646734645766,192.0,192.20159339904785
168.10413910373572,12.048306623965308,303.0,-4.421649932861328,310.8958608962643,60.2487667402925,176.0,76.71872329711914
8.77467352646671,92.38781424091522,79.0,84.75187683105469,86.22532647353329,151.20094303561982,16.0,158.83688044548035
362.5735057596564,172.83164706231426,495.0,162.73897552490234,500.4264942403436,233.94030270575215,368.0,244.03297424316406
168.69524232969678,285.2710598027776,223.0,280.1919002532959,230.30475767030322,358.292044826739,176.0,363.3712043762207
457.169724574288,22.141132448555076,522.9,9.751343536376952,526.5302754257119,29.01067114031211,460.79999999999995,41.40046005249023
515.6977950411891,82.6246230958773,599.6999999999999,73.50167999267578,602.4022049588109,98.38303376447426,518.4,107.50597686767577
28.701693136300342,550.8553166219318,105.3,550.6219610452652,105.39830686369964,582.8909105173027,28.799999999999997,583.1242660939694
2.20127269684298,72.5699630609496,52.5,65.89367294311523,55.09872730315702,85.47231222477123,4.8,92.14860234260559
364.3934347052469,1.4961688391615073,522.9,-2.2365966796875,523.3065652947531,15.027618850047476,364.8,18.760384368896485
308.9885033965689,1.5431092390882526,364.5,-2.0957015991210937,367.5114966034311,43.84586857463245,312.0,47.48467941284179
249.18389701565178,79.03816941834758,330.9,65.88075942993164,336.1161029843482,98.27616316221882,254.39999999999998,111.43357315063476
462.8357146019662,73.511256433649,599.6999999999999,51.31026134490966,602.4642853980338,68.35147702582366,465.59999999999997,90.55247211456299
19.2,505.55875446796415,106.68957485259007,508.6808901644857,105.3,547.6200410842895,17.810425147409912,544.497905387768
458.43642613670494,49.67522635163758,575.6999999999999,16.400991439819336,582.8635738632951,41.64653878508116,465.59999999999997,74.92077369689942
