554.6666666666666,4.110286871592204,788.036996253717,4.248963326447218,788.0,66.50775074958801,554.6296704129497,66.369074294733
8.315495554270756,40.5957892107964,276.0,-10.27203369140625,289.0178377790626,58.232440375486966,21.333333333333332,109.10026327768962
576.0,527.1762466430664,712.9170293693049,546.9233457463714,702.6666666666666,617.994504292806,565.7496372973618,598.247405189501
425.96860034390073,225.7328394349377,510.6666666666667,225.1323143641154,511.36473298943264,323.58760053952926,426.6666666666667,324.18812561035156
570.9265503284576,617.8862942689528,660.0,613.9341659545898,665.0734496715424,728.2800646788011,576.0,732.2321929931641
611.2603264452093,232.10623162588627,745.3333333333334,221.62389628092447,752.7396735547908,316.3537700017179,618.6666666666666,326.8361053466797
340.9333710052019,2.5867345477031702,489.3333333333333,1.6737759908040364,489.7332956614648,66.68701671114692,341.3333333333333,67.59997526804607
486.4,515.135905456543,511.9912356320161,516.0403033738181,511.6,527.1108764648437,486.0087643679839,526.2064785475686
671.9235827997397,679.2906597916328,716.4,679.2260056495667,716.4764172002602,731.7943821128166,672.0,731.8590362548828
633.5776453760966,514.4325813416604,716.4,514.2707106590271,716.4223546239034,525.7086224432823,633.6,525.8704931259156
428.8,514.8184535264969,473.2065292921796,514.8433065717358,473.2,526.5096115112304,428.7934707078204,526.4847584659916
