322.08,594.9478938852251,678.8655827147866,595.1907239625131,678.8283333333333,649.9205268600086,322.0427506185468,649.6776967827205
357.7618863859772,16.317909005023193,589.3616666666667,15.864210183223088,589.4664469473561,69.35143302665436,357.8666666666667,69.80513184845448
305.976,256.0341545847654,332.5065998586931,256.0974894929956,332.4805,267.03055826509,305.9499001413069,266.96722335685985
305.722240472838,346.06307259843436,332.4805,345.42181891441345,332.734259527162,356.01070667364513,305.976,356.651960357666
139.4989519594976,177.31116274394623,171.4405,177.18091840302944,171.5095480405024,194.1144856297172,139.568,194.24472997063398
418.3027463326822,328.685439773024,445.2085,327.99713321876527,445.60975366731776,343.6820518994919,418.704,344.3703584537506
413.3158941046686,176.72361357418424,450.5765,176.66972805196048,450.5966058953314,190.5724947172629,413.336,190.62638023948668
193.248,344.92343411171436,214.44937383261612,345.0531119933237,214.3845,355.659503462553,193.18312616738388,355.5298255809437
407.8332691752873,238.63209913331067,455.9445,238.20683303785324,456.07923082471274,253.44920922583543,407.968,253.87447532129286
58.93000893663339,317.9855316704496,90.9205,317.6568870191574,91.03849106336659,329.1422163660542,59.048,329.47086101734635
531.2042369744582,327.4887336879836,557.9365,327.0912125720978,558.1642630255418,342.4076847366227,531.432,342.80520585250855
295.0463641096386,327.7780207572752,343.2165,327.1806535568237,343.4101358903614,342.7949476541704,295.24,343.3923148546219
413.336,256.06472534632684,445.2462494550989,256.18075994371736,445.2085,266.5620992691517,413.29825054490107,266.4460646717611
10.43756255175441,11.259526280861817,278.8005,8.606636811733246,279.0989374482456,38.79619095175294,10.736,41.44908042088151
300.57696256659324,238.57252600664026,337.8485,238.49544435191154,337.87953743340677,253.5030731466996,300.608,253.5801548014283
531.4102404767619,239.59972589756,557.9365,239.56327736973762,557.9582595232381,255.39927391063225,531.432,255.43572243845463
617.1975205955642,363.1568793044392,649.1925,362.8211274824142,649.3149794044357,374.49262340685686,617.3199999999999,374.82837522888184
59.048,273.98147639948127,90.9961235546223,274.19005579382883,90.9205,285.7733220808506,58.9723764453777,285.56474268650305
536.6471636845802,255.93941328174589,557.9365,255.63338056755066,558.0893363154198,266.2655240256119,536.8,266.57155673980714
193.16568338009887,256.3707767761345,214.3845,256.2037583398819,214.46681661990112,266.6616532983188,193.248,266.82867173457146
177.10158468906982,327.7481055435505,230.4885,327.60047301810977,230.53091531093017,342.93870966858003,177.144,343.08634219402074
37.25047136877966,625.0654780970939,225.1205,623.7451115541458,225.44602863122034,670.0633658254914,37.576,671.3837323684394
284.3724888037842,178.2852863456616,396.8965,177.103458155632,397.02801119621574,189.62487830811645,284.504,190.80670649814604
59.048,362.83794228115676,85.5839649747649,362.90685740415984,85.5525,375.0225358200073,59.01653502523511,374.9536206970043
187.70105725566023,238.4059670115903,219.7525,238.03501029586792,219.93144274433976,253.49604087338895,187.88,253.86699758911132
139.18900683641323,406.5789224650314,160.7045,406.1307924575806,161.08349316358678,424.3269067204545,139.568,424.7750367279053
622.6595017599715,271.891864988285,643.8245,271.84016043019295,643.8529982400285,283.5057702391568,622.688,283.55747479724886
59.00754159142455,408.4411625635788,85.5525,408.35124281311033,85.59295840857546,420.294856616719,59.048,420.3847763671875
642.6077529933763,43.99976222458517,686.7685,42.22542868423462,688.3207470066238,80.85874411925639,644.16,82.63307765960693
364.64713549371663,239.5061296033568,396.8965,233.62777937698365,402.64136450628337,265.1448245287233,370.392,271.0231747550964
531.432,344.90318982601167,558.1480372981856,345.4080084956553,557.9365,356.60299530601503,531.2204627018144,356.09817663637136
418.704,346.6142764291763,445.4185586413459,347.1833104486055,445.2085,357.0449772396088,418.4939413586541,356.4759432201796
617.0038567434217,406.80074225091823,643.8245,406.08664021015164,644.1406432565783,417.9605251994144,617.3199999999999,418.67462724018094
536.1472443677212,180.53124644703692,574.0405,179.03449458312988,574.6932556322787,195.560303994705,536.8,197.05705585861205
48.270207433825135,167.85526903537772,96.2885,167.68131359356641,96.33029256617488,179.21764524712302,48.312,179.39160068893432
251.0900259539478,328.00486247371015,284.1685,326.6151794567108,285.3744740460522,355.3208488032979,252.296,356.71053182029726
643.0666267583318,5.017364662314837,681.4005,3.9956513690948485,682.4938732416682,45.018149099205544,644.16,46.03986239242553
284.47551650454324,415.824408548282,348.5845,415.7226200842857,348.6129834954568,433.6622555639879,284.504,433.76404402798414
2.665179694706501,578.0169592948755,278.8005,561.055545249939,281.50332030529347,605.0580174938539,5.368,622.0194315387904
5.350021149493355,45.87933329536684,278.8005,45.74504172863066,278.81847885050666,82.35437915547088,5.368,82.48867072220705
440.176,413.8276624107361,483.3372934664827,414.98378700623374,482.7845,435.62107915115354,439.6232065335173,434.4649545556559
520.696,413.96319650650025,574.8796513336115,416.491428287527,574.0405,434.4756509437561,519.8568486663885,431.9474191627293
611.952,319.5700016541481,649.2317079271888,319.696223828333,649.1925,331.2762816388607,611.9127920728112,331.1500594646758
617.3199999999999,167.89386611509323,649.2791287167901,168.1340272184449,649.1925,179.66203184461594,617.2333712832099,179.42187074126423
