128.0,730.4015421072642,681.4594857697723,731.4573888183263,681.3333333333334,797.5846607685089,127.87384756356106,796.5288140574468
311.46535076334374,283.1246281112084,364.4,276.7515594482422,366.53464923665626,294.48193621984626,313.6,300.8550048828125
115.03186916862822,602.6191989198938,140.4,602.3521862983704,140.56813083137178,618.3258316739782,115.2,618.5928442955017
639.9730560449278,470.2886858961576,735.6,470.13433637619016,735.6269439550722,486.827411172629,640.0,486.9817606925964
633.6,431.65267715454104,742.651482979508,433.5919687965725,742.0,470.22657470703126,632.9485170204919,468.28728306499977
503.448031278415,162.20972236982794,537.2,156.57458724975587,539.3519687215851,169.4639287532189,505.6,175.09906387329102
140.18526749836946,53.38149644809808,191.6,51.680022430419925,192.21473250163055,70.2558612636939,140.8,71.95733528137207
304.25183507200893,148.27218888610622,530.8,121.71998291015625,533.7481649279911,146.87425276428442,307.2,173.42645874023438
140.7718911962707,69.97168284666371,191.6,69.77894887924194,191.62810880372928,77.19184736001658,140.8,77.38458132743835
115.2,419.16317381858823,140.51079424188376,419.33515404393256,140.4,435.6410418510437,115.08920575811624,435.4690616256994
343.98889189248825,181.72711721480619,492.4,162.7508773803711,494.0111081075117,175.3511786836313,345.6,194.3274185180664
108.7448411847723,508.36753821755536,153.2,508.2114491939545,153.2551588152277,523.9210348806273,108.8,524.0771239042282
184.48736513825548,159.71328072278965,262.0,152.55584297180175,263.11263486174454,164.6053029564096,185.6,171.76274070739746
24.944257824204172,338.3512188546014,95.6,337.1109680175781,96.25574217579583,374.46788705665347,25.6,375.70813789367674
227.99036530481652,138.98223064892636,255.6,133.12327270507814,258.0096346951835,144.47838641650333,230.4,150.33734436035155
44.8,54.712056565284726,108.48578636488098,54.95144202423113,108.4,77.77393145561219,44.71421363511901,77.53454599666578
183.42723599695066,144.8022353574442,217.2,138.49216117858887,219.37276400304933,150.12122350486047,185.6,156.43129768371583
479.61129562948673,365.16695272562305,524.4,344.97845458984375,531.1887043705133,360.0393705165644,486.4,380.2278686523438
130.73813416745233,647.8150125986871,332.4,570.8840515136719,342.4618658325477,597.259578465766,140.8,674.1905395507813
306.9967194689086,183.44098610846265,332.4,183.03770751953124,332.6032805310914,195.84273238213794,307.2,196.24601097106932
