244.78734811985478,142.42397252837674,345.3,142.3342452764511,345.31265188014515,156.5069073983048,244.79999999999998,156.5966346502304
95.84644020500441,567.3231842780492,158.1,566.9447140216827,158.2535597949956,592.2033538198092,96.0,592.5818240761756
500.244549819697,49.36043867958375,551.6999999999999,43.81785278320312,555.4554501803029,78.6821531783264,504.0,84.22473907470703
23.715959351725484,418.1398956753694,225.29999999999998,416.4815008163452,225.58404064827448,451.0076941869772,24.0,452.6660890460014
504.0,237.2962068557739,551.9354295854816,237.5082104791315,551.6999999999999,290.7404059410095,503.7645704145183,290.52840231765197
204.02211257689808,495.84327999755834,234.89999999999998,493.4989791870117,237.2778874231019,524.8192516644289,206.39999999999998,527.1635524749755
504.0,100.0564224243164,555.5713744545178,104.09713092288321,551.6999999999999,153.5073028564453,500.1286255454822,149.4665943578785
264.0,338.2440864086151,330.909344987928,338.3175941016804,330.9,346.8237380862236,263.99065501207195,346.75023039315823
503.94839787878647,169.5459568577196,546.9,169.50047557353972,546.9516021212135,218.23247201868037,504.0,218.27795330286025
186.49417485863654,539.8130657061387,215.7,539.151294708252,216.40582514136344,570.301353754158,187.2,570.9631247520447
263.995108644416,159.87180775214688,326.09999999999997,159.83928971886635,326.10489135558396,169.18109414170723,264.0,169.2136121749878
253.9952480662473,177.64968250549043,340.5,175.1697629928589,340.90475193375266,189.28835250580107,254.39999999999998,191.7682720184326
283.03551044613766,354.85863689973064,316.5,354.07841634750366,316.6644895538623,361.13354831145097,283.2,361.91376886367794
28.62539100976993,540.2281227753408,57.3,540.0690832972526,57.47460899023007,571.5508548750631,28.799999999999997,571.7098943531513
