63.877612793043035,722.951179416142,724.0,721.9140974680582,724.1223872069569,799.8158827313164,64.0,800.8529646794001
21.333333333333332,11.618969865143299,788.056130863064,12.153557972262314,788.0,92.65817785263062,21.27720247026934,92.1235897455116
597.3333333333334,434.00593694051105,767.676277335512,436.4772991609976,766.6666666666666,506.06647237141925,596.323722664488,503.5951101509327
597.3333333333334,508.70778783162433,768.8747433606642,514.0578618879796,766.6666666666666,584.8562444051107,595.1252566393358,579.5061703487555
146.45441069879203,589.0826401491397,204.4,587.7994232177734,205.14558930120796,621.4676287870176,147.2,622.7508457183837
95.64782930923451,591.2860670282412,127.6,590.936517047882,127.95217069076548,623.1282454297972,96.0,623.4777954101562
750.3306574815925,561.6496989330697,799.6,555.7876632690429,804.4693425184075,596.7136006274773,755.2,602.5756362915039
453.3049225705233,676.3895446014392,594.8,671.4994201660156,595.8950774294767,703.1853348541273,454.4,708.0754592895507
102.4,353.0204205989838,364.48414001763956,353.63273718679704,364.4,389.6464016914368,102.31585998236044,389.03408510362345
358.26859349307495,160.28093685689217,799.6,158.98456306457518,799.731406506925,203.7199772399401,358.4,205.0163510322571
88.3382880466825,680.6571487442394,262.0,674.7644416809082,263.2617119533175,711.9478712066273,89.6,717.8405782699585
19.2,556.2241758644581,134.14831101312507,556.5853743754561,134.0,603.7840752124787,19.05168898687492,603.4228767014806
352.0,647.4105667114258,411.0402258118056,650.1370493500848,409.2,689.985954284668,350.15977418819443,687.2594716460089
262.4,156.75081787109374,327.0161865577812,158.8846479220736,326.0,189.65659255981444,261.3838134422188,187.5227625088346
408.0917659269516,623.9046384375359,678.0,610.2339096069336,679.5082340730485,640.0117510277961,409.6,653.6824798583984
147.2,554.4707916259765,403.3728024284668,557.788371707632,402.8,602.0183223724365,146.62719757153326,598.7007422907811
402.4681697895399,589.9614470645956,639.6,583.4185119628906,640.3318302104601,609.9418129756875,403.2,616.4847480773926
478.3986520895155,559.0306046507753,575.6,554.2943618774414,577.2013479104845,587.1586348511778,480.0,591.8948776245118
261.9202913746105,191.921910006963,326.0,190.94263191223143,326.4797086253895,222.33268250707505,262.4,223.31196060180665
24.55313537899243,162.33968471081167,242.8,157.07608757019042,243.84686462100757,200.48270002811046,25.6,205.7462971687317
69.27620102287932,634.7580829813877,332.4,626.9083213806152,333.5237989771207,664.5780330464443,70.4,672.4277946472168
441.5498721605275,353.4118734109431,742.0,352.9964690208435,742.0501278394725,389.2525032293767,441.6,389.6679076194763
