170.00274676142763,35.047666745824955,247.82692307692307,11.018085699815016,252.2857147770339,25.4586949954611,174.46153846153845,49.48827604147104
-1.441131544329515,194.2501059617994,200.1730769230769,142.4638630060049,203.7680546212526,156.4598306936853,2.1538461538461537,208.2460736494798
-2.848821565991869,96.59577399527493,81.71153846153845,67.62897982964148,86.71420618137648,82.2328528391543,2.1538461538461537,111.19964700478774
178.6377685622859,81.68043232215047,226.01923076923077,68.34766938136174,230.45838528386793,84.12336664682489,183.07692307692307,97.45612958761362
27.17822554202745,136.8260347321109,146.32692307692307,95.31684112548828,151.45638984258795,110.0405500457211,32.30769230769231,151.54974365234375
213.42086454292865,120.51237350044866,247.82692307692307,111.1233480160053,251.94452007245596,126.21227108714147,217.53846153846152,135.60129657158484
61.99030304739306,227.29255162650267,200.1730769230769,180.4570181919978,204.9520046449146,194.55668654910954,66.76923076923077,241.3922199836144
12.923076923076923,26.48833662729997,34.5857777485061,27.077876851591352,34.32692307692307,36.589511642089256,12.664222251493895,35.99997141779787
44.951917320653436,332.54730783670203,86.01923076923076,320.82749909621015,90.60577498703887,336.89918193756176,49.53846153846154,348.61899067805365
89.67681589170779,318.4107652821691,210.94230769230768,275.99401584038367,216.03472256983065,290.55275036630593,94.76923076923076,332.96949980809137
230.71480949733044,69.25506361472715,247.82692307692307,62.32653588515061,251.8813443488234,72.34016648781191,234.76923076923077,79.26869421738844
178.87054195978286,233.4221629731434,228.1730769230769,220.63765951303336,232.37945804021712,236.8592713060783,183.07692307692307,249.6437747661884
40.89342785664698,43.339772829942156,236.78846153846152,43.09929364002668,236.81811060489147,67.25150767970396,40.92307692307692,67.49198686961944
166.74996581007582,136.09487990717685,208.78846153846152,126.79086795220007,212.19234188223186,142.1706858182964,170.15384615384616,151.47469777327316
87.17574624372531,16.83264932512584,159.25,-5.702966616703914,162.5357922178131,4.805777528934405,90.46153846153845,27.34139347076416
10.941632292238749,242.1619222593723,58.01923076923077,230.0790648827186,62.15452155391509,246.19111131994052,15.076923076923077,258.27396869659424
120.61538461538461,172.46362172640286,228.42131824894278,174.54924467505413,228.1730769230769,187.38084873786337,120.36714328951874,185.29522578921214
158.44599474919062,342.74077227352115,198.01923076923077,338.72627683786243,198.95785140465551,347.9788109443931,159.3846153846154,351.9933063800518
120.61538461538461,322.87792465549245,206.64560659480495,323.0125639654714,206.6346153846154,330.0355964853213,120.60439340519503,329.9009571753424
24.918080743235944,290.6631094049001,146.32692307692307,247.8705103947566,151.56268848753328,262.7251402124564,30.153846153846153,305.5177392225999
1.021708953300655,36.96910873116333,182.94230769230768,20.244353661170372,184.07444489285317,32.558978091603194,2.1538461538461537,49.28373316159615
