99.99923170678632,250.27698122334803,231.75,250.2676428705454,231.7507682932137,261.1071585021247,100.0,261.1164968549274
264.0,163.23387336730957,324.0106330872812,164.2138954210071,323.75,180.17349195480347,263.7393669127188,179.19346990110594
78.37077278234248,441.46283587511755,191.75,404.79554653167725,197.37922721765753,422.20172635022425,84.0,458.86901569366455
79.93010372597537,226.79686552749118,315.75,179.06787300109863,319.81989627402464,199.1764582945303,84.0,246.90545082092285
78.07333933457492,134.81277508067691,191.75,97.78246688842773,197.67666066542506,115.97629314136898,84.0,153.00660133361816
-3.097564049915804,261.82443073420984,67.75,241.86043739318848,74.8475640499158,267.0480396446659,4.0,287.01203298568726
-3.557159581329051,58.15609154014917,67.75,37.03253936767578,75.30715958132905,62.543380529591126,4.0,83.66693270206451
-3.5633319567841815,466.0851645810681,67.75,444.988826751709,75.31333195678418,470.5556529419345,4.0,491.65199077129364
-3.4249481887363613,368.3415881686251,191.75,299.00730419158936,199.17494818873635,319.908419699188,4.0,389.24270367622375
-3.0906612579487165,159.48056159640075,67.75,139.8794345855713,74.84066125794871,165.50587596272706,4.0,185.10700297355652
290.63087063837844,32.54401787009376,367.75,9.989006996154785,373.11912936162156,28.346904676292958,296.0,50.901915550231934
83.0391554213051,22.273948504637648,235.75,14.838268280029297,236.71084457869492,34.571686432648725,84.0,42.00736665725708
424.5285578973103,466.1405408171652,495.75,445.22649574279785,503.2214421026897,470.67001368722936,432.0,491.5840587615967
424.53412173925864,262.00850164351044,495.75,241.16214275360107,503.21587826074136,266.667271977095,432.0,287.5136308670044
208.95547751855327,58.80302915710698,287.75,36.23805618286133,294.79452248144673,60.836790941769976,216.0,83.40176391601562
424.7825599137196,159.99153609553727,495.75,139.80964374542236,502.9674400862804,165.18899063786117,432.0,185.37088298797607
209.6373763602869,363.2660435278367,283.75,344.2778367996216,290.1126236397131,369.1117106835891,216.0,388.0999174118042
424.56258694590156,57.96820550235222,495.75,37.239492416381836,503.18741305409844,62.78136725155403,432.0,83.51008033752441
424.73718898685587,364.20030847091317,495.75,343.8118476867676,503.01281101314413,369.10814794998527,432.0,389.49660873413086
290.3029112343585,134.56713232747876,407.75,97.91366863250732,413.4470887656415,116.1686007047478,296.0,152.82206439971924
290.27897494974286,236.9409450565304,407.75,199.67723751068115,413.47102505025714,217.71233710899693,296.0,254.9760446548462
214.74348312976932,257.40131165743776,399.75,243.1976318359375,401.00651687023066,259.5640814089685,216.0,273.76776123046875
289.99380719058166,339.4451164662901,407.75,300.94639682769775,413.75619280941834,319.31756358742086,296.0,357.8162832260132
204.49938029727932,471.3966983413274,407.75,400.63860988616943,415.25061970272066,422.18392910007884,212.0,492.9420175552368
103.97471919111089,42.17552852424363,243.75,41.78370660543442,243.7752808088891,50.80217135158797,104.0,51.193993270397186
172.7331900279581,161.32752109645568,283.75,146.50121212005615,287.0168099720419,170.96251415134705,176.0,185.78882312774658
146.58682275216938,3.0279554354852443,203.75,-1.5286073684692383,205.16317724783062,16.200041390686632,148.0,20.756604194641113
