40.15046419045048,17.772673267536906,361.3333333333333,4.907062530517578,363.84953580954954,67.72266819237316,42.666666666666664,80.5882789293925
377.6,11.263590240478516,403.05558692487523,11.609573162403969,402.8,30.41430244445801,377.3444130751248,30.068319522532555
185.4665013920833,254.0178850363775,358.0,253.1414098739624,358.13349860791675,279.4205138016657,185.6,280.2969889640808
377.208161347942,566.3841649695412,415.6,565.465860748291,415.99183865205794,581.8475847558007,377.6,582.7658889770507
179.2,220.32755584716796,294.4129992775503,222.19083602276532,294.0,247.72799682617188,178.7870007224497,245.8647166505745
272.7172361810302,553.0121851405414,306.8,547.7560531616211,309.2827638189698,563.855240396568,275.2,569.1113723754883
185.55725955166653,285.3380427647872,319.6,284.85073232650757,319.6427404483335,296.6071946810441,185.6,297.09450511932374
185.6,324.89624938964846,255.92702035927337,326.36723052873947,255.6,342.00194320678713,185.27297964072665,340.5309620676961
191.9967953880053,297.1655356613054,268.4,297.1476366519928,268.40320461199474,310.8267527225361,192.0,310.8446517318487
172.8,169.6836368560791,287.8854331148285,170.64010682593764,287.6,204.9843044281006,172.51456688517146,204.02783445824204
