121.92296233269796,86.18375702335796,219.98166666666665,84.50405406951904,221.12537100063534,151.27191017990944,123.06666666666666,152.95161313374837
98.45333333333333,192.06752619298794,269.4233954590862,192.61848878864697,269.2083333333333,259.35475235819814,98.23827120758045,258.8037897625391
49.22666666666667,831.259605340076,860.0098260923825,832.2044467648112,859.9283333333333,902.1346540170907,49.145173907617405,901.1898125923555
172.29333333333332,492.6036069173552,613.80176816539,492.6544455341009,613.795,551.4326401295699,172.28656516794328,551.3818015128242
265.66459959110415,323.04145020812956,538.5705,319.25388988924027,538.7299004088958,330.73920192462,265.824,334.52676224350927
265.74237599224796,337.2183748344673,545.9545,335.2492597584724,546.036124007752,346.864648244928,265.824,348.83376332092286
265.6255519354927,352.395482115473,501.6505,348.4776251349449,501.8489480645074,360.4328073561533,265.824,364.35066433668135
265.68076324413187,301.3589609876862,523.8025,298.62124419116975,523.9457367558682,312.1261181207904,265.824,314.8638349173069
346.9494651265239,383.70922121368034,509.0345,382.0540779333115,509.1330348734761,391.7034107693614,347.048,393.3585540497303
265.7248649251158,479.2007550699723,339.2025,478.4721444761753,339.3016350748842,488.4695435223568,265.824,489.1981541161537
479.96,160.07300176954269,568.2124231319277,160.89240992877512,568.1065,172.3006110224724,479.8540768680723,171.48120286323996
361.80145479024196,217.26182326727607,420.4265,217.19627506816389,420.44104520975804,230.205230175977,361.81600000000003,230.27077837508918
487.2557030876558,253.33066837740438,516.4185,253.1406580886841,516.5067969123443,266.6924764666508,487.344,266.8824867553711
376.4656998755746,619.4950199715391,420.4265,618.9258267383575,420.5448001244254,628.062562422107,376.584,628.6317556552887
502.0512018754498,553.9833962353316,523.8025,553.8269890813827,523.8632981245502,562.2820891143235,502.112,562.4384962682724
479.88044949436096,391.30306435500125,509.0345,391.0790019340515,509.11405050563906,401.42977583588623,479.96,401.65383825683597
280.5290447756946,553.1583891494541,309.6665,553.0036452807188,309.7294552243054,564.857782341692,280.592,565.0125262104273
472.46722327509997,272.29668015319317,531.1865,271.7660316801071,531.2952767249001,283.8027960063795,472.576,284.33344447946547
431.54309375662626,643.0698639413424,464.7305,635.5180548477173,468.84340624337375,653.592755710452,435.656,661.1445648040772
479.96,234.0505839395523,516.482867984132,234.21970900441667,516.4185,248.12009324812888,479.895632015868,247.95096818326454
509.496,426.98602629947663,538.64596292111,427.2383797730944,538.5705,435.9552851548195,509.42053707889,435.70293168120173
369.2,637.4050259034634,420.5928975124899,637.8386029363745,420.4265,657.5620883994103,369.0336024875101,657.1285113664992
272.9302824389236,385.55062494073115,331.81850000000003,384.60902743291854,332.0962175610764,401.9776929418067,273.208,402.91929044961927
