72.0,391.96534718200564,191.6511782295194,392.24992663216995,191.625,403.25654008984566,71.97382177048063,402.9719606396814
29.205083916020207,69.97703275529905,113.625,68.31390380859375,114.4199160839798,108.6636008277698,30.0,110.3267297744751
95.93328011517329,376.67513727994344,173.625,376.2123891413212,173.69171988482674,387.41412539927586,96.0,387.87687353789806
30.0,27.962973788380623,114.2627019645257,29.330387531685332,113.625,68.62682640552521,29.362298035474293,67.2594126622205
173.9628868042833,561.2600482389953,611.625,559.9338771700859,611.6621131957168,572.1819498702263,174.0,573.5081209391356
408.0,345.8165702819824,453.0892921919152,372.73467573014403,431.625,408.688533782959,386.53570780808485,381.7704283347974
617.5714120199492,317.5580691880836,707.625,314.78302216529846,708.0535879800509,328.6912136488305,618.0,331.4662606716156
144.0,466.6676042340696,641.6581299254185,467.13272508904066,641.625,502.58023631572723,143.9668700745815,502.1151154607562
90.0,312.9865883588791,260.1639840073363,321.15115600852977,257.625,374.06805896759033,87.46101599266375,365.9034913179397
276.0,521.5515822172165,515.7404990160715,522.871179933561,515.625,543.8546898365021,275.88450098392866,542.5350921201576
