360.16284702352425,308.63198386949847,432.15166666666664,307.5752495980263,433.05548630980906,369.14693420844725,361.06666666666666,370.20366847991943
586.0430769230769,441.78401322584887,628.5421235316696,442.1641982828134,628.3938461538461,458.7394083697979,585.8947995452534,458.35922331283336
372.38153846153847,449.64172426077033,426.9914388022109,449.8592382676389,426.94153846153847,462.38740907522345,372.33163812086593,462.16989506835495
585.8492986203032,404.81622576023017,628.3938461538461,404.5871122506949,628.5876244566198,440.57019430484263,586.0430769230769,440.799307814378
592.1476923076923,492.22296113234296,628.4570674644209,492.49458984734287,628.3938461538461,500.9455604435847,592.0844709971175,500.6739317285848
48.83692307692308,60.17783181177309,231.59508466821268,60.18569204093294,231.59384615384613,88.98238538460089,48.835684562556565,88.97452515544103
360.1723076923077,214.9402011343149,435.6818575939213,221.99517637687654,433.0461538461538,250.20516958383413,357.5366039445402,243.15019434127248
360.1723076923077,371.4862099163349,433.2101001804122,371.97405764304284,433.0461538461538,396.5191722048246,360.0083613580492,396.03132447811663
586.0430769230769,353.6969620455228,636.4994090906052,358.94304756981126,634.4984615384615,378.1879633976863,584.0421293709333,372.9418778733978
366.2769230769231,398.03230251458973,426.96280380152956,398.0991339429461,426.94153846153847,417.40899934621956,366.25565773693194,417.3421679178632
591.9214571707621,664.4274675330543,628.3938461538461,663.625675377479,628.6200812907764,673.916791171498,592.1476923076923,674.7185833270732
586.0272126431797,472.4068914274731,622.2892307692307,472.36759818150443,622.3050950491279,487.008048238688,586.0430769230769,487.04734148465667
586.0197081351814,459.68879961273234,628.3938461538461,459.60854311429534,628.4172149417416,471.9468865867493,586.0430769230769,472.02714308518625
366.2380392318029,417.6106266786742,426.94153846153847,417.51319514201236,426.9804223066587,441.7392880804482,366.2769230769231,441.83671961711
292.8931468519575,206.43201998461797,317.05846153846153,206.08062616201548,317.1868531480425,214.91010308807958,293.02153846153846,215.26149691068207
