231.42102938474227,57.22741487915114,758.4666666666667,56.7973810394605,758.5123039485911,112.73002660279676,231.46666666666667,113.16006044248739
925.7161653695008,937.6785674528832,1221.3999999999999,936.9404220581055,1221.550501297166,997.2277326309129,925.8666666666667,997.9658780256907
892.8,-3.2810547669728596,1090.0130382945918,-1.8793509661289616,1089.1333333333332,121.89094066619873,891.9202950387416,120.48923686535483
674.3696342142799,1026.1511979402474,723.5400000000001,1025.668805141449,723.7303657857202,1045.0728164373468,674.5600000000001,1045.5552092361452
472.9666834245901,555.158094519267,525.14,541.2490199661255,528.33331657541,553.2272372068073,476.16,567.1363117599487
491.993982260236,655.7525862830789,535.0600000000001,641.0418933105469,539.066017739764,652.7696366173118,496.00000000000006,667.4803295898438
453.151370417086,456.3563873885929,505.3,442.2292681312561,508.46862958291405,453.9258983780087,456.32000000000005,468.0530176353455
971.6015928448192,386.2599104309424,1001.3000000000001,384.8867146873474,1001.8584071551809,396.96350936886233,972.1600000000001,398.3367051124573
372.59008281582675,840.1600328546327,435.86,824.6225158691407,440.2299171841733,842.4171415228087,376.96000000000004,857.9546585083008
1150.7023649195207,1051.029108744706,1189.78,1050.970315823555,1189.7976350804793,1062.6917480315315,1150.72,1062.7505409526825
868.8215113484298,564.4688416754831,931.86,548.763713169098,935.9984886515703,565.3751066887748,872.96,581.08023519516
664.64,1047.8119430780412,713.6536546055313,1047.9337741397107,713.62,1061.473303294182,664.6063453944688,1061.3514722325124
907.6726436107668,772.6717565104439,961.62,756.2798936843873,966.5873563892333,772.6279895833063,912.6400000000001,789.0198524093629
372.77781504041116,861.2033716405479,445.78000000000003,844.2494340324403,449.9621849595889,862.2575597559367,376.96000000000004,879.2114973640442
453.13064460112486,475.25762916485803,505.3,461.43458551406866,508.4893553988752,473.4714870460795,456.32000000000005,487.29453069686895
1020.8445156357873,564.4475723985604,1050.9,562.3677161598206,1051.8154843642128,575.5971526380608,1021.7600000000001,577.6770088768005
306.2203652071006,562.3749564402058,336.66,560.0132894325257,337.9596347928994,576.7643421132611,307.52000000000004,579.1260091209411
541.1790927297252,920.6409601900793,604.5,898.6376080322266,608.9209072702749,911.3600267483973,545.6,933.3633789062501
888.0166711334391,671.326491574024,941.7800000000001,656.0858653640747,946.563328866561,672.9596918976557,892.8000000000001,688.200318107605
827.7740895635533,378.51346671636,862.4200000000001,363.9522483253479,867.9259104364468,377.0526136059056,833.2800000000001,391.6138319969177
849.2447970649932,454.4786238978677,902.1,440.5150784873963,905.9752029350069,455.1836051060386,853.12,469.14715051651007
861.34432730898,464.3750541609139,902.1,460.2543737792969,903.7956726910201,477.0254588395744,863.0400000000001,481.14613922119145
832.4393799648325,354.9914437007798,862.4200000000001,353.3329520225525,863.2606200351677,368.52887383462064,833.2800000000001,370.1873655128479
406.0266836316312,287.47758376810634,435.86,285.6169846725464,436.5533163683688,296.73379463460367,406.72,298.5943937301636
287.0131636753775,472.94754037171157,316.82,471.6284596061707,317.4868363246226,486.69674177855705,287.68,488.01582254409794
1058.704560694844,138.94466201098066,1179.8600000000001,121.73855115890504,1182.595439305156,140.99992600171464,1061.44,158.2060368537903
878.8918324708491,651.6455363516062,941.7800000000001,636.7588895606995,945.768167529151,653.6067768808158,882.8800000000001,668.4934236717224
342.9312451355835,764.7152001843999,406.1,749.3178669166565,410.3687548644166,766.8307650865962,347.20000000000005,782.2280983543396
423.4148546450802,365.1338541226449,465.62,352.8424200439453,468.76514535491987,363.6419179720817,426.56,375.93335205078125
198.4,1028.5238427734375,227.79062461267438,1028.908738152677,227.54000000000002,1048.0464423370363,198.14937538732565,1047.6615469577969
512.2393285268809,770.8292501360623,554.9000000000001,758.4373077392579,558.5006714731192,770.8330289166721,515.84,783.2249713134767
436.21081325034777,375.9212356407744,465.62,375.206771812439,465.8891867496523,386.28719754861777,436.48,387.00166137695317
928.9249383139394,308.9438289169158,971.5400000000001,295.03934967041016,975.0950616860608,305.9350596328889,932.48,319.8395388793945
908.0971416121913,792.328171107226,971.5400000000001,775.5333487892151,976.0828583878088,792.6941091662115,912.6400000000001,809.4889314842225
1007.8337279371659,665.5674278407735,1050.9,651.0336791992188,1054.9062720628342,662.9050282139141,1011.84,677.4387768554687
803.2122705417246,265.55697861839485,832.6600000000001,264.9619445037842,832.9677294582756,280.19121222328,803.5200000000001,280.78624633789065
313.17806447050805,645.3271284858795,376.34000000000003,630.2845489501954,380.60193552949204,648.1798904045014,317.44,663.2224699401855
1018.4524860550259,681.5782961951143,1060.8200000000002,670.2461297607422,1064.1275139449742,682.611915596878,1021.7600000000001,693.94408203125
991.5177247558286,466.16253620167464,1021.1400000000001,464.964851474762,1021.6222752441715,476.8929404828957,992.0000000000001,478.09062520980837
286.82236412568375,453.23497568869556,316.82,451.73214155197144,317.6776358743163,468.85116223549886,287.68,470.3539963722229
381.75424041460883,936.7688223291485,455.70000000000005,915.1978529930116,460.8257595853912,932.7690701269063,386.88000000000005,954.3400394630432
1040.8110919617056,743.0335362085493,1070.74,741.2589986228943,1071.5289080382945,754.5645247045367,1041.6000000000001,756.3390622901917
64.16634761078302,320.8427747151861,257.3,283.00889255523686,262.573652389217,309.9297288324823,69.44,347.76361099243167
302.3305701811799,633.5899155836323,376.34000000000003,610.0898713874817,381.5294298188202,626.4331062669537,307.52000000000004,649.9331504631043
941.8956729149968,317.3400925578903,981.46,315.5813646697998,981.9643270850033,326.9267023334672,942.4000000000001,328.6854302215576
1140.5984876393236,1028.8273514576022,1189.78,1028.3410964584352,1189.9815123606763,1048.7227535610136,1140.8000000000002,1049.2090085601808
332.6383468599003,748.9483840116277,406.1,728.9389920425416,410.74165314009974,745.9801651827083,337.28000000000003,765.9895571517944
909.3460601976907,162.26597951324,1021.1400000000001,150.14651165008547,1024.4339398023094,180.5308909091233,912.6400000000001,192.65035877227785
463.4835653972343,575.8287917390084,535.0600000000001,560.0535808944702,537.8164346027658,572.5602765593316,466.24,588.3354874038697
307.0576379403615,543.1011224730438,336.66,542.2176611709596,337.1223620596386,557.7101440445955,307.52000000000004,558.5936053466797
1027.8179315257685,730.4171013613261,1070.74,718.1940515136719,1074.6020684742316,731.7559668759787,1031.68,743.9790167236329
981.5401791013697,486.06501488864086,1031.0600000000002,483.78072177886963,1031.5998208986305,495.4831754189764,982.08,497.7674685287476
483.0730653805843,675.180546822057,554.9000000000001,658.8271310424805,557.9069346194158,672.0340903239393,486.08000000000004,688.3875061035156
859.3435727354747,546.3580060165766,921.94,532.2629111671448,925.6364272645254,548.6787737685797,863.0400000000001,562.7738686180115
959.6290487454716,407.97815419393993,1021.1400000000001,394.62251855850224,1023.7509512545286,406.64756174844297,962.24,420.00319738388066
539.9028757984489,902.5333705877658,574.74,886.2821413230896,580.4371242015511,898.4948435235624,545.6,914.7460727882386
382.14887612223845,956.6361883785306,455.70000000000005,936.9728566169739,460.4311238777616,954.6697292850438,386.88000000000005,974.3330610466004
