25.593270157864033,909.6491996208542,356.8,909.6135660707951,356.80672984213595,972.1661044092513,25.6,972.2017379593104
512.0,946.70439453125,592.2812791230348,981.9968195996717,561.6,1051.788916015625,481.3187208769652,1016.4964909472034
456.41146359504125,1072.0002323096992,689.6,1055.1680816650392,693.9885364049587,1115.9658016258477,460.8,1132.7979522705077
905.8461538461538,949.2137169471154,947.8244916182634,975.1587431583905,936.8615384615384,992.8964993990385,894.8832006894288,966.9514731877633
661.6168218395834,765.8915960964376,763.5692307692308,765.6262775127705,763.6139473911859,782.8092703680305,661.6615384615385,783.0745889516977
661.516609838886,832.1337742035805,771.4461538461538,831.1486196664664,771.5910824688063,847.3206381687152,661.6615384615385,848.3057927058293
661.4801157727195,697.5896914212856,755.6923076923077,696.4726614145133,755.8737303811266,711.7741565166651,661.6615384615385,712.8911865234375
660.5399956207187,805.0152196947784,771.4461538461538,800.9001192533053,772.5676966869736,831.1268438569044,661.6615384615385,835.2419442983773
661.5966275636665,847.9113776742078,763.5692307692308,847.4304563082181,763.6341416671027,861.1938981107983,661.6615384615385,861.6748194767879
661.6009309385965,783.2490578989012,700.5538461538462,783.0820683405949,700.614453676788,797.2197169846625,661.6615384615385,797.3867065429688
661.6615384615385,751.3056490384615,763.6153307171866,751.6257325461002,763.5692307692308,766.3096022385818,661.6154385135827,765.9895187309431
669.5384615384615,675.6545288085938,747.8830505590075,676.2117610458829,747.8153846153846,685.7253178523137,669.4707955948386,685.1680856150246
31.50769230769231,1125.9415627516232,354.00806214448494,1126.2923032673186,353.96923076923076,1161.997140092116,31.46886093243812,1161.646399576421
661.0550227122563,712.5946476212624,755.6923076923077,710.6544846754807,756.2988234415898,740.2391151491703,661.6615384615385,742.1792780949519
661.6390981125151,683.8305382654124,747.8153846153846,683.6776220468374,747.837824964408,696.3239323250323,661.6615384615385,696.4768485436073
661.3259777112795,658.2533517545958,779.3230769230769,656.1254328801082,779.6586376733359,674.7329068842264,661.6615384615385,676.860825758714
0.0,990.0588454026442,409.20482872592527,991.1523710437294,409.10769230769233,1027.5014879666842,-0.09713641823293151,1026.4079623255989
70.85166758638574,611.8093299321283,94.03076923076924,611.7437213604267,94.07140933669118,626.1016188359006,70.8923076923077,626.1672274076021
716.689826374478,872.9445145436653,763.5692307692308,872.4409982534555,763.6794043947527,882.6986086722302,716.8,883.2021249624399
740.3697993410944,1235.3894155833473,787.2,1235.1092012845552,787.2609698896747,1245.2986604946275,740.4307692307692,1245.5788747934196
669.5384615384615,875.115678523137,716.5010685304238,875.5785666433676,716.3076923076923,895.1976736215445,669.3450853157301,894.7347855013139
661.6615384615385,863.1271404559795,763.6138773863354,863.497941169585,763.5692307692308,875.7736107459435,661.6168918444339,875.402810032338
70.8923076923077,703.3440204326923,94.12547983231417,703.4665922904103,94.03076923076924,721.4187368539664,70.79759709076275,721.2961649962484
-0.039875342329061404,1061.7183766287496,401.2307692307692,1061.2801695310152,401.2706445730983,1097.7944213577944,0.0,1098.2326284555288
779.6132123027863,1251.2468839505725,826.5846153846154,1250.5112356332631,826.7867876972136,1263.4200087026727,779.8153846153846,1264.155657019982
234.35757852329726,1098.341907670759,322.46153846153845,1092.781684758113,324.4116522459335,1123.6820190494934,236.30769230769232,1129.2422419621394
67.46147707847952,1166.694109498808,109.78461538461538,1164.2374225323017,113.21544599844356,1223.3428440017929,70.8923076923077,1225.7995309682992
