735.8764085506516,796.1046310060202,1086.0,795.6850291490555,1086.1235914493484,898.8120325214685,736.0,899.2316343784332
128.0,27.558247298002243,574.0549138138631,27.790114427107316,574.0,133.43068799376488,127.94508618613686,133.1988208646598
799.6297871930152,458.4264338264345,1150.0,456.9942741394043,1150.370212806985,547.5648586502195,800.0,548.9970183372498
669.8450715287878,10.586200112750074,1182.0,2.6844100952148438,1184.154928471212,142.3562103563051,672.0,150.25800037384033
800.0,299.50284147262573,1150.604382924076,301.8694279356754,1150.0,391.40737867355347,799.3956170759242,389.0407922105038
0.0,1119.4156188964844,1182.0727920905133,1120.485734556976,1182.0,1200.8934445381165,-0.0727920905132375,1199.8233288776248
364.8,319.6417272090912,402.7206461542064,319.8840544943455,402.59999999999997,338.7633982658386,364.6793538457935,338.5210709805843
220.79999999999998,371.99870624542234,277.9145256134164,372.3795447824746,277.8,389.5550022125244,220.6854743865836,389.1741636754721
377.63313746704966,505.2662352593999,421.79999999999995,492.75274658203125,428.1668625329503,515.2248444525142,384.0,527.7383331298828
285.91643678625,502.0981741005102,345.0,496.60628585815425,347.0835632137499,519.0219530052026,288.0,524.5138412475586
374.4,842.9938968658447,426.07689477059773,850.1375956684244,421.79999999999995,881.0762798309325,370.1231052294022,873.9325810283528
259.2,637.7929046630859,305.01437491057175,648.9522945436753,297.0,681.8549514770508,251.1856250894282,670.6955615964614
326.4,399.5423332214355,354.99641695599513,400.1225106948107,354.59999999999997,419.6615398406982,326.0035830440048,419.08136236732304
192.0,399.7338000297546,306.92530535864876,401.6468229324433,306.59999999999997,421.1896196365356,191.6746946413512,419.276596733847
141.27743590844662,605.8580059356193,191.4,602.6056148529052,194.1225640915534,644.5630208664436,144.0,647.8154119491577
67.2,318.6369616627693,124.28846179961621,318.8766637082559,124.19999999999999,339.9451033115387,67.11153820038376,339.70540126605215
172.62367504867595,538.7859105235018,258.59999999999997,538.1710873603821,258.77632495132406,562.8282119149289,172.79999999999998,563.4430350780486
105.52438388553631,651.3820264735533,258.59999999999997,651.0106682538986,258.67561611446365,682.1799885949777,105.6,682.5513468146324
