597.1393999697351,61.536035991581464,788.0,61.14882278442383,788.1939333635983,156.7401855221667,597.3333333333334,157.12739872932434
597.3333333333334,629.0189743041992,704.5491538252213,632.027343626511,702.6666666666666,699.1176452636719,595.4508461747788,696.1092759413601
189.74328476687592,711.4360690039047,702.6666666666666,692.6575368245443,704.9233818997908,754.2982443251562,192.0,773.0767765045166
582.4,252.20873947143554,684.9998538866696,256.0057757169476,684.4,272.2144493103027,581.8001461133305,268.4174130647907
236.8,579.615237045288,306.8846811681614,580.14861867366,306.8,591.2754598617554,236.71531883183857,590.7420782333834
288.0,521.8595153808594,390.24087704801013,523.0809312916789,390.0,543.243989944458,287.75912295198987,542.0225740336384
211.2,605.1569625854493,249.3489370772425,605.7042507703302,249.2,616.0859680175781,211.0510629227575,615.5386798326972
236.8,465.667333984375,397.084731959721,468.3548663793016,396.4,509.1923568725586,236.11526804027898,506.504824477632
627.2,542.1574119567871,652.4927885678578,542.4368497242086,652.4,550.8354339599609,627.1072114321422,550.5559961925394
217.6,592.6483720779419,370.8844204581448,593.8703848920075,370.8,604.4597509384155,217.51557954185517,603.2377381243499
601.2101238580976,28.947294651619607,780.4,25.023126983642577,780.7898761419024,42.82610164964992,601.6,46.75026931762695
275.2,276.98645515441893,678.9387540523769,285.4162833728891,678.0,330.3770324707031,274.261245947623,321.947204252233
492.8,35.75184631347656,511.74997309595045,35.96425234993716,511.6,49.344221115112305,492.6500269040495,49.131815078651705
262.4,606.5012400627136,415.6521186375685,607.2681622387751,415.6,617.6828977584839,262.34788136243145,616.9159755824224
620.8,493.8503387451172,660.7504150277753,501.0973270427473,652.4,547.1305938720703,612.4495849722248,539.8836055744403
243.15678280417532,564.466099660373,319.6,564.215147781372,319.64321719582466,577.3796696019409,243.2,577.6306214809417
527.8864478323815,428.6628170921496,620.4,416.5196334838867,623.7135521676186,441.7641238258191,531.2,453.90730743408204
716.8,-1.9197830200195312,794.0028894239864,0.9496302549841937,793.2,22.55174102783203,715.9971105760136,19.682327752828307
147.2,339.45380210876465,301.05559953587294,344.59980945619736,300.4,364.2009590148926,146.54440046412705,359.0549516674599
