202.85455369925285,262.7608298654792,229.20100000000002,259.9572924423218,232.84244630074716,294.1780482015374,206.496,296.98158562469484
204.7816186240436,177.65504299602526,229.20100000000002,176.47107706069946,230.9153813759564,211.8303145135878,206.496,213.01428044891358
23.176829528590865,57.115211482495035,49.473,54.67921335411072,53.064170471409135,93.44526567891245,26.768,95.88126380729676
23.01968234092041,267.44456924436474,49.473,264.7233924713135,53.221317659079595,301.16183289339165,26.768,303.8830096664429
422.02533544075675,38.260926626807,458.641,23.322931480407714,472.55166455924325,57.4204273160641,435.93600000000004,72.35842246246338
212.14697408528997,360.20333412428147,233.025,351.7526918640137,246.49402591471005,385.0290587285018,225.616,393.47970098876954
432.112,89.77231999969483,454.882319575164,89.8200654584108,454.817,120.97166900348664,432.04668042483604,120.92392354477067
21.313297750815625,171.15191544467697,53.297000000000004,169.67224849891664,54.92770224918438,204.92065040748827,22.944000000000003,206.4003173532486
201.50398692450614,207.25186746603157,233.025,206.2084430961609,234.1930130754939,241.4931810111413,202.672,242.53660538101198
447.408,286.7064131526947,462.5705504403209,286.87867375623256,462.46500000000003,296.1693289756775,447.30244955967913,295.99706837213967
355.5508063975693,408.9096771668566,374.51300000000003,408.6107306880951,374.5941936024307,413.7608459025251,355.632,414.0597923812866
19.000041726813034,203.85338698359698,49.473,203.7358036669493,49.592958273186966,234.82425700852903,19.12,234.9418403251767
18.26056490023196,120.50564409167035,49.473,119.67991429662705,50.33243509976804,152.16640374511022,19.12,152.9921335401535
420.64000000000004,295.1559558105469,432.5967873471365,296.0906271603299,431.87300000000005,305.349679977417,419.9162126528635,304.41500862763394
19.12,287.36858343791965,61.705054963208745,295.6676142739033,53.297000000000004,338.8121078681946,10.711945036791251,330.5130770322109
16.708553623995332,417.4963945374414,80.065,412.6719637889862,82.47644637600467,444.3400881700591,19.12,449.16451891851426
427.5399587259885,138.82788821147247,458.641,138.07979749298096,459.3890412740115,169.1787831676169,428.288,169.9268738861084
18.981583748175062,19.52895366174985,49.473,19.409404845654965,49.61141625182494,54.71303802477312,19.12,54.832586840868
98.15826064853889,133.51281544716707,137.425,130.23344620132445,138.69073935146113,145.38924400107513,99.424,148.66861324691774
427.2625602133418,229.0238591441558,458.641,227.9654670791626,459.6664397866582,258.3669616337373,428.288,259.4253536987305
13.284728704160806,443.80428761028946,53.297000000000004,441.5994785013199,55.3082712958392,478.0994786198169,15.296000000000001,480.3042877287865
191.20000000000002,62.28124981689454,206.3867658441777,62.48624543357706,206.257,72.09973630714417,191.07023415582233,71.89474069046165
94.92786093070163,232.1569942916758,145.073,226.66108275890352,145.74513906929838,232.79373371277978,95.60000000000001,238.28964524555207
334.47194899064993,326.4285631863407,382.161,317.5949814243317,384.2010510093501,328.6084184725949,336.512,337.4420002346039
72.09832424396886,275.5861943888754,194.785,269.3135356063843,195.34267575603116,280.2210928368479,72.656,286.493751619339
18.209438462234925,350.9462369798994,53.297000000000004,349.9759429535866,54.20756153776508,382.90347123247625,19.12,383.8737652587891
145.312,313.64276317214967,236.18377534696873,319.95509388070997,233.025,365.4285547866821,142.1532246530313,359.11622407812183
19.12,74.94729160690308,60.976720005254634,97.67934747471173,41.825,132.94356583404542,-0.0317200052546322,110.21150996623678
