426.3923814825237,716.3787384818584,788.0,714.8141476313273,788.274285184143,778.2068308998555,426.6666666666667,779.7714217503866
42.666666666666664,80.50794919331868,194.6876050908045,90.81144001548141,190.66666666666666,150.13762791951498,38.64572824252881,139.83413709735225
121.6,78.94672832489013,191.85080333001446,80.44751725782811,191.6,92.18743286132812,121.34919666998553,90.68664392839015
633.6,50.754782104492186,698.9514570332863,74.61417589309647,690.8,96.94121398925782,625.4485429667137,73.08182020065354
64.0,647.8162447452545,166.24674500242494,648.3435139001731,166.0,696.1917013168335,63.75325499757505,695.6644321619149
409.6,152.19522552490236,538.8601143853674,157.3084049109991,537.2,199.27575225830077,407.93988561463254,194.16257287220404
544.0,72.08422241210937,573.1109923655997,79.92865496686689,569.2,94.44249877929687,540.0890076344003,86.59806622453937
57.11855753399616,696.9539625803409,153.2,696.0010796546936,153.68144246600383,744.5460638841214,57.6,745.4989468097687
441.6,104.47720642089844,507.7485157491036,111.19255523729571,505.2,136.29631958007812,439.05148425089635,129.58097076368085
338.71190029198203,244.5707113506444,735.6,238.59794082641602,736.0880997080179,271.0319619891994,339.2,277.0047325134277
416.0,206.71546936035156,518.8270586431564,209.2183566267907,518.0,243.19671783447265,415.1729413568436,240.69383056803355
