428.74546927508226,719.8398928878975,473.2,719.6235080718994,473.25453072491774,730.826409602337,428.8,731.042794418335
5.818673271207684,14.416276567826335,166.0,11.579171562194825,166.5813267287923,44.40054634248251,6.4,47.237651348114014
467.31090898550764,732.5902278122965,498.8,707.1806060791016,511.4890910144924,722.9056706252036,480.0,748.3152923583984
422.0674966862206,541.3275982194639,569.2,539.8141235351562,569.5325033137794,572.138446778705,422.4,573.6519214630127
561.844201164796,709.7661433845643,594.8,708.1267761230469,596.155798835204,735.3820682853576,563.2,737.021435546875
382.65831015234795,702.8645223982539,428.4,700.8100814819336,429.7416898476521,730.6825204484257,384.0,732.7369613647461
377.5707986460054,584.6024485578388,594.8,584.1587014198303,594.8292013539947,598.453749800697,377.6,598.8974969387054
435.2,680.319518661499,550.0372101863916,680.6433137076826,550.0,693.840285205841,435.16278981360836,693.5164901596575
499.2,721.7567138671875,537.3224175256332,722.2549415681565,537.2,731.6218475341797,499.07758247436675,731.1236198332107
402.77883856455526,615.1957262515391,588.4,611.7143714904785,588.8211614354448,634.1701337338125,403.2,637.6514884948731
428.8,648.3618008613587,588.4224319813618,648.6683977885249,588.4,660.3470778465271,428.77756801863814,660.0404809193608
-0.002489371939097448,64.65760358941397,166.0,64.64861291199922,166.0024893719391,110.6119947351829,0.0,110.62098541259766
