59.870202477591874,461.32466772679965,318.6666666666667,200.42363993326822,365.46313085574144,246.84261946395554,106.66666666666667,507.743647257487
288.36535214059637,647.4477117169242,425.3333333333333,586.4900309244791,456.96798119273694,657.5710464210966,320.0,718.5287272135416
41.400682325424185,703.0135058658793,297.3333333333333,477.66139221191406,341.2659843412425,527.5557537776754,85.33333333333333,752.9078674316406
-1.0959438295065904,285.474406566275,254.66666666666666,65.5840352376302,298.4292771628399,116.48594347034611,42.666666666666664,336.3763147989909
461.34280536786974,474.6932755993185,702.6666666666666,286.01763916015625,753.3238612987969,350.810264439744,512.0,539.4859008789062
444.6060705816801,715.738184314121,745.3333333333334,453.8385772705078,791.3939294183198,506.7278394488999,490.6666666666667,768.6274464925131
471.3120431064835,291.9366688699279,702.6666666666666,81.5365702311198,743.3546235601833,126.27679141653039,512.0,336.67689005533856
364.6972535396614,579.9934970544996,460.4,579.2709861755371,460.5027464603386,592.8806337667285,364.8,593.6031446456909
396.5748825727643,375.1067773315793,422.0,374.6678237915039,422.2251174272357,387.70710130001254,396.8,388.1460548400879
448.0,253.4466625213623,498.8545358722137,253.65571716133636,498.8,266.922088432312,447.9454641277863,266.71303379233797
396.8,301.3384792327881,422.2060901936942,301.726949580508,422.0,315.2053169250488,396.59390980630576,314.8168465773289
396.8,335.369832611084,415.63153019210847,335.40912722402607,415.6,350.5196403503418,396.7684698078915,350.4803457373997
473.5883601131748,298.54469566518304,492.4,298.5280471801758,492.4116398868252,311.6803165418482,473.6,311.6969650268555
396.77001752888316,416.6885972089105,422.0,416.6322555541992,422.0299824711168,430.05850695902774,396.8,430.114848613739
473.6,368.7637451171875,492.6003883398844,369.059865137339,492.4,381.9176795959473,473.3996116601156,381.62155957579574
313.5840943930271,298.72722541572114,351.6,298.68250980377195,351.6159056069729,312.20499170540313,313.6,312.2497073173523
339.2,417.030419921875,358.05940641367823,417.113873716125,358.0,430.5389038085938,339.14059358632176,430.45545001434374
331.6536390197264,504.72171094283084,415.6,502.82328567504885,416.7463609802736,553.5141578926184,332.8,555.4125831604003
390.27263971930574,454.9509032999722,428.4,454.603515625,428.5273602806942,468.5818794453891,390.4,468.9292671203613
