319.9845174029287,21.534803065224683,745.3333333333334,21.460090339183807,745.3488159304046,109.60443576418936,320.0,109.67914849023025
631.1418846778598,770.4771503554526,788.0,644.8304723103842,818.1914486554734,682.5216696315265,661.3333333333334,808.1683476765951
243.2,368.4848403930664,447.8088284636959,370.3236368955014,447.6,393.5606548309326,242.99117153630408,391.7218583284976
70.36277831434744,468.63516503377423,223.6,468.1981420516968,223.63722168565255,481.24950989679826,70.4,481.6865328788757
377.6,413.1654457092285,448.18313068747574,415.9432779032766,447.6,430.7602958679199,377.0168693125243,427.98246367387185
569.6,198.96654052734374,723.0477546102913,199.94102575235075,722.8,238.95381698608398,569.3522453897086,237.979331761077
569.3559751282608,266.8816776580084,722.8,265.9092254638672,723.0440248717393,304.4141090088617,569.6,305.38656120300294
243.2,473.26503429412844,428.4071758662493,473.4227167188536,428.4,481.8511888504028,243.19282413375066,481.6935064256776
281.6,658.9399585723877,396.62029013175015,660.328332347017,396.4,678.5783420562744,281.37970986824985,677.1899682816452
569.6,332.5764102935791,722.9185535438908,333.05849540711483,722.8,370.76233100891113,569.4814464561093,370.2802458953754
243.2,453.78056250214576,447.60291888305835,453.8506392114721,447.6,462.36456948518753,243.19708111694158,462.29449277586116
403.2,285.20451431274415,428.4534269152429,285.34552824515276,428.4,294.9134672164917,403.14657308475705,294.7724532840831
217.55092869421097,741.0266816852336,300.4,740.7530812263489,300.44907130578906,755.6123842003102,217.6,755.885984659195
70.38275933406294,453.5060720487697,223.6,453.2614154100418,223.61724066593706,464.0584543780225,70.4,464.30311101675034
403.2,298.9766212463379,428.53129635408123,299.25388499571284,428.4,311.2493473052979,403.0687036459188,310.9720835559229
198.4,206.48736228942872,320.04903762011156,209.2006067077284,319.6,229.3333282470703,197.95096237988838,226.62008382877062
19.2,40.69934349060058,256.90116811104457,48.83535733857238,255.6,86.85018692016601,17.89883188895544,78.71417307219421
281.1572219719681,629.2883783306361,409.2,627.3752655029297,409.6427780280319,657.0099676166295,281.6,658.9230804443359
121.6,626.318242263794,251.0781873305225,631.2795243826293,249.2,680.2959449768066,119.7218126694775,675.3346628579712
243.19470943913285,464.92514032785687,447.6,464.80006937980653,447.60529056086716,473.4465108447811,243.2,473.5715817928314
