67.9683811524032,205.84259930431023,278.75,177.23524570465088,290.7816188475968,265.88532265842775,80.0,294.49267625808716
257.7640609165848,466.5126836298254,455.625,462.73531222343445,455.8609390834152,475.09394037739963,258.0,478.8713117837906
173.88304697599574,496.85485327933964,221.625,496.59533071517944,221.74195302400426,518.1100910833009,174.0,518.3696136474609
252.0,524.052329801023,425.63132705283,524.1175220932435,425.625,540.9688175730407,251.99367294716998,540.9036252808204
299.5936233956257,368.5723727383602,443.625,364.4628345966339,444.0313766043743,378.70554989194994,300.0,382.81508803367615
257.8548884295314,452.7875351168038,413.625,450.95707082748413,413.77011157046866,463.3058752559303,258.0,465.13633954524994
257.90854305349893,439.7498364676183,365.625,438.94979506731033,365.7164569465011,451.2634306322391,258.0,452.063472032547
257.68426158210156,426.3038943686794,497.625,420.43514013290405,497.94073841789844,433.34392896506085,258.0,439.2126832008362
252.0,499.93226033449173,491.6922481460514,500.79099715310633,491.625,519.561427116394,251.93275185394867,518.7026902977796
257.9740767028554,484.2226575711393,281.625,484.1511662900448,281.65092329714463,492.7271758815623,258.0,492.7986671626568
570.0,19.370806217193604,678.6235892438871,21.915824088682896,677.625,64.53648662567139,569.001410756113,61.9914687541821
305.55282507095706,489.93713088048054,443.625,483.43653559684753,444.07217492904306,492.9344988344853,306.0,499.4350941181183
318.0,541.9757355451584,413.79785360675754,543.1539640099437,413.625,557.2081182003021,317.82714639324246,556.0298897355169
96.0,22.5102348793298,311.6450211287539,22.6229264905298,311.625,60.935066029429436,95.9799788712461,60.82237441822944
251.76752158324857,412.8416361414581,461.625,408.88055419921875,461.8574784167515,421.19722298749394,252.0,425.1583049297333
293.18853607455975,336.51244861406104,449.625,332.1476926803589,450.43646392544025,361.2312311478256,294.0,365.5959870815277
412.7927994730616,23.131874415801185,521.625,19.924890518188477,522.8322005269384,60.892445709778656,414.0,64.09942960739136
245.76757828221292,392.85445891793853,461.625,389.8815908432007,461.8574217177871,406.75753403726935,246.0,409.73040211200714
167.66034731175887,520.5144893874259,221.625,519.6957750320435,221.96465268824116,542.0836069236665,168.0,542.9023212790489
