26.37790513896277,5.963622382883895,118.45166666666667,5.797365039587021,118.58042819437057,77.10584357446838,26.506666666666668,77.27210091776526
357.84000000000003,294.9762783327103,402.12514247591287,298.6311752997373,401.32750000000004,308.2959376745224,357.0423575240872,304.6410407074954
123.25600000000001,161.87944693756106,151.14914703419748,163.06624932827103,150.83950000000002,170.34381324386598,122.94635296580256,169.157010853156
464.45799889640665,362.4526562287674,492.7755,353.52948944664,501.4615011035934,381.094349752678,473.144,390.01751653480534
440.6796966940738,387.7121493662758,476.8715,377.09503213119507,485.4798033059262,406.439157579525,449.288,417.05627481460573
115.304,361.29318666720394,150.92143138438217,361.60236735584175,150.83950000000002,371.0408140916825,115.22206861561786,370.7316334030446
418.0170021411777,409.46797732443,449.03950000000003,401.36803159523015,456.4544978588223,429.7672039957605,425.432,437.86714972496037
374.51453596682614,453.0306203928526,401.32750000000004,450.120596906662,404.5329640331739,479.6557509145205,377.72,482.5657744007111
398.0708045840213,432.0905062132914,429.15950000000004,428.1760251140595,432.66469541597877,456.01418549813445,401.576,459.9286665973664
337.96000000000004,271.3950437202454,422.82340528885425,278.2215225020173,421.20750000000004,298.30965722274783,336.3440947111458,291.4831784409759
333.2939863773099,480.1144733533725,377.47150000000005,478.40107028198247,378.1615136226901,496.19203069592874,333.98400000000004,497.90543376731875
107.352,146.68772879409792,167.25845988737842,148.88297445009363,166.7435,162.93580892562866,106.83704011262157,160.74056326963296
