404.79991653285225,401.08107097245926,638.6666666666666,398.92451095581055,639.2000834671477,456.77054938378257,405.3333333333333,458.92710940043133
479.9774225430698,343.4400350331516,550.0,343.26678438186644,550.0225774569302,352.39189713008693,480.0,352.56514778137205
511.95993549269343,652.2126240301121,646.0,651.5290180206299,646.0400645073066,659.3847844553004,512.0,660.0683904647827
454.4,367.9191070556641,569.5417198748777,370.12725498424237,569.2,387.94590454101564,454.0582801251223,385.7377566124373
70.4,33.28216781616211,98.38181809904972,35.849859913748844,95.6,66.16514892578125,67.61818190095028,63.59745682819452
492.8,670.6057312011719,620.6984563398548,673.1130630292157,620.4,688.3372566223145,492.5015436601451,685.8299247942707
573.2384745003305,483.8877550705614,633.2,474.2208480834961,635.9615254996695,491.34993413842295,576.0,501.01684112548827
38.39890661374099,73.18974115995694,230.0,73.18034400269389,230.00109338625902,95.47368196176362,38.4,95.48307911902666
447.99063255786893,331.29472691166467,575.6,331.1723966598511,575.6093674421311,340.9440872038596,448.0,341.0664174556732
480.0,304.96667251586916,544.3173472059486,307.5269524970861,543.6,325.54758682250974,479.2826527940514,322.9873068412928
120.01481150535103,36.37893592853501,153.2,34.5668586730957,154.78518849464896,63.59695594768569,121.6,65.409033203125
631.1633410734566,699.1218943848272,754.8,692.0396835327149,757.2366589265433,734.5772999511103,633.6,741.6595108032227
505.5140120047739,694.8348653619258,594.8,694.3104461669922,594.8859879952261,708.9504959280522,505.6,709.4749151229859
170.21839989644747,38.74221393084301,210.8,34.882765197753905,213.38160010355256,62.027953610660894,172.8,65.88740234375
646.4,744.0555049896241,748.4886756766158,744.6642471764337,748.4,759.535538482666,646.3113243233842,758.9267962958563
