13.969344691733443,6.246265649587674,185.5,-2.752488454182943,190.19732197493326,86.78598623495226,18.666666666666668,95.78474033872287
471.91980661910287,23.239450583222965,698.8333333333334,-8.322829564412435,712.2468600475639,88.11223907335257,485.33333333333337,119.67451922098796
5.6,640.0111384324729,55.73134957441463,640.306132583431,55.65,654.1306912720203,5.518650425585363,653.8356971210623
571.1999999999999,678.5314794301986,677.2896351478929,678.8770433418032,677.25,691.0452074289321,571.160364852107,690.6996435173276
5.6,513.5210916846991,179.25843131080865,515.4187109492495,178.85,552.7958297729492,5.191568689191357,550.8982105083987
61.52704113394081,484.27428550374856,122.85,483.97802563905714,122.92295886605918,499.0798132096494,61.6,499.3760730743408
615.9953210678772,570.0528533054649,677.25,570.0390244022011,677.2546789321227,590.7642026366533,616.0,590.7780315399169
632.1397499933126,618.8608294976284,677.25,617.4545433044433,677.9102500066874,638.6337620245883,632.8,640.0400482177735
0.0,621.83845205307,117.26592941295415,621.9698636823601,117.25,636.1845677018165,-0.015929412954162378,636.0531560725265
648.5503659301284,305.2924007555916,688.4499999999999,303.47278556823727,689.4996340698716,326.4886493542717,649.6,328.308264541626
632.8,660.8661214232444,677.2696063727554,660.9351479284167,677.25,673.5663491845131,632.7803936272445,673.4973226793409
5.6,660.1205659199505,279.68924828440356,660.9934854816003,279.65,673.3171098351478,5.560751715596404,672.4441902734982
0.0,568.0439971923828,44.49840226568939,568.2010867814279,44.449999999999996,581.9118839278817,-0.0484022656893908,581.7547943388366
0.0,584.6914916992188,22.319256125756088,585.096797876101,22.05,599.924098265171,-0.26925612575608937,599.5187920882888
0.0,604.0762517929077,72.4731521473938,604.193271649301,72.45,618.5319416180253,-0.023152147393804095,618.4149217616321
5.578803948314795,686.8646658891485,178.85,686.5897713422775,178.8711960516852,699.9500408306114,5.6,700.2249353774823
621.6,546.0153937101364,677.315390737475,546.1922814274628,677.25,566.7887962341308,621.534609262525,566.6119085168044
168.0,112.02911273241043,274.14112887069547,112.57415063917378,274.05,130.32066164016723,167.9088711293045,129.77562373340388
587.4099399825068,594.5689468824522,677.25,592.1040124893188,677.8400600174932,613.6100726640565,588.0,616.07500705719
655.1306887307528,148.19726077302306,699.65,148.050684261322,699.7193112692472,169.10241986529022,655.1999999999999,169.24899637699127
554.4,302.3670112609863,622.1636739969108,305.03232222487884,621.25,328.2618469238281,553.4863260030892,325.5965359599356
