21.333333333333332,694.560883824403,788.0112609277206,694.6783717047198,788.0,768.1625873049101,21.322072405612747,768.0450994245933
96.19085843024887,408.60945861810825,146.8,388.231095123291,153.00914156975114,403.6513385010324,102.4,424.0297019958496
96.0,51.15534273386002,268.419200568061,51.37710475442625,268.4,66.30547971725464,95.98079943193902,66.08371769668841
12.717362451813528,51.40523194176315,76.4,51.05041799545288,76.48263754818647,65.8823519815767,12.8,66.23716592788696
102.77449000555555,427.85452953455587,146.8,410.27939224243164,152.82550999444445,425.373223150991,108.8,442.94836044311523
307.2,452.1826717376709,582.0550980823584,453.03812925064386,582.0,470.7409240722656,307.14490191764156,469.8854665592927
96.0,10.415180170536042,268.44008490478325,10.636486833801717,268.4,41.87027022838593,95.95991509521679,41.64896356512025
64.0,401.1708679199219,91.31928723193278,423.1462348327003,76.4,441.6935607910156,49.08071276806722,419.7181938782372
486.4,545.0660278320313,520.5778809923611,584.3317231083327,498.8,603.2877563476562,464.62211900763884,564.0220610713548
614.4,598.4882778167724,662.1446211994191,614.6248332067076,658.8,624.5208530426025,611.0553788005808,608.3842976526673
723.2,331.1631713867188,750.6760875381179,338.88866485457663,748.4,346.9836791992187,720.9239124618821,339.25818573136087
627.2,464.2005859375,646.5864234775196,465.0117061336572,646.0,479.02769775390624,626.6135765224805,478.216577557749
556.8,163.52720336914064,740.5116656583208,185.11863853295188,735.6,226.90975952148438,551.8883343416792,205.31832435767313
588.8,536.4035621643067,614.1361356865984,536.8729129905153,614.0,544.2216850280762,588.6638643134015,543.7523342018676
693.8105230675062,620.6082256065305,716.4,610.0887859344482,720.1894769324938,618.226320291907,697.6,628.7457599639893
367.4910797010733,561.055614143619,402.8,557.0963470458985,406.5089202989267,590.1726634442716,371.2,594.1319305419922
390.4,209.11665878295898,435.1665428208833,211.12158192147132,434.8,219.30586318969728,390.0334571791167,217.30094005118494
198.4,420.43396072387696,460.74667603268625,424.0635815828605,460.4,449.12110366821287,198.05332396731376,445.49148280922935
