20.5392336739777,250.44585239834552,276.0,247.55434131622314,276.79409965935565,317.71188239309225,21.333333333333332,320.60339347521466
20.898804961311946,364.8548484098166,340.0,362.592804590861,340.43452837202136,423.89069883512957,21.333333333333332,426.15274265408516
21.201298084741243,477.15727470475304,254.66666666666666,476.6380961338679,254.79870191525876,536.0119988852952,21.333333333333332,536.5311774561802
661.3333333333334,669.0107345581055,725.2266829578087,670.2776627782746,724.0,732.1413752237955,660.1066503755245,730.8744470036264
618.6666666666666,657.2330729166666,710.0661993712988,726.7820089345341,660.0,792.5777994791666,568.6004672953678,723.0288634612992
625.9109204641052,764.2025794801219,788.0,665.381955464681,823.4224128692281,723.4830487750864,661.3333333333334,822.3036727905273
20.32630270037458,16.176061241923957,788.0,8.178560892740885,789.0070306329588,104.8426303574451,21.333333333333332,112.84013070662816
460.8,418.70403175354005,607.6661978331409,419.55417156418616,607.6,430.9902011871338,460.7338021668591,430.14006137648767
492.8,664.1337313652039,569.2255281288042,664.2960111988193,569.2,676.318458366394,492.7744718711958,676.1561785327787
499.2,436.63256912231446,576.0369411737134,437.95260770100197,575.6,463.386124420166,498.76305882628657,462.0660858414785
473.6,647.1919658660888,588.6175683416997,649.2707202931215,588.4,661.3087856292725,473.38243165830033,659.2300312022398
678.4,113.93030548095703,796.7836785018146,125.15037004053333,793.2,162.9620101928711,674.8163214981853,151.7419456332948
416.0,386.074116897583,646.2599512702718,389.0810787213834,646.0,408.9870071411133,415.7400487297282,405.9800453173129
608.0,496.1496826171875,627.005396398086,496.4928243299566,626.8,507.8689987182617,607.7946036019141,507.52585700549264
256.0,168.701340341568,326.01987813919163,168.79008709756482,326.0,184.47364497184753,255.98012186080837,184.38489821585068
608.0,484.2663330078125,633.5598509605986,485.1861570728582,633.2,495.1856094360352,607.6401490394014,494.2657853709895
467.2,311.30257720947264,614.7670845262201,314.5807245767199,614.0,349.1113342285156,466.43291547377993,345.8331868612684
460.8,167.7502685546875,524.7312113468138,168.91438747991955,524.4,187.10388870239257,460.4687886531862,185.9397697771605
