86.15384615384615,331.63496579115207,124.8187645864329,331.8249648332411,124.78846153846153,337.9916531764544,86.12354310587477,337.8016541343654
2.1377605754713382,-0.06762069781584477,92.48076923076923,-0.26888135304817784,92.49685480914404,6.951703041173531,2.1538461538461537,7.152963696405864
-2.5839318045751174,96.08149482886033,90.32692307692308,66.24272749974178,95.06470103534434,80.99504603557061,2.1538461538461537,110.83381336468916
176.56829435255455,9.959478325886174,219.5576923076923,9.698154981319721,219.60478257052236,17.444810956399074,176.6153846153846,17.70613430096553
12.940329408373202,242.74153541793663,58.01923076923077,230.62256402235764,62.30967059162679,246.58170009384312,17.23076923076923,258.7006714894221
111.99382007190684,271.22237572668337,159.25,271.179846316576,159.25617992809316,278.04661905515,112.0,278.08914846525744
180.3536740301274,234.59705265266604,226.01923076923077,220.79391963665302,230.8963259698726,236.92904398476634,185.23076923076923,250.73217700077936
91.88278830291745,318.0732833357642,213.09615384615384,275.98175459641675,218.13644246631333,290.4965599564721,96.92307692307692,332.5880886958195
64.24092090187196,226.9275993708187,200.1730769230769,181.4019530369685,204.85523294428188,195.38210739046806,68.92307692307692,240.90775372431827
165.1667719121523,137.69855581981838,249.71153846153845,109.61091584425706,254.6986127032323,124.62218157876936,170.15384615384616,152.7098215543307
-2.6571357350781883,199.67378709849498,148.48076923076923,148.89221184070294,153.29175111969357,163.21082483822093,2.1538461538461537,213.992400096013
0.1999266619150489,298.52294982399025,23.557692307692307,295.5675289447491,25.511611799623413,311.0100650328618,2.1538461538461537,313.9654859121029
27.313274908235336,289.86656638046696,101.09615384615384,265.02037297762354,106.09057124561082,279.85171910678133,32.30769230769231,304.69791250962476
133.429853327411,20.32444854969108,198.01923076923077,19.483952412238487,198.12783898028133,27.830137985542635,133.53846153846155,28.670634122995228
178.75969711798447,81.8146519849239,226.01923076923077,68.80790328979492,230.33645672816934,84.4943819224529,183.07692307692307,97.50113061758188
167.6192437784251,36.6248345479262,249.71153846153845,10.316941481370192,254.39998699080564,24.94698035591995,172.3076923076923,51.25487342247596
26.99548150636701,137.09300306240152,161.40384615384616,90.10121748997615,166.71605695517144,105.29548086539859,32.30769230769231,152.28726643782394
25.846153846153847,326.26747263394867,86.24968991159055,327.3499674797056,86.01923076923076,340.20965653199414,25.61569470379406,339.1271616862373
43.07692307692307,251.155482172966,122.72523230518966,252.11926381560986,122.63461538461539,259.6079772252303,42.986306156348796,258.6441955825864
0.4456903916161736,46.02904574284538,174.32692307692307,-9.807528055631197,178.1889249929992,2.2191707211239233,4.3076923076923075,58.0557445196005
73.07962247819935,260.49413822645346,101.09615384615384,260.0487718215355,101.24730059872371,269.5569154259431,73.23076923076923,270.002281830861
70.74205643803592,235.23352231875063,176.48076923076923,232.88110395578238,176.81563586965638,247.93300454904252,71.07692307692308,250.28542291201077
157.8828789726661,344.7172315277645,198.01923076923077,337.7135644325843,199.52096718118005,346.31965894230007,159.3846153846154,353.3233260374803
114.74962031840802,52.51023300552776,161.40384615384616,41.851740470299355,165.11576429697658,58.09950409727422,118.46153846153845,68.75799663250262
