74.66666666666667,568.5255189018014,297.5064248830799,568.5472520628458,297.5,634.4244334430745,74.66024178358678,634.40270028203
319.1390802955642,266.9268955041579,363.65,266.8195583939552,363.7109197044358,292.0819496343919,319.2,292.18928674459454
387.5599090222339,467.3567192253565,425.25,452.8638656616211,435.2900909777661,478.97410963206534,397.59999999999997,493.46696319580076
414.4,474.31424713134766,464.5624098650582,480.5288657385525,458.84999999999997,526.6376075744629,408.6875901349418,520.422988967258
257.59999999999997,83.56332645416259,426.39444341223515,92.4410270510829,425.25,114.20068054199218,256.4555565877649,105.32297994507188
16.8,517.0175890386105,285.5950853681026,520.1985709609709,285.25,549.3585137844085,16.454914631897413,546.1775318620481
375.1691384664576,522.5503837317608,414.05,488.42077026367184,436.4808615335424,513.9742744713642,397.59999999999997,548.1038879394531
357.21444117716646,476.1569495604737,397.25,474.99724407196044,398.43555882283357,515.9253162934081,358.4,517.0850217819213
263.1876998826847,303.1153658983687,458.84999999999997,302.9405304789543,458.86230011731527,316.70587192797865,263.2,316.880707347393
654.2017864811389,261.50334287259847,699.65,235.4806432723999,711.848213518861,256.78462099458903,666.4,282.8073205947876
