119.35353111621424,641.6983309973986,598.75,638.40247631073,599.3964688837857,732.4342008839337,120.0,735.7300555706024
320.0,493.5203015804291,420.1813876032763,495.84994034717215,418.75,557.4038594961166,318.56861239672367,555.0742207293735
323.23185102750676,585.9427065951761,413.625,578.8314192295074,414.3931489724933,588.5955309765403,324.0,595.7068183422089
345.9101776661871,340.28997883259717,431.625,328.384236574173,433.7148223338129,343.42981257975634,348.0,355.33555483818054
420.0,597.9531326293945,443.7740408639058,598.2605563410075,443.625,609.78635430336,419.8509591360943,609.4789305917471
402.0,459.80471670627594,437.76967995558147,460.41856441757875,437.625,468.8492478132248,401.85532004441853,468.235400101922
330.0,431.61428117752075,407.9958451812538,433.89450993933167,407.625,446.57937026023865,329.6291548187462,444.29914149842773
335.0956482211114,574.9005073337636,401.625,568.6505606174469,402.52935177888867,578.277192708961,336.0,584.5271394252777
262.7162656470278,35.056515197702396,365.625,32.08983850479126,366.90873435297226,76.62029840474511,264.0,79.58697509765625
420.0,32.99478721618652,623.9150631695812,34.36006966805776,623.625,77.68315601348877,419.7099368304188,76.31787356161753
323.9997993434795,311.68256169939843,413.625,311.6816862090491,413.6252006565205,332.22318153027015,324.0,332.2240570206195
101.37150930948305,37.77118368134261,149.625,36.92847043275833,150.25349069051697,72.9156460644269,102.0,73.75835931301117
402.0,468.13229888677597,437.7063616097596,468.33377129462343,437.625,482.7532498240471,401.91863839024046,482.5517774161997
300.0,402.1150596141815,432.43205767675585,406.46559725544324,431.625,431.0327467918396,299.19294232324415,426.68220915057793
