162.37497324187822,218.96123262472526,234.33550000000002,216.5131109790802,234.9765267581218,235.35556648473369,163.01600000000002,237.80368813037873
91.42433560359746,265.640184080393,210.4795,265.41302930927276,210.50316439640258,277.81588833862463,91.44800000000001,278.0430431097448
392.58531598581914,450.7747980976578,468.9195,446.57766131782535,469.958184014181,465.4684196681504,393.624,469.6655564479828
170.96800000000002,275.53953465270996,210.64515797186078,276.12239413830747,210.4795,287.39927592754367,170.80234202813924,286.81641644194616
421.3525642822828,236.77316921179383,468.9195,236.2053671360016,469.0229357177173,244.87056993348514,421.456,245.43837200927737
126.883092587289,22.864122473373577,150.83950000000002,21.75143386411667,151.18840741271103,29.263479964599448,127.23200000000001,30.376168573856354
218.68,249.52572606658939,245.89861068099054,261.234985337542,242.28750000000002,269.62914704132083,215.0688893190095,257.9198877703682
20.721244319514252,63.2943882399178,119.03150000000001,22.119912154197696,122.16625568048576,29.604612914028127,23.856,70.77908899974824
260.19625615722447,60.34095097364144,401.32750000000004,17.911289880752566,403.5472438427756,25.294691055167156,262.416,67.72435214805604
263.83799234145147,294.38018121866975,405.30350000000004,246.8322846336365,407.85750765854857,254.43102224202366,266.392,301.97891882705693
67.592,279.28066912427545,166.76243623610503,279.5189454997764,166.7435,287.400191767931,67.57306376389496,287.16191539243005
