42.65328920131735,335.6829933211207,681.3333333333334,335.57830701271695,681.3467107986827,417.19280168687305,42.666666666666664,417.29748799527687
553.2790881729865,122.2266055703635,798.6666666666666,118.13397852579753,800.0542451603469,201.33103577688584,554.6666666666666,205.4236628214518
21.333333333333332,675.9859043216953,318.72448659335817,676.1246397121546,318.6666666666667,800.0665886501471,21.27551340664185,799.9278532596878
20.553784476865392,136.86407205492148,254.66666666666666,134.05514844258627,255.4462155231346,199.02752034833142,21.333333333333332,201.83644396066666
0.0,10.998977661132812,798.8323602566132,13.028009864550397,798.6666666666666,78.26177072525024,-0.1656935899465595,76.23273852183266
287.66731384058784,433.53593771195284,575.6,428.85285263061525,575.9326861594121,449.3075780656351,288.0,453.9906631469727
452.2385922762236,554.0839164434244,550.0,544.403020477295,552.1614077237764,566.2297462763021,454.4,575.9106422424317
330.7864807449464,560.9428092718417,383.6,554.3605110168457,385.6135192550536,570.5161201715176,332.8,577.0984184265137
371.2,126.2954818725586,557.2089459919769,129.91869070272128,556.4,171.44850540161133,370.39105400802316,167.82529657144863
287.37720036305393,463.62311163908043,460.4,459.3350601196289,461.0227996369461,484.4650139712711,288.0,488.75306549072263
325.85170571340586,589.143400536834,620.4,581.9709144592285,620.9482942865941,604.4873955141915,326.4,611.6598815917969
556.8,696.0285247802734,594.0845080030655,703.7518463503679,588.4,731.1939361572265,551.1154919969346,723.4706145871321
582.4,740.71220703125,614.0210981145294,761.7010656960127,601.2,781.01689453125,569.5789018854705,760.0280358664872
396.8,266.49525451660156,499.35879982483914,269.30380971775656,498.8,289.7092620849609,396.2412001751608,286.9007068838059
