39.638485599023326,39.31150567952776,178.75,38.538780361413956,179.1115144009767,103.62117719601606,40.0,104.39390251412988
139.6365923829032,120.08839382348168,618.75,117.24589586257935,619.1134076170968,178.49957631411442,140.0,181.34207427501678
433.99897004412543,576.6804864057042,638.75,291.2335968017578,784.7510299558746,395.96012333550675,580.0,681.4070129394531
233.93412139161785,398.1058701989992,485.625,396.9938635826111,485.69087860838215,411.904786396231,234.0,413.016793012619
233.92286623119452,369.2650399321577,269.625,369.12299475073814,269.7021337688055,388.5100665575007,234.0,388.6521117389202
233.99197548581168,424.1057324861149,401.625,423.9824531748891,401.6330245141883,434.8940454791328,234.0,435.01732479035854
234.0,436.3657261021435,389.63128031917466,436.4481516661745,389.625,448.3062945306301,233.9937196808254,448.2238689665991
390.0,376.1508093997836,533.6270467852307,376.1761964116815,533.625,387.7558860294521,389.99795321476927,387.7304990175543
270.0,508.86720484122634,479.6316838542408,509.0022824559153,479.625,519.3751900792122,269.9933161457592,519.2401124645232
174.0,40.016693115234375,200.04772507032004,42.513431201726966,197.625,67.78900051116943,171.57727492967996,65.29226242467685
269.8641172860253,474.9926609506661,323.625,474.40133571624756,323.76088271397475,486.75523882007064,270.0,487.34656405448914
444.0,420.5140360593796,479.84873062902614,420.7600958307824,479.625,453.35566806793213,443.7762693709739,453.1096082965293
336.0,477.0761097148061,527.6344941286455,477.2752107674593,527.625,486.41329675912857,335.99050587135446,486.2141957064754
186.0,399.64617919921875,219.71648137409045,416.0503894506736,197.625,461.4562339782715,163.90851862590955,445.0520237268167
288.0,375.0832751020789,347.63670795198647,375.1375129085392,347.625,388.0108895972371,287.9882920480136,387.95665179077685
294.0,58.768057040520944,455.6258944653037,58.77090502616344,455.625,109.53266190737486,293.9991055346963,109.52981392173237
492.0,447.1572114229202,509.6991997972774,447.30331840366864,509.625,456.29178035259247,491.92580020272266,456.1456733718441
342.0,488.235827319324,389.63159449882113,488.26585974594815,389.625,498.7247712984681,341.9934055011789,498.694738871844
270.0,485.7231481075287,330.2044157981037,488.90902710437166,329.625,499.8584039211273,269.42058420189636,496.67252492428435
198.0,-0.8873317390680313,677.6603093243008,-0.0501073007246384,677.625,20.179213106632233,197.9646906756993,19.341988668288842
