358.56,137.13680129241942,386.52138889789546,138.26986469772874,386.19899999999996,146.22567838668823,358.2376111021045,145.09261498137892
358.56,108.21397198104857,390.52649691432237,109.55612979898734,390.183,117.73727877044678,358.21650308567763,116.39512095250801
354.57599999999996,77.94124207305907,386.2911182039397,78.29153191367357,386.19899999999996,86.63188149833678,354.4838817960603,86.2815916577223
125.26984064773923,324.05035230504376,190.983,314.9697813491821,193.20115935226076,331.0218842061867,127.488,340.10245516204833
113.53183042831938,225.57820644575034,179.03099999999998,216.50965278625486,181.03516957168063,230.9851080302628,115.53599999999999,240.0536616897583
239.04,437.7586163692474,250.7505886777673,437.7784062205667,250.743,442.26898487663266,239.03241132223266,442.2491950253134
353.19736008405636,413.2203013561152,437.991,336.76957538223263,451.3216399159436,351.55496121712696,366.52799999999996,428.0056871910095
282.42222480314035,287.1811783056258,322.455,252.54846656799316,330.8647751968596,262.26952573490155,290.832,296.9022374725342
117.23661629795922,273.0580648534003,190.983,263.7419400215149,193.26638370204077,281.817190586358,119.52,291.1333154182434
294.4791540675732,349.4221517820469,378.231,289.76134388351437,390.5198459324268,307.01242658709367,306.768,366.6732344856262
