363.16011143366563,84.47496559071277,446.83333333333337,77.05462964375815,457.0065552330011,191.76995513987808,373.33333333333337,199.1902910868327
352.8,520.4209592819213,450.9470340672241,546.9610820965196,447.65,559.1537202835083,349.5029659327759,532.61359746891
218.03085326166592,335.9530073067036,554.05,332.8303423404694,554.419146738334,372.5529425481471,218.4,375.6756075143814
352.8,504.70636863708495,501.2271823476588,544.0963201389301,498.05,556.0684146881104,349.6228176523412,516.6784631862652
207.2,475.74512333869933,285.73940442678366,479.38268666024817,285.25,489.94952187538144,206.71059557321632,486.3119585538326
206.8456780481558,463.9327108868648,318.84999999999997,460.40570650100705,319.2043219518442,471.6576318255375,207.2,475.18463621139523
207.2,410.8411274909973,258.58984497854595,417.5406228036932,257.25,427.81817693710326,205.86015502145406,421.1186816244074
207.05648333370854,402.9647379628596,313.25,401.5576693534851,313.3935166662914,412.38908112130787,207.2,413.7961497306824
207.0946903859279,425.146064486862,313.25,424.0997109889984,313.3553096140721,434.7836478325121,207.2,435.83000133037564
352.8,481.58502569198606,502.60495235268394,517.5959353516188,498.05,536.5444825172424,348.245047647316,500.5335728576097
347.2,555.6379962921143,401.0211888175218,565.0855145696048,397.25,586.5694492340087,343.4288111824781,577.1219309565182
352.8,451.7650207519531,416.2639115337566,465.674168872903,414.05,475.7756851196289,350.58608846624344,461.86653699867895
201.6,495.0246276855469,248.5942992607779,501.37195382184535,246.04999999999998,520.2094230651855,199.05570073922212,513.862096928887
352.8,463.88605651855465,489.49823354114886,496.94824170727753,486.84999999999997,507.89757385253904,350.1517664588511,474.8353886638162
352.8,437.3830066680908,489.42179241730787,470.46079335040895,486.84999999999997,481.08311500549314,350.2282075826921,448.005328323175
11.2,667.3177002221346,694.1865171037994,669.3617674067256,694.05,714.9763841629028,11.063482896200682,712.9323169783119
200.9877766295964,442.171737009634,318.84999999999997,438.1539061546326,319.4622233704036,456.1133500036106,201.6,460.131180858612
