258.44,214.57344896125795,306.18679882463334,215.1009161340918,305.9035,240.74537835597994,258.15670117536666,240.2179111831461
257.90416908031625,189.38257987246342,333.7355,187.85732339286807,334.2713309196838,214.49728351178342,258.44,216.0225399913788
115.304,57.48580879974366,181.65908503434449,81.56595134361727,178.6715,89.79852133941651,112.31641496565553,65.71837879554289
163.01600000000002,183.97283965301514,249.65649723982912,192.815357382138,246.26350000000002,226.0605231819153,159.62300276017092,217.21800545279245
340.37351513158757,294.5489441545424,369.51950000000005,287.58661381006243,371.08198486841246,294.12755026074086,341.93600000000004,301.0898806052208
321.95038764912493,214.98090676468658,377.47150000000005,214.7576107296944,377.5771123508751,241.01743750530437,322.05600000000004,241.24073354029656
341.93600000000004,53.808077241897585,412.02517037168684,77.44162329023796,409.27950000000004,85.58436065483095,339.19032962831324,61.95081460649057
389.51767046718254,215.23924013960757,441.08750000000003,214.98198013067247,441.2178295328175,241.1075789686402,389.648,241.36483897757532
107.28149730354409,214.97759093200784,230.35950000000003,214.6402097440958,230.43000269645592,240.35987454879665,107.352,240.69725573670866
295.988865654335,292.3004928352948,405.30350000000004,260.6094219493866,407.5146343456651,268.2364706961994,298.20000000000005,299.92754158210755
53.3228661059149,299.8100004649314,186.6235,261.08348434829713,188.96463389408513,269.1419069332925,55.664,307.8684230499268
