106.39999999999999,300.1239853739738,257.48545064312987,301.92772730316375,257.25,321.6495987892151,106.16454935687017,319.84585686002515
284.3217069925395,519.8193265794127,341.25,515.6792412757874,342.5282930074605,533.2564247252137,285.59999999999997,537.3965100288391
196.0,398.9466549873352,279.85787769149806,400.32405016452657,279.65,412.97995481491085,195.79212230850194,411.60255963771954
106.39999999999999,325.3013886451721,168.29075907068133,327.3746202007433,167.65,346.50276107788085,105.75924092931865,344.4295295223096
296.8,338.386915653944,374.8632498845466,338.43756638974867,374.84999999999997,358.85837631225587,296.7867501154534,358.8077255764512
487.11276647925575,269.5073077153496,638.05,269.0791123628616,638.1372335207442,299.8285967159934,487.2,300.25679206848145
285.59999999999997,362.60988240242006,380.46480539196597,362.7458803293646,380.45,373.0733217775822,285.5851946080341,372.93732385063765
156.79999999999998,86.50398721694945,190.12960964448592,86.78375848318464,190.04999999999998,96.2677859544754,156.72039035551407,95.9880146882402
183.3965034648192,644.8645844264481,453.25,636.4357507705688,454.65349653518075,681.3694228367355,184.79999999999998,689.7982564926148
134.4,500.38344793319703,207.53774673601038,502.8272990461366,206.85,523.4096685409546,133.71225326398962,520.965817428015
442.4,409.9791434764862,649.522810312742,411.1259682727761,649.25,460.3969980239868,442.127189687258,459.2501732276969
442.2491153860435,471.0726212113554,649.25,470.4278491020203,649.4008846139565,518.8686053187197,442.4,519.5133774280548
128.79999999999998,425.7199199676514,274.3696084477552,429.50287218171854,274.05,441.80154104232787,128.48039155224478,438.0185888282607
162.4,411.7719822406769,280.0612549338959,415.60657300087826,279.65,428.22559146881105,161.98874506610412,424.3910007086096
486.68641437818826,207.82023612277797,638.05,206.16560983657837,638.5635856218117,253.14791749698824,487.2,254.80254378318787
218.4,240.74697375297546,380.7048406779898,242.20753438681405,380.45,270.52671175003053,218.1451593220102,269.0661511161919
100.35445822503853,120.53175137969879,374.84999999999997,116.81061177253723,375.29554177496146,149.67668072250456,100.8,153.39782032966613
105.23971813785246,641.8795313495427,184.45,639.6846849441528,185.6102818621475,681.5583454948634,106.39999999999999,683.7531919002532
106.39999999999999,361.67256155014036,207.2450970974447,364.10339832642654,206.85,380.4942994117737,106.00490290255529,378.0634626354875
413.6008050334956,393.40971185802744,436.45,392.66157588958737,437.2491949665044,417.07018926501945,414.4,417.81832523345946
140.0,524.9240129470825,190.235490554613,526.2090478199259,190.04999999999998,533.4603755474091,139.814509445387,532.1753406745657
195.44106882998844,72.15058966865503,363.65,70.06172137260437,364.20893117001157,115.07040616283452,196.0,117.15927445888519
96.5655866742943,77.01651196973685,156.45,64.33358459472656,166.28441332570569,110.76829599840278,106.39999999999999,123.45122337341309
