234.66666666666666,305.38146289189655,468.29321303723873,306.5950168506051,468.0,363.0427328745524,234.3734536294279,361.82917891584384
479.4412894498304,632.1213679412958,562.8,629.1155464172364,563.3587105501696,644.6099430938605,480.0,647.6157646179199
191.3401206547413,202.34113964726893,300.4,149.81067352294923,313.8598793452587,177.7550822765592,204.8,230.2855484008789
235.55246446947484,615.7527714092965,319.6,611.3371337890625,320.84753553052514,635.082806746221,236.8,639.498444366455
236.2789689344423,369.52029685021284,383.6,367.6939567565918,384.1210310655577,409.7227300739205,236.8,411.5490701675415
600.9445060250293,754.0253471069705,793.2,750.5893814086915,793.8554939749706,787.2667900390256,601.6,790.7027557373046
44.8,46.411730003356936,300.9201383143608,49.42498769153691,300.4,93.63557662963868,44.27986168563915,90.6223189414587
268.8,583.1965492248535,290.45770379555734,585.7631470722687,287.6,609.87728805542,265.94229620444264,607.3106902080048
473.4747085724459,612.8309306720814,575.6,611.8322326660157,575.7252914275541,624.6443375011364,473.6,625.6430355072022
230.24777456945588,418.2823515298145,415.6,416.6642780303955,415.75222543054406,434.101880419038,230.4,435.719953918457
