620.7270070362594,83.71073860587424,754.8,83.24015350341797,754.8729929637407,104.03636031685524,620.8,104.50694541931152
627.1574420040979,137.41189200436799,716.4,137.1553743362427,716.4425579959021,151.9613112732199,627.2,152.2178289413452
627.2,124.32786700725555,754.8045117547258,124.3822095057867,754.8,134.97650079727174,627.1954882452742,134.92215829874058
627.2,154.15892238616942,703.6352939664484,154.35172037968212,703.6,168.34411029815675,627.1647060335515,168.15131230464405
76.6560905641748,2.7950196473055917,370.8,1.1458999633789062,370.9439094358252,26.81419103460969,76.8,28.463310718536377
313.6,113.18664817810058,492.4536942347301,114.11234016841675,492.4,124.48664646148681,313.54630576526995,123.56095447117066
684.6856720302646,53.600200640648396,742.0,53.244889450073245,742.1143279697353,71.68683816245219,684.8,72.04214935302734
57.520413325311004,253.69676656827133,121.2,253.18394975662233,121.279586674689,263.0667118538936,57.6,263.5795286655426
166.4,779.6528463363647,204.44464787085124,779.8779369260989,204.4,787.4242876052856,166.35535212914877,787.1991970155516
377.6,127.07445907592773,428.4393020870133,127.30425422282694,428.4,135.99934940338136,377.5606979129867,135.76955425648214
224.0,760.365228176117,287.63103938746553,760.6164996384425,287.6,768.4767972946167,223.96896061253446,768.225525832291
620.7212129422783,110.4692284973961,754.8,109.630908203125,754.8787870577218,122.23190713797987,620.8,123.07022743225097
44.746049166494664,754.1528048801958,89.2,753.8633709430694,89.25395083350534,762.1496407699049,44.8,762.4390747070313
691.2,15.448811721801757,754.9829459833567,15.814459340163276,754.8,47.727244186401364,691.0170540166433,47.36159656803984
