429.33333333333337,66.56633079051971,670.9302224020223,66.95558632508346,670.8333333333334,127.0911412537098,429.2364442646443,126.70188571914606
84.0,289.24881048202514,134.14411012310384,289.6804920025647,134.04999999999998,300.61232056617735,83.90588987689615,300.1806390456378
78.39999999999999,517.2781301736832,246.48462944244181,521.6348544628509,246.04999999999998,538.4030784606933,77.9653705575582,534.0463541715256
453.26900390981444,276.937291086953,643.65,275.1028465270996,643.9809960901855,309.45404292221747,453.59999999999997,311.28848748207093
156.79999999999998,626.8930281877517,290.9945951148965,627.4792886929072,290.84999999999997,660.5770033240318,156.65540488510348,659.9907428188764
234.75586152572413,388.5899661141174,313.25,385.70716772079464,313.69413847427586,397.80037097160647,235.2,400.6831693649292
632.7926129605612,643.7616242784183,660.4499999999999,643.7462417304515,660.4573870394388,657.0279301267941,632.8,657.0433126747608
184.79999999999998,441.1554521560669,234.9014855120986,441.4261764687648,234.85,450.9543219566345,184.74851448790142,450.6835976439366
100.8,342.4319442749023,314.1454827874716,347.1899737019184,313.25,387.3425642967224,99.90451721252836,382.5845348697063
285.4776073651896,553.3974940562316,330.05,552.8714046001434,330.17239263481036,563.2409957623414,285.59999999999997,563.7670852184295
610.3813657202016,659.3670405345568,677.25,659.2551058292389,677.2686342797983,670.3870316905369,610.4,670.498966395855
458.621384969371,336.91444661169214,632.4499999999999,334.0449966430664,633.028615030629,369.09695799798806,459.2,371.96640796661376
391.9533193185513,634.456530987481,570.85,634.1025194644927,570.8966806814487,657.69220064952,392.0,658.0462121725083
458.7783447529246,395.49268132309805,638.05,393.36004848480223,638.4716552470753,428.80489052672493,459.2,430.93752336502075
458.7735584022591,454.7130718485937,632.4499999999999,452.6340039253235,632.8764415977408,488.257110999383,459.2,490.3361789226532
179.19244299568962,452.4605829774493,246.04999999999998,452.4105270981789,246.05755700431038,462.5041035936123,179.2,462.55415947288276
190.4,463.41299746036526,229.32950888573396,463.72798576479727,229.25,473.5545152902603,190.32049111426602,473.2395269858283
458.82963196566925,217.75553836681195,632.4499999999999,215.90305032730103,632.8203680343307,250.61497993610553,459.2,252.46746797561644
100.8,321.5905395269394,184.59494079748222,322.55283581843804,184.45,335.17400629520415,100.65505920251776,334.2117100037055
179.2,429.6523675739765,234.8604216542448,429.7095879373906,234.85,439.8471270054579,179.18957834575522,439.7899066420437
