134.47797471627874,490.32805563266663,238.75,485.0692880153656,244.27202528372126,594.5612454289636,140.0,599.8200130462646
210.79248512842412,461.1650619913679,618.75,245.01105308532715,667.9575148715759,337.88268466695723,260.0,554.036693572998
113.90236828718665,808.9422093110238,738.75,458.89567375183105,764.8476317128133,505.4810323042716,140.0,855.5275678634644
113.23928108643952,313.04640281716047,438.75,128.85703325271606,465.5107189135604,176.15021240195574,140.0,360.33958196640015
639.9856562031285,145.18610743265953,725.7692307692307,145.09973915723654,725.7835745661022,159.34643057786434,640.0,159.43279885328732
670.7692307692307,64.99794153066782,696.1749243953474,66.40955970773335,695.0,87.55534098698543,669.5943063738833,86.14372280991988
12.278588759028331,57.152828710529775,196.53846153846152,56.87989773658605,196.5675650871255,76.5281483428374,12.307692307692307,76.80107931678111
356.69898979979286,90.49274864217583,418.07692307692304,89.08657257373515,418.3010102002071,98.86771222607275,356.9230769230769,100.27388829451341
141.53846153846155,957.013475258763,633.4727246262673,957.2082479457397,633.4615384615385,985.4609654499934,141.5272753737326,985.2661927630168
375.17421436181655,78.06322411868783,399.6153846153846,77.60600603543794,399.82578563818345,88.85325851328896,375.38461538461536,89.31047659653883
627.6923076923076,104.36771979698767,738.8080010266823,107.4758160773701,738.0769230769231,133.6121471111591,626.9612297425485,130.50405083077666
6.141588456029297,13.664057603717453,288.8461538461538,13.565647590618866,288.8584115439707,48.778600265735015,6.153846153846153,48.8770102788336
645.6813670016257,15.321945243690719,719.6153846153846,14.049769181471603,720.087863767605,41.50845434291347,646.1538461538461,42.780630405132584
