355.81952980080473,137.00472718058106,420.2711538461538,136.75031144765708,420.3100855838107,146.6129629828112,355.85846153846154,146.8673787157352
549.9620437547279,353.9712360064443,595.8896153846154,353.966166894476,595.8906485529644,363.3269609842749,549.9630769230769,363.3320300962432
355.79203904741803,390.92108715979896,457.24346153846153,390.16127990502576,457.30988402950504,399.0301820633409,355.85846153846154,399.78998931811407
355.85846153846154,51.697874554120574,415.7184663719366,51.926995506734464,415.6496153846154,69.91496381264466,355.7896105511403,69.68584286003077
549.8183123444174,340.28191856151653,586.6465384615385,339.7033646565217,586.7913030401979,348.918448316993,549.9630769230769,349.49700222198777
355.8528773040871,191.0056037368611,392.54192307692307,190.98605299598896,392.5475073112975,201.46546305574623,355.85846153846154,201.48501379661835
355.85846153846154,447.47245508854206,411.1238519537432,447.805174357261,411.0280769230769,463.71361417256867,355.76268650779525,463.3808949038497
355.85846153846154,492.4766502549098,425.1544631107808,494.02414560717017,424.8926923076923,505.7461000259106,355.59669073537304,504.1986046736502
355.85846153846154,219.92631439135624,379.67720817876204,222.17064389790715,378.6773076923077,232.78244411835303,354.8585610520072,230.53811461180211
355.85543239197153,94.24099590560068,452.62192307692305,94.20576329100591,452.62495222341306,102.52532398721843,355.85846153846154,102.5605566018132
503.73387498035856,29.41603058809668,748.4003846153846,29.207341618079404,748.4142019427184,45.406747130208906,503.7476923076923,45.615436100226184
355.85846153846154,375.591416418369,508.0962725138841,375.86194475678315,508.0803846153846,384.8027415056412,355.84257363996204,384.53221316722704
614.6602351709969,340.3864378991143,660.5911538461538,340.3631521581228,660.5955340597724,349.00308487781035,614.6646153846153,349.0263706188018
707.0340198467684,340.2368993834229,748.4003846153846,339.9648359093299,748.4617493840009,349.2951490319812,707.0953846153847,349.56721250607416
707.0837371909495,353.8839995707917,748.4003846153846,353.83400025670346,748.4120320398197,363.4587828675599,707.0953846153847,363.5087821816481
365.10153846153844,327.8110525343968,503.79087067341896,330.1608948564001,503.45884615384614,349.75721349716184,364.76951394196567,347.40737117515863
637.7142036522354,354.18313122309564,674.4557692307692,353.9457003454062,674.5138732708415,362.9370894160598,637.7723076923077,363.1745202937493
