378.3376953307997,104.33753183398923,658.75,97.01042890548706,660.4123046692002,160.62775322880066,380.0,167.95485615730286
299.6135683244873,176.93253444979612,738.75,174.9180981516838,739.1364316755127,259.1581544046598,300.0,261.17259070277214
60.0,309.70929726958275,140.27584637385516,311.4970674199799,138.75,380.0118085741997,58.474153626144826,378.22403842380254
80.48544075640089,442.78053324383393,239.625,424.00147819519043,243.1395592435991,453.78494746524206,84.0,472.5640025138855
468.0,701.5054382309318,665.6304273161865,701.634263953836,665.625,709.9602627754211,467.9945726838136,709.831437052517
76.2573413199464,409.12612358021744,161.625,402.43017840385437,163.3676586800536,424.64760812830923,78.0,431.34355330467224
413.92888792645846,509.2483769596781,737.625,508.7721774280071,737.6961120735416,557.1105318276916,414.0,557.5867313593626
71.27103878379404,382.2140693440814,137.625,378.64295196533203,138.353961216206,392.18758215757424,72.0,395.75869953632355
468.0,717.7571418955922,665.6271429152985,717.8104094119597,665.625,725.7608125247061,467.9978570847016,725.7075450083388
425.99624657114356,728.4820956395228,725.625,728.372114405036,725.6287534288565,738.5978153130752,426.0,738.7077965475619
408.0,618.0899875983596,713.6527323573893,618.2829977604504,713.625,662.2002232521772,407.9722676426108,662.0072130900866
395.9045898757353,568.0112955788651,725.625,567.2912063598633,725.7204101242647,610.9783835490666,396.0,611.6984727680683
