99.60643859228604,508.80033418322245,228.475,423.45565204620357,238.06856140771396,437.94171522473647,109.19999999999999,523.2863973617553
454.17909066064243,404.29215093709087,556.0749999999999,341.7595209121704,564.6959093393575,355.8071532621278,462.79999999999995,418.3397832870483
369.90785434269054,568.6456464759799,509.275,485.88604269027707,518.9671456573094,502.2076128013637,379.59999999999997,584.9672165870667
-4.726828916504796,445.90255942829947,51.675,408.8998253822326,61.60182891650479,424.03090476504457,5.199999999999999,461.0336388111114
561.9196067637926,444.61767197759747,649.675,387.4597361564636,659.7553932362074,402.93630751459,572.0,460.09424333572383
484.21207831096393,250.4015488368852,628.875,159.05859088897705,638.662921689036,174.56005242043898,494.0,265.90301036834717
130.82714672280508,84.52280584923022,254.475,3.7746288299560544,264.0478532771949,18.43332208045728,140.4,99.18149909973144
249.79172114208305,534.112998246237,400.075,440.4899843215942,410.2832788579169,456.87627177329415,260.0,550.499285697937
124.92884650789411,356.39352273191315,254.475,271.3242547035217,264.74615349210586,286.96548987184656,135.2,372.034757900238
515.4654269319459,86.32349458442765,639.275,5.540214538574219,649.009573068054,20.459555952681722,525.1999999999999,101.24283599853516
24.158568733579685,57.54035022773162,88.07499999999999,54.44729950428009,89.9164312664203,92.49960627041443,26.0,95.59265699386596
25.782012182553213,24.336649738264498,93.27499999999999,23.92416201531887,93.49298781744677,59.5922517277177,26.0,60.00473945066332
265.2,289.85813770294186,303.7863387372593,293.89827201148944,301.275,317.8834566116333,262.68866126274065,313.8433223030857
-9.604495394697501,317.2562744698725,62.074999999999996,270.91850185394287,71.6794953946975,285.7756118216314,0.0,332.113384437561
-4.3202650971377645,178.73278611340837,77.675,125.18719215393065,87.19526509713775,139.76573359331772,5.199999999999999,193.3113275527954
-5.262095199977927,570.5806815104704,15.274999999999999,564.8058769702911,20.537095199977923,583.5196099324006,0.0,589.2944144725799
627.3089714336438,636.7408762741076,649.675,633.8517261505126,651.5660285663562,648.4909096908582,629.1999999999999,651.380059814453
373.49518290323823,300.72264796035995,389.67499999999995,299.8014591693878,390.57981709676176,315.69372281295546,374.4,316.61491160392757
80.14806868054573,644.37674536101,155.67499999999998,600.877644252777,163.92693131945424,615.2053667605719,88.39999999999999,658.7044678688048
287.06809011594385,228.286232407143,446.875,143.94739265441893,456.2069098840561,161.62968098397027,296.4,245.96852073669433
300.53992062557506,373.44476997647365,332.47499999999997,352.26510772705075,343.9350793744249,369.5448235293857,312.0,390.72448577880857
141.3080971556559,219.12301853224236,244.075,154.2160234451294,253.56690284434407,169.2445031352381,150.79999999999998,234.15149822235105
541.1679669249477,571.8459471631699,644.4749999999999,502.934855556488,654.5070330750523,517.9742280077286,551.1999999999999,586.8853196144104
265.3875420011044,640.8205486183768,316.875,623.3298021793365,321.8874579988955,638.0849598044746,270.4,655.575706243515
296.6453812587067,114.53100040163059,420.875,36.36927337646484,431.0296187412932,52.50894253049832,306.8,130.67066955566406
