196.0,354.5798831939697,218.06676914598924,354.60357089970495,218.04999999999998,370.2252135127783,195.98323085401077,370.20152580704297
162.4,51.70840594768524,514.8982416327881,52.47002802710916,514.85,74.79749356508255,162.35175836721191,74.03587148565863
543.0313611143388,206.90555919729886,565.25,206.4366060256958,565.4186388856613,214.42658611214938,543.1999999999999,214.89553928375244
509.5822645554745,539.96209558041,526.05,539.9343922138214,526.0677354445254,550.4768873831518,509.59999999999997,550.5045907497406
173.6,91.31618527278769,492.45012198056907,91.3199086462422,492.45,101.76568310465663,173.59987801943092,101.76195973120213
593.6,187.71120414733886,618.1984662955622,247.3620249194864,610.05,250.72224311828612,585.4515337044378,191.0714223461386
475.69441765763366,517.7784341285535,554.05,516.617711353302,554.3555823423662,537.246308379381,476.0,538.4070311546326
168.0,80.97851274088025,509.2535576995959,81.10759114485774,509.25,90.51332910656929,167.99644230040408,90.3842507025918
145.6,315.8862372398376,252.08248149069274,317.21553869772634,251.65,351.8590742588043,145.16751850930723,350.5297728009156
111.90029682732094,13.034256268777279,565.25,11.653407406806945,565.349703172679,44.38718804296073,112.0,45.768036904931066
