18.666666666666668,393.78064987001324,279.13941770565117,394.79488408874545,278.83333333333337,473.40260312954587,18.360582294348838,472.38836891081365
18.637010603850257,13.245105564204295,689.5,12.930167401830357,689.5296560628163,76.10179069692772,18.666666666666668,76.41672885930166
18.666666666666668,132.71321136380237,279.39583433318404,134.2605068686601,278.83333333333337,229.0455153187116,18.104165666815934,227.4982198138539
18.666666666666668,564.7162448763847,694.2707288256516,592.8563145392859,689.5,707.3949000040691,13.895937841015117,679.254830341168
18.666666666666668,263.8852626035611,279.1058491550134,264.62333019035384,278.83333333333337,360.78498135010403,18.394150844986655,360.0469137633113
364.0,467.0601251602173,599.1925377520352,471.45487450571704,598.85,489.7863689422607,363.6574622479648,485.39161959676096
375.2,245.01118116378782,520.7628142573167,247.8578215463099,520.4499999999999,263.8535630226135,374.8871857426833,261.00692264009143
375.2,434.22101173400875,593.7485118024159,438.8074553705696,593.25,462.5620288848877,374.701488197584,457.97558524832687
375.2,298.48677558898925,560.6582564760301,305.0124669219212,559.65,333.6668237686157,374.1917435239699,327.1411324356838
375.2,185.41572437286376,537.737950282353,190.17154745858195,537.25,206.84803800582884,374.71204971764695,202.09221492011065
369.59999999999997,398.70519385337826,531.8469250591723,401.0592086252389,531.65,414.6319719314575,369.40307494082765,412.2779571595969
375.2,166.40680665969847,610.5574376835095,173.7289395277971,610.05,190.03965597152708,374.6925623164904,182.71752310342845
565.6,198.8329807281494,587.8340545991739,199.24691805245305,587.65,209.13314905166627,565.415945400826,208.7192117273626
369.59999999999997,263.4143353462219,515.2086373803577,266.84461686435645,514.85,282.0680613517761,369.24136261964236,278.63777983364156
380.8,369.7339663505554,520.6765829121273,372.1508806084193,520.4499999999999,385.26414823532104,380.5734170878727,382.84723397745717
375.2,354.1278281211853,520.7369433467921,357.2633909582183,520.4499999999999,370.58184757232664,374.9130566532078,367.44628473529366
375.2,338.53776302337644,560.0543389397656,343.8821591900833,559.65,357.8676133155823,374.7956610602344,352.5232171488754
369.59999999999997,414.05150303840634,531.8305776464309,416.22950886336594,531.65,429.67998523712157,369.4194223535691,427.50197941216203
369.59999999999997,223.74375982284545,610.4952449144338,230.3995856206729,610.05,246.51439781188964,369.15475508556614,239.85857201406222
369.59999999999997,134.77007188796998,616.3921066719204,141.6633813437433,615.65,168.2320520401001,368.85789332807957,161.33874258432675
375.2,206.14367275238035,492.6677504678365,207.7883271184619,492.45,223.34093084335328,374.98224953216345,221.69627647727174
375.2,382.7209712028503,532.0663027316303,387.64811026022824,531.65,400.90202283859253,374.7836972683697,395.9748837812146
