254.70845435973158,131.4701210890745,420.69230769230774,130.72652831444375,420.75308410180696,144.2929627723499,254.76923076923077,145.03655554698065
239.96816572358426,100.5356268681886,449.7692307692308,100.1954568716196,449.80106504564657,119.82936099117056,240.00000000000003,120.16953098773958
368.4848606680083,552.6910731556126,439.1538461538462,550.7981089078463,439.89975471660716,578.6447000189668,369.2307692307693,580.537664266733
228.70871559372472,151.84917130532907,313.61538461538464,150.64657225975625,313.8297459447369,165.78104830092377,228.92307692307693,166.98364734649658
242.96616211928122,172.9535662279997,306.2307692307692,170.1528519850511,306.95691480379577,186.555565863816,243.6923076923077,189.3562801067646
177.23076923076925,377.8302453848032,255.70079344265045,381.04543901575903,254.53846153846155,409.4133145258977,176.06843732658035,406.1981208949419
99.6923076923077,478.4293756484986,206.70804397891402,479.3438448590319,206.53846153846155,499.1892256736756,99.52272525185523,498.27475646314224
184.61538461538464,467.4671864142785,208.44470456250613,471.48666946333606,206.53846153846155,482.78774334834173,182.70914159134003,478.7682602992842
103.38461538461539,508.62714573053216,343.2857825456693,509.9342339566743,343.1538461538462,534.1496570293721,103.25267899279231,532.8425688032299
217.49007796977122,251.06530833727402,313.61538461538464,249.65103237445538,313.9714604917673,273.85274668357187,217.84615384615387,275.2670226463905
361.227497684415,512.8954646062805,446.53846153846155,511.41717118483325,447.15711770020044,547.1192535228043,361.84615384615387,548.5975469442515
230.0186635631962,122.93083339590946,276.69230769230774,114.80196586022011,279.28902874449614,129.71159918371796,232.61538461538464,137.84046671940732
199.3846153846154,531.9463362968885,306.2501630795284,532.1482298520889,306.2307692307692,542.4137099339412,199.3652215358562,542.2118163787409
231.934836546808,190.6546087418211,321.0,186.83773656991812,321.6805480685766,202.71804962093435,232.61538461538464,206.5349217928373
194.2362323158668,423.57987190799855,335.7692307692308,415.66595781766455,337.2253061456717,441.70651267452104,195.6923076923077,449.62042676485504
29.485666171542533,0.12732566090220196,247.15384615384616,-0.7040475698617789,247.20664152076517,13.118710974093187,29.53846153846154,13.950084204857166
247.16990905123546,210.66605295613746,306.2307692307692,209.0023921086238,306.4454755641492,216.62458310648464,247.38461538461542,218.2882439539983
343.3067083618069,-0.012121938702435343,442.84615384615387,-0.5643691283005935,442.9240608689624,13.47793293453796,343.3846153846154,14.030180124136118
243.4907148778762,23.459507884699555,417.00000000000006,22.76991099577684,417.20159281443154,73.49262404689883,243.6923076923077,74.18222093582153
