383.2566420417146,241.42137456916777,594.1666666666666,140.14507649739582,690.3766912916187,340.5044799230197,479.46666666666664,441.78077799479166
-21.33865899776052,645.0094964708953,65.1,401.14105326334635,119.50532566442718,420.4249070121776,33.06666666666666,664.2933502197266
446.4,272.8562896728516,570.2658038688253,554.3677066372039,478.43333333333334,594.7742482503255,354.567529464508,313.26283128597316
39.68,49.418371939659124,70.77314237905355,51.28777235661807,69.13000000000001,78.61763677597047,38.03685762094645,76.74823635901151
24.8,266.8714305615425,70.54928154413236,268.28440861663006,69.13000000000001,314.237783985138,23.380718455867655,312.8248059300504
292.4626578286285,62.287410607816845,322.09000000000003,61.81670497894287,322.2673421713716,72.97904694032464,292.64000000000004,73.44975256919861
17.27205184205428,153.1672558569351,64.17,150.21178254127503,66.73794815794572,190.9604162526688,19.84,193.91588956832888
33.317727587231005,79.55793794047973,59.21,78.2818588256836,60.612272412768995,106.73465527641633,34.72,108.01073439121247
83.76227838653928,60.18190434633641,232.81,58.249644670486454,233.36772161346076,101.27033015073393,84.32000000000001,103.20258982658387
19.84,388.753830215931,76.15530720042868,391.38287301487793,74.09,435.6227041435242,17.774692799571323,432.9936613445772
34.72,37.93375561952591,74.24815511279547,38.63328338203975,74.09,47.57014073848725,34.561844887204536,46.87061297597341
521.7636525110956,133.75950648622657,555.21,124.35933151245118,569.1263474889045,173.87447300596097,535.6800000000001,183.27464797973633
542.1074753857976,50.190030234512264,604.8100000000001,45.41685188293457,608.3025246142025,91.29615796739203,545.6,96.06933631896973
24.8,209.4043874359131,78.36546700674043,219.67735186579316,69.13000000000001,267.8330820465088,15.564532993259578,257.56011761662876
