640.0,134.2273218154907,780.4697095082379,134.59819506643214,780.4,161.00094680786134,639.9302904917621,160.6300735569199
115.2,569.9492919921875,307.9749737347393,582.1292853156008,306.8,600.7258087158203,114.02502626526072,588.5458153924071
576.0,54.26286392211914,774.1006870783375,54.91498618080256,774.0,85.50155048370361,575.8993129216625,84.8494282250202
147.2,456.45428771972655,276.39349340948024,462.2401171694076,274.8,497.82170181274415,145.60650659051979,492.0358723630631
64.0,603.7624942779541,173.3748153785033,613.1554276909035,172.4,624.5065410614013,63.02518462149668,615.113607648452
76.8,224.9550868988037,358.79154230151676,237.09949734259914,358.0,255.4790008544922,76.00845769848323,243.33459041069676
268.8,617.5190681457519,359.0498830423929,624.6069633986394,358.0,637.9750816345215,267.75011695760713,630.887186381634
128.0,350.5407066345215,295.62727771549453,360.8159663261257,294.0,387.36285095214845,126.37272228450544,377.08759126054423
652.8,164.1203742980957,767.6664372929266,164.40716699115399,767.6,191.01668434143068,652.7335627070734,190.7298916483724
64.0,415.83581733703613,365.68465775278486,430.2188764880519,364.4,457.16457214355466,62.71534224721513,442.781512992539
-0.020163107339624585,760.6189070438736,447.6,760.3844866037368,447.62016310733964,798.8854526067382,0.0,799.119873046875
486.4,760.1130223274231,793.248140593719,760.4976822660057,793.2,798.9000480651855,486.35185940628105,798.515388126603
147.2,629.1387077331543,269.26411694663284,638.8206200179482,268.4,649.7149215698242,146.33588305336716,640.0330092850303
569.5974752973822,17.713453629366736,767.6,17.69734570980072,767.6025247026179,48.73161369288744,569.6,48.74772161245346
198.4,271.2631267547607,236.5254169873464,271.5607697346128,236.4,287.6255697250366,198.27458301265364,287.3279267451845
19.14858939077663,0.08919985262265018,582.0,-1.0890933990478515,582.0514106092234,23.468913600169518,19.2,24.647206851840018
595.2,743.1009692907334,710.0122936444556,743.1729319379574,710.0,762.7867395401001,595.1877063555445,762.714776892876
64.0,156.23031673431396,391.1615997101258,164.8596855331762,390.0,208.8989227294922,62.83840028987417,200.26955393062997
