340.0,345.40377378463745,364.32612724238106,346.4122738984613,363.75,360.30909395217896,339.42387275761894,359.3005938383551
311.40635304807256,158.6043347686001,379.75,155.96774625778198,380.34364695192744,171.3558121353916,312.0,173.99240064620972
236.0,8.037187814712524,495.7626620460331,8.161628858320361,495.75,34.59283426403999,235.98733795396691,34.468393220432155
10.207752585259623,453.5596891312356,71.75,451.2200574874878,73.54224741474037,498.36377522661735,12.0,500.70340687036514
307.9991397215519,437.5542824654466,399.75,437.5512569556013,399.7508602784481,463.6398475491816,308.0,463.6428730590269
210.46077962588015,450.94368381348784,287.75,446.1033935546875,289.28922037411985,470.68149452360933,212.0,475.52178478240967
308.0,195.29396665096283,331.7943568113174,195.37460004456145,331.75,208.46398830413818,307.9556431886826,208.38335491053957
122.5110660063059,459.18407361999215,195.75,453.2550935745239,197.2389339936941,471.6474540899688,124.0,477.576434135437
356.0,266.0308542251587,392.1895528351986,285.24717966435855,387.75,293.6080617904663,351.5604471648014,274.39173635126645
7.799654629597573,55.13971439554412,211.75,14.111798286437988,215.95034537040243,34.99177392766755,12.0,76.01969003677368
321.33096241243805,279.0372619495887,343.75,269.1450653076172,346.41903758756195,275.19400025744255,324.0,285.08619689941406
124.0,277.2008867263794,180.6919029743296,282.2345466745262,175.75,337.8930311203003,119.05809702567039,332.8593711721535
172.0,204.09708613157272,279.79176894578063,204.29068044297534,279.75,227.54729640483856,171.9582310542194,227.35370209343594
276.0,82.9753395318985,383.8509974147701,83.71912274576181,383.75,98.36407804489136,275.8990025852299,97.62029483102805
312.0,214.54868507385254,377.13475644152663,219.9995945802658,375.75,236.54651641845703,310.61524355847337,231.09560691204376
104.0,154.6183557510376,146.8051588091976,157.15503783562548,143.75,208.70921516418457,100.9448411908024,206.1725330795967
328.0,359.2877974510193,372.0066037815094,360.44061963482045,371.75,370.23593854904175,327.7433962184906,369.0831163652406
