123.47089784557213,121.68512846414357,313.03999999999996,116.05760955810547,315.00910215442786,182.38895978506298,125.44,188.01647869110107
17.862573703946605,291.77677283294537,313.03999999999996,291.529228079319,313.0974262960534,360.0055178105082,17.919999999999998,360.25306256413455
74.43243070311472,400.0769201560919,125.96153846153845,387.50286175654486,131.52910775842375,410.31903368254996,80.0,422.893092082097
246.24920466988118,62.71945010074508,316.7307692307692,51.5408207820012,319.7123337916573,70.33966714309506,249.23076923076923,81.51829646183894
276.0163227780464,44.14897553988802,301.3461538461538,33.875444852388824,308.4067541450305,51.283658080154034,283.0769230769231,61.557188767653244
106.80047448280018,383.0496155361766,144.4230769230769,358.6790569011982,154.54567936335366,374.3060539255872,116.92307692307692,398.6766125605656
218.15152687835993,440.84981442648706,273.65384615384613,439.53958584712103,273.9638577370247,452.67192179189203,218.46153846153845,453.98215037125806
24.592787225162958,260.482980666331,313.65384615384613,260.1299066268481,313.6764435440678,278.6303479395592,24.615384615384613,278.9834219790422
33.65370990074289,439.313484722385,76.73076923076923,416.5465369591346,86.15398240694941,434.3760816697799,43.07692307692307,457.14302943303034
33.29808933937972,56.51299801185504,101.34615384615384,54.23239341148963,101.89421835292796,70.58539423629864,33.84615384615385,72.86599883666405
128.62991601100677,56.59365780271431,261.3461538461538,52.15236810537485,261.94700706591624,70.10728306302242,129.23076923076923,74.54857276036189
72.77429547204157,451.411394305623,316.7307692307692,392.53581633934607,320.8795506818046,409.7266810094123,76.92307692307692,468.6022589756892
95.38461538461539,83.68557673234206,218.39515171261897,84.58599508311623,218.26923076923077,101.78866844910841,95.25869444122715,100.88825009833424
31.977851854840917,118.37315685096765,147.5,28.47276467543382,158.59907122208216,42.735088998641736,43.07692307692307,132.63548117417554
255.60033711432996,384.7053891341536,301.3461538461538,358.99013445927545,310.36120134720846,375.0273355691216,264.6153846153846,400.74259024399976
30.177814320727947,393.9701448901776,82.88461538461539,392.5864742352412,83.4760318331182,415.11471748874976,30.769230769230766,416.49838814368616
76.85026952978161,464.3294158939153,270.5769230769231,463.2736151035015,270.6497304702184,476.63288967940133,76.92307692307692,477.6886904698152
30.502849113172772,208.71332263928812,313.65384615384613,206.25447585032535,313.9202278099042,236.92992575828225,30.769230769230766,239.38877254724503
191.49573331692136,105.33614195344703,282.88461538461536,75.87587429926946,288.3119589907709,92.71207112497845,196.9230769230769,122.17233877915602
30.769230769230766,131.19587623156033,137.7217632858183,137.85457662451788,135.19230769230768,178.48287729116586,28.239775175720172,171.82417689820832
132.3076923076923,392.4892394703168,233.67857292565006,392.5967934358469,233.65384615384613,415.9020673999419,132.28296553588837,415.79451343441184
