479.89265603860997,21.144461003490477,678.75,20.755983591079712,678.8573439613899,75.70418487732789,480.0,76.09266228973866
300.0,181.75406396389008,619.0630319646973,183.46582804821273,618.75,241.81319534778595,299.68696803530264,240.10143126346327
100.0,464.65656995773315,163.05918645137046,469.57819772719733,158.75,524.7903764247894,95.69081354862954,519.8687486553251
80.0,562.2360532917082,659.0619186255503,564.2749229532917,658.75,652.8633213043213,79.68808137444971,650.8244516427377
299.9141064371384,477.69562804716134,738.75,477.07051537930965,738.8358935628614,537.3687309621045,300.0,537.9938436299562
300.0,279.63167048990726,678.9488214540783,280.8770104955581,678.75,341.3770790398121,299.80117854592163,340.1317390341612
300.0,378.58020067214966,658.8809488047775,379.3809189943031,658.75,438.0720092356205,299.86905119522254,437.271290913467
168.0,362.55628967285156,260.6103159666713,373.3436140483846,257.625,398.9728660583496,165.01468403332873,388.18554168281656
138.0,481.36088705062866,292.8570078012739,500.1414520819355,287.625,543.2824902534485,132.76799219872618,524.5019252221417
108.0,524.1666855812073,254.28603947151444,546.683854073248,251.625,563.9716815948486,105.33896052848556,541.454513102808
155.08581695191853,51.24145191932963,227.625,49.467233061790466,228.53918304808147,86.84373325084402,156.0,88.61795210838318
275.9647858040226,531.4595129580542,473.625,531.1709826886654,473.6602141959774,555.294779246922,276.0,555.5833095163107
275.96920316277385,48.46584896531009,347.625,48.40589055418968,347.65579683722615,85.21093375448085,276.0,85.27089216560125
156.0,7.302233934402466,223.6235606570906,10.964395297029776,221.625,47.868773460388184,154.00143934290946,44.20661209776088
276.0,8.362155675888062,348.6589020674629,10.440061958495427,347.625,46.59289026260376,274.96609793253714,44.514983979996394
24.0,49.10087375342846,101.98521009523738,49.822698443930456,101.625,88.73943310976028,23.63978990476264,88.0176084192583
23.409478490049626,8.258436128940536,95.625,7.153612732887268,96.21552150995038,45.752377889607004,24.0,46.85720128566027
