112.49505033789073,373.46932233542157,152.012,371.2449100494385,152.7329496621093,384.05266681557947,113.21600000000001,386.27707910156255
163.40569459740033,349.9479071683343,319.884,343.0116297836304,320.4463054025997,355.69690628534005,163.96800000000002,362.633183670044
304.10456861863076,363.2249541020621,378.444,360.9928992919922,378.8514313813693,374.5625558619272,304.512,376.7946106719971
108.77825151424295,314.88046637021165,370.636,304.1073765640259,371.1697484857571,317.0810154413118,109.31200000000001,327.85410524749756
140.01326171573686,295.5440173137125,335.5,287.3549471969605,336.0307382842632,300.0245537083212,140.544,308.2136238250733
108.80227761568685,333.40175597909695,366.732,322.81273113250734,367.24172238431316,335.2286575264573,109.31200000000001,345.8176823730469
14.235505439453943,60.08825196642644,128.58800000000002,32.672827148437506,133.87249456054607,54.71498551373714,19.520000000000003,82.13041033172608
124.59301776434611,177.4434027505812,339.40400000000005,169.51536714172366,339.7389822356539,178.59174704495106,124.92800000000001,186.51978265380862
112.37590976725589,129.15244742197902,347.21200000000005,124.42888594818116,348.05209023274415,166.1947244568357,113.21600000000001,170.91828593063357
30.69589231500582,83.45358670326041,233.996,30.684976989746097,242.3401076849942,62.832081112901705,39.040000000000006,115.60069082641603
