32.0,89.52861013561487,137.40457535005982,89.56458149530889,137.4,102.97143723368644,31.9954246499402,102.93546587399244
194.64002796979676,284.6337062491077,275.0,280.78906669616697,275.55997203020326,292.4935024606091,195.2,296.3381420135498
28.190490230168365,42.95647862414858,143.8,41.122924613952634,144.40950976983163,79.55382182140806,28.8,81.387375831604
15.358942960598759,367.87105781522445,118.2,365.12904796600344,118.84105703940125,389.17235458406753,16.0,391.9143644332886
278.3166295781451,367.72800168436277,383.8,367.3687966346741,383.88337042185486,391.85117264348753,278.4,392.21037769317627
146.93220215221336,367.0829335646376,255.8,365.90947341918945,256.06779784778666,390.7544262452379,147.2,391.927886390686
204.2164604427032,186.20316665462343,303.8,183.90943984985353,304.3835395572968,209.24416343876038,204.8,211.53789024353028
60.481633510505034,16.631971213625935,102.2,16.01327199935913,102.51836648949495,37.48045602102373,60.8,38.099155235290525
156.79253325431688,305.39813801419166,303.8,305.27625465393066,303.80746674568314,314.2821383558569,156.8,314.4040217161179
217.20520522536464,217.2477596136036,303.8,216.05150337219237,304.1947947746354,244.62997285404776,217.6,245.82622909545898
