42.666666666666664,90.68068172037601,361.4142216365694,91.05843446438517,361.3333333333333,159.3119396766027,42.58577836343061,158.93418693259352
64.0,2.498759905497233,318.7482273962434,2.8170038118659786,318.6666666666667,68.10482509930928,63.91843927042325,67.78658119294055
-0.049306735453206386,181.46846718467324,404.0,181.18103224039078,404.04930673545323,250.491854301323,0.0,250.77928924560547
125.85408023377418,405.24461341167734,190.66666666666666,393.23454030354816,214.1459197662258,519.9407732460376,149.33333333333334,531.9508463541666
556.8,751.1161547903903,793.2001134343143,751.1168072983029,793.2,792.213450364396,556.7998865656857,792.2127978564833
584.2450493471822,429.0233216014364,690.8,400.88561935424804,695.3549506528178,418.1348082813761,588.8,446.27251052856445
449.94508472279614,464.4634339066327,569.2,433.74696350097656,573.6549152772038,451.0429137496173,454.4,481.75938415527344
445.3587692354232,408.0952134668769,697.2,343.37919921875,706.2412307645768,378.5629896581231,454.4,443.27900390625
505.04655441751095,526.8434573244017,543.6,515.7253784179687,556.953445582489,562.030260937317,518.4,573.14833984375
467.99413777487246,494.1192072385021,665.2,446.7526138305664,670.8058622251276,470.09203543727915,473.6,517.4586288452149
