42.1213857734818,578.5042851549887,340.0,576.4043443997701,340.54528089318484,653.7529631274439,42.666666666666664,655.8529038826624
618.6666666666666,714.0072321891785,788.3506207683766,714.7004521618852,788.0,800.5241743723551,618.31604589829,799.8309543996484
42.666666666666664,646.1890414555868,342.0665299981697,652.1902406928725,340.0,755.2894337972006,40.60013666849694,749.2882345599147
57.6,546.0370890974998,338.89351524596447,546.9284483188746,338.8,576.4398188591003,57.50648475403553,575.5484596377256
632.9338579977273,348.89835111820037,678.0,347.78271026611327,678.6661420022727,374.69141481197545,633.6,375.8070556640625
37.4660740576906,60.26478394504734,204.4,57.05456809997558,205.3339259423094,105.6195031738644,38.4,108.82971901893616
671.9250204019844,665.2072835917768,748.4,665.0631307601928,748.4749795980156,704.8407970432941,672.0,704.9849498748779
601.6,324.88870429992676,620.4222224920238,324.93788804018794,620.4,333.44225730895994,601.5777775079762,333.39307356869875
477.79749605770786,307.28983926479316,524.4,303.4874969482422,526.6025039422922,330.48196249301935,480.0,334.2843048095703
672.0,98.38170928955078,708.3026977542639,106.82847794805359,703.6,127.03983001708984,667.2973022457361,118.59306135858704
367.22997585727205,129.8548423341353,454.0,118.9310806274414,457.97002414272794,150.46592182602095,371.2,161.38968353271486
49.4824710414548,40.84800736383808,95.6,38.14299697875977,97.3175289585452,67.4250255875169,51.2,70.13003597259521
44.8,-0.6746543154120446,754.8110215096883,-0.32534424234361436,754.8,22.07708258628845,44.78897849031163,21.727772513220025
608.0,191.67897338867186,650.4851913127545,196.88079439764442,646.0,233.51300659179688,603.5148086872455,228.31118558282432
