10.684659754389976,326.5510926223572,292.5,318.79638274510705,295.1486735789434,415.0523172242666,13.333333333333334,422.8070271015167
24.0,214.87505197525024,80.64864049232058,218.3750519373469,79.75,232.91984128952026,23.10135950767942,229.4198413274236
27.82267431295266,185.62809538492678,51.75,185.33198726177216,51.927325687047336,199.66097432723524,28.0,199.95708245038986
27.801213336263203,170.1724663452524,67.75,169.3975384235382,67.9487866637368,179.64531218248428,28.0,180.42024010419846
179.96531170195342,252.64291116841787,315.75,252.25687718391418,315.7846882980466,264.45823749653346,180.0,264.84427148103714
64.0,187.51906815171242,79.79918750790507,187.58122970742568,79.75,200.0828901231289,63.950812492094926,200.02072856741563
391.5579297947032,108.3553167959091,407.75,107.75783348083496,408.1920702052968,119.73813756505281,392.0,120.33562088012695
196.0,267.66437208652496,295.75667425501905,267.79183182547723,295.75,273.01545372605324,195.99332574498092,272.88799398710097
207.98623652192066,155.19941809838065,287.75,155.04120832681656,287.76376347807934,161.98026651079408,208.0,162.13847628235817
27.777403494752658,98.10276952363688,131.75,96.77667379379272,131.97259650524734,114.2293629946546,28.0,115.55545872449875
31.64194466548881,145.81187459757243,63.75,144.71735906600952,64.10805533451119,155.22105696866598,32.0,156.31557250022888
123.4912995504787,201.9148287241335,319.75,199.40367126464844,320.2587004495213,239.16099064899728,124.0,241.67214810848236
24.0,199.72702646255493,44.1686640396238,200.3936885791906,43.75,213.05961656570435,23.5813359603762,212.39295444906867
60.0,200.9344024658203,75.95560198363764,201.19426896159797,75.75,213.8180718421936,59.79439801636237,213.55820534641595
208.0,101.86047077178955,289.29123850419757,106.84036006684639,287.75,131.99939060211182,206.45876149580243,127.01950130705498
391.9142820886451,120.51926381760026,407.75,120.37786269187927,407.8357179113549,129.97753636664962,392.0,130.1189374923706
19.97620903677679,0.054394953078884214,483.75,-0.6793566942214966,483.77379096322323,14.3579181729487,20.0,15.09166982024908
27.914616094158546,157.31925323324447,63.75,156.9572868347168,63.835383905841454,165.4104611007666,28.0,165.77242749929428
