136.39362060976313,6.556903475869859,661.5550000000001,5.990252415537834,661.6147127235702,61.330864076801475,136.45333333333335,61.8975151371335
672.4700334942839,79.45552567386184,718.9385,79.28655273365973,718.988466505716,93.02761029291595,672.52,93.19658323311805
467.5390606448973,457.7802310428098,561.0425,455.483350774765,561.3434393551026,467.7342569847628,467.84,470.0311372528076
467.84,113.81491170692443,561.8026587194383,119.86529057568114,561.0425,131.6705900249481,467.07984128056165,125.6202111561914
216.37599999999998,363.3390966608524,327.4862437370647,364.6381894021016,327.1225,395.74886687707897,216.0122562629353,394.4497741358298
467.8075334771212,495.68692643976243,525.9544999999999,495.4305023300647,525.9869665228787,502.79264086365663,467.84,503.0490649733543
339.1510772299052,734.8729645861409,438.23449999999997,734.4916840581893,438.26742277009475,743.0473288103319,339.18399999999997,743.4286093382835
461.99199999999996,139.35302025318146,485.1633606278254,139.80447187408706,485.01849999999996,147.23963810825347,461.8471393721745,146.78818648734784
58.04406918934407,541.5508702742334,104.8985,541.13695292449,105.33443081065593,590.4832536262396,58.48,590.8971709759832
56.12465937310264,205.983310550989,104.8985,203.66423078012465,107.25384062689736,253.20069338983168,58.48,255.51977316069602
350.6183194533305,362.1550902801246,397.2985,361.2457677526474,397.56018054666947,374.67916986792375,350.88,375.588492395401
339.15655462678035,385.60830549194304,438.23449999999997,385.25532386922833,438.26194537321965,392.9589294215252,339.18399999999997,393.31191104424
467.7735340544987,483.80350271022917,490.8665,483.6003610038757,490.9329659455012,491.1561497365176,467.84,491.35929144287104
339.1325331647858,723.8890150046509,403.14649999999995,723.5842920596599,403.1979668352142,734.3960682539779,339.18399999999997,734.7007911989689
16.64483576681416,58.124083275313154,87.35449999999999,56.51297521591186,88.25366423318583,95.976250598376,17.544,97.5873586577773
461.99199999999996,151.17935783147811,502.628761855943,151.5122123790068,502.56249999999994,159.60183374691007,461.92573814405694,159.2689791993814
16.803914671133874,15.594826480428734,87.35449999999999,14.27120877957344,88.09458532886613,53.71874193893834,17.544,55.04235963979363
210.528,712.3638466424942,327.63299610486973,714.1746220508006,327.1225,747.1890114102363,210.01750389513026,745.3782360019297
63.280515614280404,481.1312931834597,104.8985,480.2591676778793,105.94598438571958,530.2453090419631,64.32799999999999,531.1174345475434
631.584,460.43444357872005,679.1041469585227,461.56398507420033,678.0024999999999,507.9106005592346,630.4823530414772,506.7810590637543
55.72236467649184,375.09317297707116,104.8985,372.26689277172085,107.65613532350815,420.2486348456331,58.48,423.0749150509834
628.0886628037166,355.4494538331146,678.0024999999999,351.76040459442135,681.4978371962833,399.0532652945403,631.584,402.74231453323364
339.13489167743217,376.3708317529186,397.2985,376.106610263586,397.3476083225678,386.91692416510733,339.18399999999997,387.1811456544399
626.2562675466111,524.2700610164383,678.0024999999999,518.4293526992798,683.3302324533888,565.6308335834763,631.584,571.4715419006347
62.00045611616968,318.0591185983904,99.0505,316.099812002182,101.37804388383032,360.11313957650583,64.32799999999999,362.0724461727142
467.7529244306132,503.0308400223169,525.9544999999999,502.3407919530868,526.0415755693867,509.6851141212072,467.84,510.37516219043727
461.99199999999996,132.3179089655876,537.8793730830753,134.44146373332242,537.6505,142.62047437524794,461.7631269169246,140.49691960751312
631.584,143.69249688720703,684.1543515248696,144.03550368799307,683.8504999999999,190.6047887201309,631.2801484751303,190.26178191934483
526.2353357190791,473.4131776965522,549.3465,473.1650720682144,549.4311642809208,481.05159249177933,526.3199999999999,481.29969812011717
628.6692616586982,203.76368873106682,678.0024999999999,200.7966043281555,680.9172383413018,249.25949306596075,631.584,252.22657746887205
56.00321633368174,148.17962445661826,104.8985,145.62637704086302,107.37528366631825,193.05736206700996,58.48,195.6106094827652
478.6804229340375,162.50586710836473,525.9544999999999,157.90042751026152,526.8100770659624,166.68278482721263,479.53599999999994,171.28822442531583
629.9021301671431,294.9518834263048,678.0024999999999,293.1908142623901,679.6843698328568,339.1279998248853,631.584,340.88906898880003
339.18399999999997,709.2871079083681,403.18553171298174,709.4660939511488,403.14649999999995,723.4229890106916,339.14496828701823,723.2440029679109
