185.6154568355811,89.06661089547548,244.66666666666666,68.59203847249348,261.71787649775223,117.76984540335265,202.66666666666666,138.24441782633463
236.69363036915902,238.075367358294,308.6666666666667,211.6881103515625,327.97303629750763,264.34754523936226,256.0,290.73480224609375
102.4,278.7637293815613,143.93100064235142,279.3465780035572,143.8,288.6810562133789,102.26899935764857,288.09820759138296
102.26614918734094,195.76624270864772,137.4,195.2928237915039,137.53385081265907,205.22629774621677,102.4,205.6997166633606
95.95862536072738,93.87928274434881,153.4,93.72072224617004,153.44137463927262,108.7094248695962,96.0,108.86798536777496
307.1317515816093,55.51537112993066,390.2,55.17921733856201,390.2682484183907,72.04434490400489,307.2,72.38049869537353
302.5088384655774,218.75341419488254,332.6,213.83578796386718,337.2911615344226,242.5412025043362,307.2,247.45882873535157
102.36664148414023,181.53623917386614,153.4,181.39387545585632,153.43335851585977,193.35195805742657,102.4,193.4943217754364
102.38149693179648,210.43017861496014,166.2,210.2760048389435,166.21850306820352,217.93514211524922,102.4,218.08931589126587
102.35176388849649,154.39409475609946,185.4,153.83262729644775,185.44823611150352,160.96736664488625,102.4,161.52883410453796
57.57079699037418,34.12558496882511,137.4,34.01026802062988,137.42920300962584,54.226316228608354,57.6,54.34163317680359
57.05294772502913,13.313073912977902,137.4,11.293199920654297,137.94705227497087,33.05398197996644,57.6,35.07385597229004
102.31904375967741,241.5000134235428,185.4,240.77246894836426,185.4809562403226,250.0171571964218,102.4,250.74470167160035
102.36500221533744,219.41646817113252,175.8,219.03340501785277,175.83499778466256,225.7426439962259,102.4,226.12570714950562
102.17962765367353,167.2336224956405,156.6,166.24761390686035,156.82037234632645,178.41053548623205,102.4,179.3965440750122
171.706374618894,299.36125510228396,255.8,249.21320495605468,266.49362538110597,267.14542214380975,182.4,317.29347229003906
127.39104672876189,370.86387241235707,377.4,365.3107650756836,378.00895327123806,392.7267253125575,128.0,398.27983264923097
63.78147148977831,76.63901410070817,166.2,75.02590637207031,166.41852851022168,88.90059561761458,64.0,90.51370334625244
113.96034875821188,147.85783388511234,140.6,144.42318420410157,141.83965124178812,154.0381026993603,115.2,157.4727523803711
150.4,50.87853164672852,163.50573778906642,51.48165483229176,163.0,62.471228790283206,149.8942622109336,61.86810560471996
102.33588888779481,231.2459632540885,150.2,230.91192016601562,150.26411111220517,240.09822429168784,102.4,240.43226737976073
82.95112720744706,64.99507029834194,124.6,63.999081230163576,124.84887279255292,74.40609432873325,83.2,75.40208339691162
127.86294500056968,127.35547419969116,191.8,110.62078552246093,198.33705499943034,135.59645451124635,134.4,152.33114318847657
293.79487670117254,18.972291955034713,393.4,16.422282409667968,394.00512329882747,40.05881384940865,294.4,42.60882339477539
201.6,262.39917373657227,215.09707066037817,264.660957733961,211.0,289.1099998474121,197.50292933962183,286.8482158500234
127.97544627266716,328.5073327716488,390.2,328.2367371082306,390.2245537273328,352.0308737579685,128.0,352.30146942138674
12.025803557551843,353.0651133744938,92.6,338.49293365478513,99.77419644244816,378.161337736346,19.2,392.7335174560547
