170.55273171595132,715.3249451493216,468.0,714.6854528586069,468.1139349507153,767.6800555214294,170.66666666666666,768.3195478121439
435.27265233445934,640.4940766490845,702.6666666666666,515.1258290608724,758.060680998874,633.2739897571655,490.6666666666667,758.6422373453776
170.66666666666666,236.68884086608887,325.01077002199366,246.1474024587177,318.6666666666667,349.6700083414714,164.32256331133968,340.21144674884255
149.33333333333334,648.9048517545065,468.782889935285,653.4941567443628,468.0,707.9890842437744,148.55044339804837,703.3997792539179
168.56692685018155,66.28696013105878,318.6666666666667,61.61882464090983,320.7664064831518,129.13408866909177,170.66666666666666,133.80222415924072
217.43655902801902,457.05762076436014,402.8,455.01887435913085,402.96344097198096,469.87897705973654,217.6,471.91772346496583
620.1933325682487,464.3302322007915,684.4,461.61136627197266,685.0066674317512,475.93796237928666,620.8,478.65682830810545
210.85532060762975,436.4759949176787,383.6,432.563410949707,383.94467939237023,447.78136706657426,211.2,451.6939510345459
594.5720753161224,484.5705706608545,678.0,480.10199813842775,678.6279246838775,491.8253064143408,595.2,496.29387893676756
12.579670312395754,586.9909334772648,498.8,584.7614881515503,499.0203296876042,632.8132488793312,12.8,635.0426942050457
550.4,490.90701751708986,672.2776199298803,496.8572538028,671.6,510.73682098388673,549.7223800701197,504.78658469817657
624.8887891470595,400.9674577429151,690.8,396.88182220458987,693.1112108529405,434.16725905395987,627.2,438.25289459228514
204.60475043536138,413.3062693320405,345.2,411.55329513549805,345.3952495646387,427.2130585945953,204.8,428.9660327911377
524.8,496.6953720092773,647.9671078800399,512.4500547801442,646.0,527.8285293579102,522.8328921199602,512.0738465870432
134.14814999888642,132.97615680837433,338.8,130.83651809692384,339.0518500011136,154.92543010568818,134.4,157.06506881713867
159.79096915241445,347.4014396519944,332.4,345.45269241333006,332.60903084758553,363.9674650339797,160.0,365.91621227264403
593.6187663566197,444.71395620515915,703.6,435.6565872192383,705.1812336433802,454.85708871671585,595.2,463.9144577026367
548.7629167456558,146.98405714675008,678.0,141.64767456054688,679.6370832543441,181.29473161057416,550.4,186.63111419677733
