468.6416434523331,378.02120586197884,745.3333333333334,375.2582066853841,746.0250232143336,444.5252711379398,469.3333333333333,447.2882703145345
469.15315237866804,294.44457414491313,766.6666666666666,293.46624660491943,766.846847621332,348.2600317523545,469.3333333333333,349.2383592923482
533.3333333333334,582.5662841796875,732.6827996960382,600.7121010669774,724.0,696.1011098225912,524.6505336372952,677.9552929353011
447.50601020797575,215.89490343354694,788.0,213.11022885640463,788.4939897920243,273.51245918648885,448.0,276.29713376363117
511.9405715776149,464.967091758311,745.3333333333334,464.724582751592,745.3927617557184,521.9190095273055,512.0,522.1615185340246
434.5256389799843,85.15392052735592,788.0,2.080144246419271,801.4743610200157,59.412811243477414,448.0,142.48658752441406
115.2,656.214741230011,153.30559617835019,656.4828289966712,153.2,671.4921126365662,115.09440382164982,671.224024869906
147.2,642.1455248117447,300.4060549614488,642.2118591656632,300.4,656.1964192271232,147.19394503855122,656.1300848732047
556.5669076126875,136.29951917560192,710.0,111.52896423339844,716.6330923873126,152.61548326580436,563.2,177.38603820800782
51.2,683.8694332659245,396.43878269201974,684.3798230840516,396.4,710.6132801532746,51.16121730798029,710.1028903351473
120.20970561872926,180.3732763320038,198.0,177.33953704833985,199.39029438127073,212.9890768021515,121.6,216.02281608581544
166.3713020586975,657.4023653541448,332.4,657.0602683067322,332.4286979413025,670.9881342853663,166.4,671.3302313327789
57.534237408968536,215.94466303230837,402.8,215.43860259056092,402.8657625910315,260.3059134280531,57.6,260.81197386980057
716.8,701.9251487731933,752.0585715931481,707.3317394860763,748.4,731.1907691955566,713.1414284068518,725.7841784826736
267.695702564246,181.29896572619552,326.0,179.4482223510742,327.104297435754,214.23710071057204,268.8,216.08784408569335
543.7400809148397,699.3623491124565,690.8,698.3543140411377,691.0599190851602,736.2733118219917,544.0,737.2813468933106
