21.333333333333332,720.9588384181261,788.0806280525229,721.9486099588311,788.0,784.40882285436,21.252705280810492,783.419051313655
357.3887548934917,46.85631811720351,532.0,36.238512674967446,537.277911773175,123.03448490200223,362.6666666666667,133.65229034423828
433.81174198073506,264.1306756985573,473.2,260.4957336425781,474.58825801926497,275.5389074313255,435.2,279.17384948730466
632.1713927711028,521.2345693907246,799.6,511.66010665893555,801.0286072288973,536.6421579041973,633.6,546.2166206359864
364.8,169.9643585205078,487.67877663451037,175.19234947871973,486.0,214.65034027099608,363.1212233654897,209.42234931278418
396.8,211.4746452331543,474.91947543012327,217.88687137608213,473.2,238.83505935668944,395.08052456987673,232.42283321376163
638.3177547604843,556.5817324678732,793.2,548.9826889038086,794.8822452395158,583.2698880155252,640.0,590.8689315795898
670.1114396863616,633.679682844441,799.6,625.9367614746094,801.4885603136383,657.5200547043871,672.0,665.2629760742187
428.8,241.3713035583496,480.03528827418086,242.58297563367688,479.6,260.9890449523926,428.3647117258191,259.7773728770653
358.4,133.67774658203126,494.0569901506818,141.8723051284613,492.4,169.30298309326173,356.7430098493181,161.10842454683166
652.0096560037503,594.9377433191321,799.6,591.2239166259766,800.3903439962498,622.6327980627038,652.8,626.3466247558594
441.6,-1.9376796722412108,518.4057595250205,0.9529499057979667,518.0,11.734223556518554,441.1942404749795,8.843593978479378
352.0,0.47434844970703127,527.4078161595377,17.674780969450932,524.4,48.348106384277344,348.99218384046236,31.14767386453344
651.6239453970104,676.4629494337707,799.6,669.3317680358887,800.7760546029897,693.7355674119324,652.8,700.8667488098145
612.9493953952617,478.1371435443524,799.6,469.1248413085938,801.0506046047383,499.1678003033038,614.4,508.1801025390625
211.2,314.00888023376467,300.99855678858427,315.3490552265982,300.4,355.45541152954104,210.60144321141576,354.11523653670747
