163.99471198955382,301.05378671435284,335.75,300.98636738955975,335.7552880104462,314.4579315141065,164.0,314.5253508388996
175.96515535050148,349.400404208859,323.75,348.9919078350067,323.7848446494985,361.5979220927157,176.0,362.006418466568
320.0,106.71673567593098,459.7674235286943,106.82191139287069,459.75,129.97594147920609,319.9825764713057,129.8707657622664
139.99084875763407,330.4843678105086,363.75,330.26338067650795,363.75915124236593,339.5294143479854,140.0,339.75040148198605
204.0,251.16799592971802,292.18182912157107,252.44823878319986,291.75,282.19219064712524,203.56817087842893,280.9119477936434
298.19303192545595,409.3976819749336,359.75,405.09188652038574,361.55696807454405,430.92485449357224,300.0,435.2306499481201
19.932322855934316,452.3816394262752,479.75,451.52164793014526,479.81767714406567,487.7070605999985,20.0,488.56705209612846
144.0,317.38886243104935,363.7625904756809,317.6437516210312,363.75,328.49911803007126,143.9874095243191,328.2442288400894
164.0,216.84496212005615,336.91883598951114,224.36310583689527,335.75,251.24657154083252,162.83116401048886,243.7284278239934
308.0,148.12707233428955,480.20369524916197,151.42710662057652,479.75,175.10201168060303,307.54630475083803,171.80197739431605
163.98977426424125,284.91546784666997,335.75,284.78513580560684,335.76022573575875,298.26129000308293,164.0,298.39162204414606
310.0982511446455,388.7908927734577,347.75,385.3953504562378,349.6517488553545,406.48304826658136,312.0,409.87859058380127
136.0,418.5880284309387,248.86726628577046,430.88373601198236,247.75,441.1395745277405,134.88273371422954,428.84386694669683
