63.86176376854949,656.4748923269309,489.3333333333333,655.5216657320658,489.4715695647838,717.2232450656694,64.0,718.1764716605345
101.27423238299643,301.3685783969709,190.66666666666666,286.80186462402344,217.39243428367024,450.81150074528165,128.0,465.3782145182292
607.8717501252746,363.36536992082085,633.2,362.9842155456543,633.3282498747254,371.50660197248965,608.0,371.88775634765625
19.16448692663951,109.1768637161302,121.2,109.0328351855278,121.2355130733605,134.19170229327207,19.2,134.33573082387448
300.7592219471073,289.18983078776773,402.8,288.8824401855469,402.8407780528927,302.41904219807213,300.8,302.72643280029297
268.5566722298264,234.68522471708562,294.0,234.08696517944335,294.24332777017355,244.43543072419857,268.8,245.03369026184083
281.6,344.356455039978,351.66198987761584,344.8211953831314,351.6,354.1664873123169,281.53801012238415,353.70174696916354
582.4,700.0299842834472,768.2796570704684,702.9688749856475,767.6,745.9559867858886,581.7203429295316,743.0170960836883
371.2,427.8408771514893,409.20244836404294,427.8533443853733,409.2,435.3164134979248,371.19755163595704,435.30394626404075
531.088099033999,363.5288291514736,562.8,363.1050666809082,562.911900966001,371.47907947889746,531.2,371.90284194946287
377.6,381.2459056854248,409.3005387440361,381.554743445477,409.2,391.8745059967041,377.4994612559639,391.5656682366519
281.6,401.4710528373718,390.0439133540837,402.01665808681895,390.0,410.74482917785645,281.55608664591625,410.19922392840925
281.6,428.1510838985443,364.4131047580928,428.2931586978337,364.4,435.93171043395995,281.5868952419072,435.7896356346706
294.4,251.4692819595337,409.35004523782084,252.00454389664492,409.2,284.22747192382815,294.24995476217913,283.6922099867169
460.7724984873589,428.0776008987203,486.0,427.98046112060547,486.0275015126411,435.1226892090068,460.8,435.21982898712156
281.6,362.8520071029663,390.0435947350546,363.4013694510875,390.0,372.0069278717041,281.5564052649454,371.45756552358296
313.54949903483987,208.71321585157094,415.6,208.17202434539794,415.6505009651602,217.69480645677868,313.6,218.23599796295167
607.8539423999913,381.3643749959535,626.8,381.0984447479248,626.9460576000087,391.5042399637633,608.0,391.770170211792
281.56700996382335,370.66114147814665,306.8,370.56486597061155,306.8329900361766,379.2112733015164,281.6,379.3075488090515
460.73833797010445,381.80613047822175,479.6,381.68586349487305,479.6616620298955,391.3564175869638,460.8,391.4766845703125
678.4,420.5287399291992,703.6503231637756,420.6887508276347,703.6,428.629935836792,678.3496768362244,428.4699249383565
678.4,380.9455841064453,703.754888229047,381.3144696386502,703.6,391.9605194091797,678.245111770953,391.59163387697475
537.5273249885001,420.81473894892906,556.4,420.6390747070312,556.4726750114999,428.4469920081022,537.6,428.62265625
313.6,229.7302562713623,351.73401187690104,230.23057637287457,351.6,240.44485816955566,313.46598812309895,239.9445380680434
364.6234733531602,230.27180564590444,409.2,229.49971199035645,409.3765266468398,239.69140922836314,364.8,240.46350288391113
460.58315931190435,420.94519624067226,479.6,420.4143955230713,479.8168406880956,428.1830828730973,460.8,428.71388359069823
684.7743641657298,208.86679390597456,703.6,208.81210746765137,703.6256358342702,217.6371634609688,684.8,217.69184989929198
588.75916434405,625.6846568691988,754.8,625.5314435482026,754.8408356559501,669.7859926593047,588.8,669.9392059803009
537.4214861328591,209.19638285570645,556.4,208.803120803833,556.5785138671409,217.4180580622623,537.6,217.81132011413575
300.8,325.3732421875,319.6049307247439,325.38364377958334,319.6,334.29785003662107,300.7950692752561,334.28744844453774
281.5957475064944,420.1857868342743,409.2,420.11952352523804,409.20425249350563,428.3086143345489,281.6,428.3748776435852
275.128413225487,381.9289017417673,294.0,381.7906101226807,294.071586774513,391.55950310442415,275.2,391.69779472351075
607.841660398628,421.02847150162086,626.8,420.64401664733884,626.958339601372,428.4521010081447,608.0,428.83655586242674
281.6,408.8385796546936,390.0365764014549,409.2693340819777,390.0,418.47694635391235,281.5634235985451,418.04619192662824
607.9716745634863,208.85514575041037,633.2,208.77316989898682,633.2283254365136,217.49041184388892,608.0,217.5723876953125
313.57334711845533,220.3655014958058,390.0,220.17463302612305,390.0266528815447,230.84685421327012,313.6,231.03772268295288
460.71257342212755,208.95211982666711,486.0,208.7005516052246,486.0874265778724,217.48859787047644,460.8,217.74016609191895
371.1880904851117,354.3425013593577,390.0,354.32215690612793,390.0119095148883,365.33453034840596,371.2,365.35487480163573
467.2,469.6136402130127,518.1588360949327,470.0660145963786,518.0,487.95850105285643,467.0411639050673,487.5061266694905
678.4,229.48247680664062,703.6313766102412,229.5616424837567,703.6,239.56187362670897,678.3686233897588,239.4827079495929
12.681074886236605,724.6943359161183,543.6,723.3758967399597,543.7189251137634,771.2655489211514,12.8,772.5839880973101
531.2,229.42406616210937,556.4989436795499,229.6744074245634,556.4,239.6734405517578,531.1010563204501,239.42309928930376
454.4,229.26105728149415,486.1105712298234,229.5997263572775,486.0,239.95283241271972,454.28942877017664,239.61416333693637
601.6,229.19175300598144,633.307017560254,229.52179648875781,633.2,239.802889251709,601.4929824397459,239.47284576893261
