545.6318894352106,522.4635672801892,724.0,508.1183776855469,733.0347772314561,620.4568123584827,554.6666666666666,634.802001953125
305.9355320169032,208.432938179331,383.6,201.18690338134766,384.8644679830968,214.73972722594243,307.2,221.9857620239258
478.8467964251433,735.6891224994837,780.4,656.4589370727539,787.9532035748567,685.2067271098913,486.4,764.4369125366211
185.69036179362652,316.66397139618914,236.4,270.43441543579104,249.1096382063735,284.37573807646714,198.4,330.60529403686525
236.65809815441224,539.2414906290899,281.2,538.8394987106324,281.34190184558776,554.56264583789,236.8,554.9646377563477
355.84652217718974,217.80272265605382,434.8,207.6231201171875,437.35347782281025,227.42801464863368,358.4,237.6076171875
697.6,453.2761873245239,774.1532800783478,453.5852157727313,774.0,491.55613021850587,697.4467199216522,491.24710177029846
339.2,434.3914542913437,486.03204374326504,434.5643486635887,486.0,461.7777752876282,339.1679562567349,461.6048809153832
410.2727254919695,754.4381177435272,466.8,741.4145446777344,472.5272745080305,766.2731005181915,416.0,779.2966735839843
710.4,574.9657836914063,775.0839125976911,576.4145030313152,774.0,624.8101486206054,709.316087402309,623.3614292806965
217.5510995285928,118.507375711846,249.2,118.371342086792,249.2489004714072,129.74828033978974,217.6,129.88431396484376
389.9953952599861,642.1871561883216,409.2,641.5591735839844,409.60460474001394,653.9325642706627,390.4,654.560546875
383.75334861180545,609.6247471214996,473.2,608.9829162597656,473.44665138819454,643.3566774009003,384.0,643.9985082626342
403.1342638332843,584.3677344473209,454.0,584.1098127365112,454.0657361667157,597.0738959161434,403.2,597.3318176269531
384.0,653.8869987487793,466.9360070465738,654.6164466208323,466.8,670.0800346374511,383.8639929534262,669.3505867653981
441.41307818947746,113.1244150969612,473.2,112.59528350830078,473.38692181052255,123.8243786957634,441.6,124.35351028442383
236.68249796329897,384.56428346826704,383.6,384.19582414627075,383.71750203670103,431.0479586581978,236.8,431.41641798019407
569.9849817152486,107.36469640606052,767.6,53.32569274902344,780.0150182847514,98.72612390643948,582.4,152.76512756347657
435.1072889163631,642.2487132240458,466.8,641.9975837707519,466.8927110836369,653.697786791213,435.2,653.9489162445068
542.3920028090852,190.12749449513723,761.2,131.54326324462892,769.2079971909149,161.4525714228315,550.4,220.03680267333985
