474.8951095235502,219.5815620360085,610.4583333333334,218.01916888157527,611.1898904764498,281.49374596900657,475.62666666666667,283.0561391234398
475.62666666666667,156.76307345390322,593.6749060006827,157.15671997820476,593.4716666666667,218.10491604467234,475.4234273326506,217.7112695203708
472.7941466671333,280.75628216583675,559.4983333333333,277.048986641566,562.3308533328668,343.29440494379264,475.62666666666667,347.00170046806335
474.37125885789226,91.78388526776158,542.5116666666667,90.46124817212423,543.7670744754411,155.13809742908953,475.62666666666667,156.4607345247269
479.024,409.7997747170329,560.2542273872136,409.9054909519291,560.2415,419.68495915210246,479.01127261278634,419.5792429172062
479.024,421.44743538475035,560.2917213958802,421.8516195923952,560.2415,431.9494371995926,478.97377860411973,431.54525299194773
479.024,457.08833186912534,545.0083449178735,457.6112809935085,544.9535,464.5314684634208,478.96915508212646,464.0085193390377
570.752,535.6229118652343,626.5293897334403,535.8160138664498,626.4895,547.3381378965378,570.7121102665596,547.1450358953223
580.8928344530786,616.3222091495986,616.2975,616.0005780639648,616.3486655469213,621.6328044164185,580.944,621.9544355020523
570.7347456748067,560.0856646708093,626.4895,559.9385468978882,626.5067543251932,566.4775981837669,570.752,566.6247159566879
570.7241064638597,553.627830629506,636.6815,553.3672400240898,636.7093935361403,560.4272986067152,570.752,560.6878892121315
473.8228065818517,346.7299124124591,601.0095,346.27890138983724,601.1146934181482,375.94381500071836,473.928,376.3948260233402
479.0205577060055,565.4714412009719,560.2415,565.4311929431856,560.2449422939944,572.377738638818,479.024,572.4179868966042
570.7494532082039,580.5479255536364,641.7774999999999,580.5212497255205,641.780046791796,587.3024317781759,570.752,587.3291076062917
478.9970337952318,595.8804846620761,560.2415,595.5479837253093,560.2684662047682,602.1370024909771,479.024,602.4695034277439
509.59328752220875,492.54354667383234,550.0495,492.50438038599486,550.0562124777912,499.4379307112713,509.59999999999997,499.47709699910877
478.9669146140794,574.938805786703,514.3774999999999,574.5992032637596,514.4345853859205,580.5515351690312,479.024,580.8911376919746
524.7407648736927,550.1620633105913,555.1455,549.5239280409812,555.2927351263072,556.5391256485303,524.888,557.1772609181404
479.024,559.0460445401072,560.2448829986464,559.0882866355092,560.2415,565.5929387990832,479.0206170013535,565.5506967036812
479.024,433.10073686790463,534.9815491133801,434.2488087810778,534.7615,444.9741030139923,478.8039508866198,443.82603110081914
570.7354041364187,574.6150285054947,641.7774999999999,574.4292590003014,641.7940958635813,580.775860022137,570.752,580.9616295273304
570.7390785463018,601.1112544813991,646.8734999999999,600.9615566188097,646.8864214536982,607.5332429784893,570.752,607.6829408410787
509.58396807256304,477.08212135299834,560.2415,476.9671217780113,560.257531927437,484.02921636477316,509.59999999999997,484.14421593976016
479.00654084126353,543.8352838286116,560.2415,543.6288618667126,560.2589591587364,550.4997104617402,479.024,550.7061324236392
479.024,376.69537589287756,596.0162658863698,377.09660389643483,595.9135,407.0616457071304,478.92123411363025,406.66041770357316
478.93980218962605,448.0006580920609,514.3774999999999,447.61898469400404,514.461697810374,455.43660199590596,479.024,455.81827539396284
479.024,528.9178789532482,560.2431867228648,528.9389180025433,560.2415,535.4503462231457,479.0223132771351,535.4293071738506
570.7271896309192,595.1002231512759,646.8734999999999,594.806421998024,646.8983103690808,601.2366828853393,570.752,601.5304840385913
484.1154714262866,580.4636371967368,560.2415,580.4129876594543,560.2460285737134,587.2194137474125,484.12,587.2700632846951
570.7429357060599,609.5982154111238,641.7774999999999,609.5074571210146,641.78656429394,616.6018852981953,570.752,616.6926435883045
504.50399999999996,513.9226556586027,560.2522744320397,514.0189493699324,560.2415,520.2566982935667,504.4932255679602,520.1604045822369
29.068403762967904,64.13556319319433,71.0255,62.80736767721176,72.53309623703208,110.43165163434318,30.575999999999997,111.75984715032577
25.923513125562806,24.378639603171873,71.0255,19.913313292503357,75.67798687443718,66.90571370073742,30.575999999999997,71.37104001140594
484.094038120393,550.049648250084,509.2815,549.9547380063534,509.30746187960693,556.84455123641,484.12,556.9394614801406
478.9724079951427,589.4112541530918,544.9535,588.9218151402473,545.0050920048573,595.8769142023731,479.024,596.3663532152176
504.50399999999996,482.7247934875488,560.5297085426959,484.8901144819694,560.2415,492.34724802207944,504.215791457304,490.18192702765884
188.52911043365646,-0.30828990410765617,330.9215,-0.48793028849363324,330.9443895663435,17.65554039563736,188.552,17.835180780023336
