168.53333333333333,304.18231977290577,378.3635022374914,304.3015065074352,378.3222222222222,376.9756393334932,168.49205331806417,376.8564525989637
28.08888888888889,212.05870286244897,448.58483355071894,212.30441238338773,448.5444444444444,281.4244665516747,28.04849978261437,281.178757030736
695.1999999999999,309.71716037163367,753.8453698971067,312.29988494406274,753.2346153846154,326.16815594893234,694.5892454875086,323.58543137650327
77.78461538461538,152.70988432295047,364.33396214279014,153.0172926912046,364.3115384615384,173.91942769518263,77.76219170336364,173.6120193269285
602.7371488637857,230.78240802561888,636.5576923076923,230.38417549866895,636.6513126746758,238.335037054478,602.8307692307692,238.73326958142792
612.4104852011351,213.6794309954047,660.8653846153845,213.10412920438324,661.0087455680957,225.17873187720318,612.5538461538462,225.75403366822462
601.8747688993502,179.2667424171486,670.5884615384615,177.09815945258507,671.5444618698805,207.38997397360782,602.8307692307692,209.55855693817136
724.3676247303137,61.04863668872417,753.2346153846154,61.04570438093864,753.2362214235324,76.85629242357494,724.3692307692307,76.85922473136048
615.2140072823031,257.63291977837525,636.5576923076923,250.15378396327677,638.7590696407738,256.4359943122948,617.4153846153846,263.91513012739324
602.8307692307692,341.9285643467536,675.531743740113,342.6039297753107,675.4499999999999,351.4033875428713,602.7490254906561,350.72802211431423
724.3692307692307,76.28705667899204,753.2722734822261,76.35930447876164,753.2346153846154,91.42458822727203,724.3315726716199,91.35234042750244
602.8307692307692,377.24465917440557,680.4383457680805,378.75866978892685,680.3115384615384,385.25876143528865,602.7039619242271,383.74475082076736
61.61143996783046,328.5007737748355,199.01923076923075,324.0540662178626,200.60779080140028,373.14218855987065,63.199999999999996,377.58889611684356
627.1384615384615,367.68354079723355,651.1582585831708,367.7414131735315,651.1423076923077,374.36179384084846,627.1225106475983,374.3039214645505
597.9692307692308,52.24034292514507,685.0102132696236,62.1301437888521,680.3115384615384,103.48358228390033,593.2705559611455,93.59378142019331
597.5719400983559,154.18737224769703,626.8346153846153,153.2948221573463,627.2319060554902,166.3201840073501,597.9692307692308,167.21273409770083
