640.0,107.87159283955891,746.4097737091965,109.57509649995747,745.3333333333334,176.8152084350586,638.9235596241367,175.11170477466007
21.319269183624854,729.2766216472672,596.0,729.1525456209978,596.0140641497085,794.2932184471179,21.333333333333332,794.4172944733873
639.2492595655617,31.871246203920013,745.3333333333334,30.689690907796223,746.0840737677717,98.0937336036158,640.0,99.27528889973958
660.5552297420339,687.7171039874611,788.0,686.296812693278,788.7781035912994,756.1171614035708,661.3333333333334,757.5374526977539
313.6,692.4137901306152,383.6934542631043,692.8185822660108,383.6,709.0010412216186,313.5065457368957,708.5962490862231
403.0078288900736,694.6387250808218,434.8,694.1347686767579,434.9921711099264,706.2579141708873,403.2,706.7618705749512
313.5225580542757,585.3718049830155,422.0,584.6766439437866,422.07744194572433,596.7611879521652,313.6,597.4563489913941
339.0941883835266,513.8442739808464,441.2,513.0596172332764,441.3058116164733,526.8286710417366,339.2,527.6133277893066
313.4395170002408,567.4611378847025,383.6,566.6842636108398,383.7604829997592,581.1776831449606,313.6,581.9545574188232
672.0,763.18935546875,787.2965928459165,764.7818544594465,786.8,800.7350723266602,671.5034071540834,799.1425733359636
313.6,547.463680267334,384.0414220032668,549.278721695842,383.6,566.4102279663086,313.15857799673324,564.5951865378005
320.0,479.04266052246095,402.98315924579634,479.81130652985865,402.8,499.5852111816406,319.81684075420367,498.8165651742429
514.7604959606416,487.673649756173,614.0,453.3439605712891,630.4395040393584,500.8669142086707,531.2,535.1966033935547
318.7266304291547,463.6105698636881,402.8,456.89056091308595,404.07336957084533,472.8215620943197,320.0,479.54157104492185
444.2511291816939,479.87257729267503,479.6,457.4124755859375,502.5488708183061,493.53059653544994,467.2,515.9906982421875
416.4389931657174,554.0308854074284,518.0,523.8028518676758,530.3610068342825,565.3337142019466,428.8,595.5617477416993
44.8,59.11033983230591,223.8440420464878,60.52919242736232,223.6,91.3246919631958,44.555957953512184,89.9058393681394
313.4587526178701,528.8626243607266,434.8,527.5973392486572,434.94124738213,541.1430084212559,313.6,542.4082935333251
