228.78443411851993,712.5285500392791,685.0999999999999,712.3987994506955,685.1155658814799,767.1419346730681,228.79999999999998,767.2716852616518
166.39999999999998,491.14506225585933,250.6755145690711,520.0641398309766,227.5,587.6018547058105,143.22448543092887,558.6827771306932
368.15999999999997,252.19776666641232,512.2842263531413,259.5590047646419,511.28999999999996,279.02476610183714,367.16577364685855,271.6635280036076
336.96,83.51440300941466,417.8989822857068,84.66160422996198,417.68999999999994,99.40602152824401,336.75101771429314,98.25882030769671
34.986815281368045,708.1803235596082,80.72999999999999,705.4867597675322,83.18318471863195,747.147730286751,37.44,749.8412940788269
439.17548149025646,622.4025887129561,567.4499999999999,533.90973072052,577.5545185097434,548.556700837825,449.28,637.0495588302612
399.3532607763678,485.42428076286245,536.25,485.3432155358791,536.2567392236322,496.72389964025086,399.35999999999996,496.80496486723416
511.67999999999995,296.5780004310608,555.45432004873,298.6479065030556,554.9699999999999,308.89029436111446,511.19567995127,306.82038828911965
480.47999999999996,457.47651738166803,505.2045390525931,457.7790282461803,505.04999999999995,470.4096716022491,480.32546094740684,470.1071607377369
565.556100506997,351.9980142113381,592.41,330.23578491210935,600.9338994930029,340.7540060523337,574.0799999999999,362.51623535156244
295.2316895206162,631.0580406310211,442.65,535.9473313522338,453.17831047938375,552.265848529135,305.76,647.3765578079223
212.13902285579965,262.90817282247644,261.69,262.8290648460388,261.7109771442003,275.96854887318506,212.15999999999997,276.0476568496227
124.03371159552394,241.77670693690877,149.36999999999998,230.70034744262693,156.37628840447604,246.72667303745644,131.04,257.80303253173827
292.49392383074144,174.70506741201763,436.40999999999997,104.3656016921997,443.43607616925846,118.74110629403702,299.52,189.08057201385498
243.35999999999999,336.08987738370894,461.39587838560425,336.73653331181225,461.36999999999995,345.4620646047592,243.33412161439566,344.81540867665586
106.19506451630505,57.325903797153686,149.36999999999998,37.028874206542966,155.49493548369492,50.05756361007287,112.32,70.35459320068358
186.2786556908995,171.76666777810283,317.84999999999997,102.54568822860718,325.0113443091005,116.15756867209245,193.44,185.37854822158812
418.0535422012116,173.51413123424274,548.7299999999999,114.11507875442504,554.9964577987884,127.90113213245647,424.31999999999994,187.30018461227417
274.56,234.94872370183467,355.2957052971413,234.98706411247238,355.28999999999996,247.0010509470105,274.55429470285867,246.96271053637278
446.6554216240104,692.8632879603589,530.01,638.5810501670837,538.8745783759895,652.1932965122973,455.52,706.4755343055724
174.27234025915266,505.21977333474734,554.9699999999999,501.4616229343414,555.4176597408473,546.8092002112807,174.72,550.5673506116866
187.2,383.86984115481374,517.5420680384142,384.2816296665052,517.53,393.9627661085128,187.18793196158572,393.5509775968214
193.3191147224774,309.6708315842188,218.01,309.3463812732696,218.13088527752257,318.5458315999471,193.44,318.87028191089627
187.0932620075513,422.6581722453732,274.16999999999996,421.76242199420926,274.2767379924487,432.1385242506366,187.2,433.0342745018005
226.27571225935787,207.8007649483643,255.45,198.58970077514647,260.0542877406421,213.17290341711418,230.87999999999997,222.38396759033202
218.06198301074053,487.4180877010695,336.57,484.2736524581909,336.9080169892594,497.01289496494604,218.39999999999998,500.15733020782466
193.44,327.5798977661133,461.3979203386128,328.38200526171875,461.36999999999995,337.709278614521,193.41207966138714,336.9071711189155
123.8337996597903,378.731540730183,155.60999999999999,365.2153143310546,162.81620034020966,382.15685251932865,131.04,395.673078918457
524.16,463.98440248489374,567.8424787836975,465.5358504188414,567.4499999999999,476.58646047592157,523.7675212163025,475.0350125419739
187.19010765607277,354.7351217347117,367.77,354.54632316112514,367.7798923439272,364.0080387211112,187.2,364.19683729469773
190.6841873528892,60.38223089558351,249.20999999999998,44.874025382995605,251.96581264711074,55.274079376633274,193.44,70.78228488922119
187.16144436674793,403.3215382124333,317.84999999999997,402.77850811243053,317.888555633252,412.0575149689764,187.2,412.6005450689792
526.7537358240147,67.43970424752678,586.17,50.297430152893064,589.8162641759852,62.9356247319654,530.4,80.07789882659911
530.2678460761297,186.77422759718786,604.89,149.6490553665161,611.2621539238702,162.45718048386678,536.64,199.58235271453856
199.67999999999998,411.1848694789409,292.92368086063993,411.505427524516,292.89,421.30249068975445,199.64631913936003,420.9819326441794
255.83999999999997,346.9032201147079,317.8592069938984,346.9688199791828,317.84999999999997,355.6732657116651,255.83079300610154,355.6076658471902
255.83999999999997,497.75043545722957,293.1557924005336,498.7808516927792,292.89,508.4063347721099,255.57420759946638,507.37591853656033
193.4347566776106,317.3427737485586,286.65,317.28793319016694,286.65524332238937,326.2002708227218,193.44,326.2551113811135
529.5748928205024,335.37395680615174,548.7299999999999,334.9628597259521,549.5551071794976,373.4088064842535,530.4,373.8199035644531
112.60474096514297,175.92907524540698,143.13,165.48421073913573,149.08525903485702,182.88853652522286,118.55999999999999,193.33340103149413
560.5639797379076,293.1236716665389,592.41,271.67461532592773,599.6860202620923,282.4775282846329,567.8399999999999,303.9265846252441
193.39619506262525,297.9058831424539,286.65,297.47169578790664,286.6938049373747,306.8800238804991,193.44,307.31421123504634
443.03999999999996,91.47944343566894,575.2806397684706,110.2302348922287,573.6899999999999,121.44827980041502,441.4493602315294,102.69748834385528
124.2738374714131,451.99459307375355,155.60999999999999,439.98805480957026,162.3761625285869,457.64723050412726,131.04,469.6537687683105
187.19770531850313,392.4634313007197,349.04999999999995,392.4222745688259,349.05229468149685,401.44630171435557,187.2,401.4874584462493
18.700165216455645,765.9598197367502,99.44999999999999,765.8469803291558,99.46983478354434,780.0410950300382,18.72,780.1539344376325
350.29561488314977,210.99476912098075,380.24999999999994,198.76934143066404,385.6343851168502,211.96200425548406,355.67999999999995,224.18743194580077
312.0,497.92335937499996,349.2952732221583,498.8804393082432,349.04999999999995,508.438190460205,311.75472677784165,507.4811105269618
343.550788416234,62.43790480907392,374.01,48.56208011627197,379.8992115837659,61.48965347950029,349.44,75.36547817230225
187.19575140621654,373.55235334226177,374.01,373.4674334737658,374.0142485937834,382.8138664027185,187.2,382.8987862712145
164.2314628280734,630.5188398352095,317.84999999999997,536.2110913467407,328.33853717192653,553.2959413537552,174.72,647.6036898422241
255.83581051196893,365.47499478340563,405.21,365.40561829358336,405.214189488031,374.4259850001293,255.83999999999997,374.49536148995156
467.99999999999994,341.0041444873809,505.1406418452821,341.3998210403359,505.04999999999995,349.9080237293243,467.9093581547178,349.51234717636936
154.8834091071201,133.29773882820155,199.29,104.1207358932495,206.64659089287989,115.31726361320469,162.23999999999998,144.49426654815673
328.32073775191833,694.9489618221269,398.96999999999997,651.7072814941406,407.6092622480816,665.8223089298261,336.96,709.0639892578124
186.3049091965798,692.9659525518744,249.20999999999998,665.2135561752319,256.34509080342013,681.3863409967095,193.44,709.138737373352
560.4075583365121,683.0667799651221,598.65,660.2849584007263,606.0824416634878,672.7613407624168,567.8399999999999,695.5431623268126
462.0548222643828,217.3791135549002,498.80999999999995,201.35032052993773,504.7551777356171,214.98304159646696,467.99999999999994,231.01183462142941
