-6.636331606534864,22.435232577941118,458.75,-1.8604350090026855,465.3863316065349,125.25926691470413,0.0,149.55493450164795
460.0,9.558618068695068,741.372061104893,15.29334612988463,738.75,143.9436900615692,457.377938895107,138.20896200037964
48.0,670.1008510664105,257.6432878595406,670.461459682092,257.625,681.0932827591896,47.981712140459415,680.7326741435082
107.81725098445298,608.6162780926297,179.625,608.089488118887,179.80774901554705,633.000356008046,108.0,633.5271459817886
120.0,697.4673333317041,191.67911972285836,697.8122537253757,191.625,709.0590636134148,119.94588027714164,708.7141432197433
78.0,682.5591456550173,227.6279263852827,682.5975709156407,227.625,693.9929122757167,77.99707361471732,693.9544870150934
78.0,643.9521868787706,233.63025429204953,644.0289982040299,233.625,654.6749127879739,77.9947457079505,654.5981014627147
60.0,656.5288343620487,245.6286409152716,656.5907197998172,245.625,667.5118375606835,59.99635908472841,667.449952122915
84.0,493.84583044052124,228.7217189711405,499.3426687087592,227.625,528.2172775268555,82.90328102885951,522.7204392586176
47.11443126431616,543.0328441342689,251.625,539.2479650974274,252.51056873568385,587.0984152773046,48.0,590.883294314146
624.0,-0.6798673868179321,749.6998244745719,-0.2573807648330644,749.625,22.00468111038208,623.9251755254282,21.582194488397214
