133.57156684330954,295.6167750983628,195.8653846153846,278.14872162158673,200.13997161822894,293.3925691493085,137.84615384615384,310.86062262608453
138.23659330631378,152.7742502254896,195.8653846153846,148.79569992652307,197.6287913090708,174.33841993935226,140.0,178.31697023831882
100.36066819765338,55.01946874321272,217.40384615384616,14.553652910085825,222.5816394946543,29.52988346250392,105.53846153846153,69.99569929563081
168.50397756119798,187.8259768341362,182.94230769230768,183.5531453352708,186.746022438802,196.40628247607262,172.3076923076923,200.67911397493802
-2.105836045856545,242.71875424209827,49.40384615384615,228.91860287006085,53.66352835354885,244.81805719220733,2.1538461538461537,258.61820856424475
49.00073588196075,225.09445722596598,172.1730769230769,186.62269386878378,177.01849488727,202.13592804085152,53.84615384615385,240.60769139803372
197.21739836303666,122.46951105380965,217.40384615384616,115.3197889328003,222.64798625234795,130.1260371357937,202.46153846153845,137.27575925680307
-2.3355958281245375,41.17798220298819,126.9423076923077,-0.7276401519775391,131.43174967427836,13.122187503356411,2.1538461538461537,55.027809858322144
99.07692307692308,229.49304345937875,125.45575337214423,232.33525961138812,122.63461538461539,258.51846181429346,96.25578508939422,255.67624566228412
74.1980870286084,161.45989843584127,126.9423076923077,157.82395216134879,128.12883604831467,175.03611887349427,75.38461538461539,178.67206514798679
163.8481759829387,81.76735841151347,213.09615384615384,68.56487626295824,217.24797786321514,84.05203503988376,168.0,97.254517188439
-5.016534861179467,92.68929817389088,68.78846153846153,67.16301301809457,73.80499639964101,81.66748694010401,0.0,107.19377209590031
11.817918230319801,136.60133905286364,124.78846153846153,97.34301053560696,130.20131253891097,112.91913772854129,17.23076923076923,152.17746624579797
114.06389297105483,235.04461641586673,210.94230769230768,224.40671465947077,213.18610702894517,244.84079345281378,116.3076923076923,255.47869520920972
30.216437513837725,333.6487203987351,75.25,321.4954634446364,79.49510094770073,337.22556933397783,34.46153846153846,349.37882628807654
79.6923076923077,144.52683553328882,140.33868273027264,146.02292488725152,139.8653846153846,165.2088210399334,79.21900957741965,163.7127316859707
135.12891602147135,309.64913694348763,206.6346153846154,305.44493433145374,207.1980070554517,315.0271831325011,135.69230769230768,319.231385744535
88.2058512617817,338.3788906501835,124.78846153846153,337.7917260756859,124.89030258437214,344.1368147518973,88.3076923076923,344.7239793263949
19.751249051403,108.0436071534944,62.32692307692307,104.39801641610953,64.1141355639816,125.27029247360426,21.538461538461537,128.91588321098914
152.73915337082963,136.6499804913689,195.8653846153846,124.94570247943584,200.3570004753242,141.49575913734955,157.23076923076923,153.2000371492826
75.19482466755022,316.635961399503,137.71153846153845,298.60684057382434,142.20902148629594,314.2020468942357,79.6923076923077,332.23116771991437
-4.395315781245114,192.88788054516044,75.25,170.1033643575815,79.64531578124512,185.46758409670403,0.0,208.25210028428296
40.86849344780595,195.94077386452443,126.9423076923077,185.7660675048828,129.15073732142483,204.44847021506538,43.07692307692307,214.62317657470703
90.71671874231464,114.56387564301373,202.32692307692307,104.84315241300142,204.22558894999304,126.64302069875026,92.61538461538461,136.36374392876257
9.786241037497067,290.6807646570535,131.25,248.4457392325768,136.540682039426,263.661217891,15.076923076923077,305.8962433154766
188.28065513841813,293.7979564072722,206.6346153846154,291.07105959378754,207.89242178465878,299.53699367301255,189.53846153846152,302.26389048649713
53.621538140676286,235.75930389556228,98.9423076923077,230.78671895540677,101.3207695516314,252.46432187441965,56.0,257.4369068145752
20.616725533531895,151.39079846977756,75.25,145.02924728393555,78.32558215877579,171.44247879239657,23.69230769230769,177.80402997823862
143.03429660281355,344.39692110606114,182.94230769230768,338.37259718088,184.21570339718645,346.80818108087544,144.3076923076923,352.8325050060566
