130.66666666666669,8.84025490283966,373.36720715417835,13.43678806993376,372.1666666666667,76.82626326878867,129.466126179155,72.22973010169457
470.4,489.11012382507323,526.3788112868873,490.64119332694656,526.05,502.6631589889526,470.0711887131127,501.13208948707927
442.4,304.5278223991394,582.4977706362931,309.04155880709453,582.05,322.93950548171995,441.9522293637068,318.42576907376485
470.4,504.79165029525757,509.55462068305974,505.5197950394818,509.25,521.9002020835876,470.09537931694024,521.1720573393634
215.6166875274546,357.63381815095397,268.45,344.14580459594725,271.2333124725454,355.04819707731747,218.4,368.5362106323242
448.0,355.4396525382995,487.19611205477867,356.52242249278544,486.84999999999997,369.0516276359558,447.6538879452213,367.9688576814699
459.2,418.33513879776,587.9750010679194,421.23487847287663,587.65,435.66790266036986,458.87499893208064,432.76816298525324
453.59999999999997,380.0100386619568,587.9145132232492,382.65609116798134,587.65,396.08287115097045,453.33548677675077,393.43681864494584
475.91205333309296,74.48208144117375,699.65,73.64340648651122,699.7379466669071,97.10542423318843,476.0,97.94409918785095
448.0,338.88050651550293,588.0149271975823,342.9114035062581,587.65,355.58730545043943,447.6350728024177,351.55640845968423
599.1999999999999,159.49599027633667,655.3075733408197,161.61033880224485,654.85,173.75276918411254,598.7424266591803,171.63842065820435
245.91994555584125,450.48797646847555,262.84999999999997,449.6981259822845,263.33005444415875,459.9878555169981,246.4,460.77770600318905
459.14319922817634,437.99584984014297,503.65,437.8256858587265,503.7068007718236,452.6820650654051,459.2,452.8522290468216
28.0,397.6652241230011,117.86721286414331,398.902858200328,117.25,443.7199821472168,27.382787135856677,442.48234806988984
215.5981276413568,597.7425686653525,257.25,587.7646995544434,260.0518723586432,599.460907286796,218.4,609.438776397705
453.59999999999997,398.8651023864746,599.0716406004981,401.0652618386738,598.85,415.7198459625244,453.3783593995019,413.5196865103252
22.10151684726141,160.11895606382274,206.85,159.00726363658904,207.1484831527386,208.61119037406064,22.4,209.72288280129433
22.4,451.1728775419295,162.14931342371227,451.71824757077707,162.04999999999998,477.1669925391674,22.30068657628773,476.62162251031975
28.0,223.51736541390417,207.21094413185304,224.93393479996385,206.85,270.597168302536,27.639055868146944,269.18059891647636
330.4,32.69577202796936,632.753501312848,35.015814472327264,632.4499999999999,74.56883420944213,330.096498687152,72.24879176508423
274.4,519.2519979476929,296.5977454151218,519.6972499836245,296.45,527.0629998207093,274.2522545848782,526.6177477847775
442.4,235.1547653198242,588.4828925439675,239.50364610845546,587.65,267.4812702178955,441.56710745603243,263.13238942926426
576.8,142.59566688537598,661.1609390813204,147.41881791665364,660.4499999999999,159.85373611450194,576.0890609186796,155.03058508322428
279.9859324373811,542.6589238166895,324.45,542.5617494106292,324.4640675626189,548.9986403584395,280.0,549.0958147644997
319.178611877128,463.79927668147553,346.84999999999997,463.71882046461104,346.871388122872,471.07485921806824,319.2,471.1553154349327
180.50916331993474,438.51783504319036,218.04999999999998,424.8009570121765,222.34083668006525,436.54427051711235,184.79999999999998,450.2611485481262
291.09238705146805,351.8258072184539,318.84999999999997,351.40899419784546,318.9576129485319,358.57546555528876,291.2,358.9922785758972
10.978660602509548,593.5401918605597,201.25,592.6399008393288,201.47133939749045,639.4187119446067,11.2,640.3190029658377
339.39931349793596,548.8022512344659,363.65,540.8642953395844,365.85068650206404,547.5874567123115,341.59999999999997,555.525412607193
442.4,271.2407260894775,565.8869708452743,274.5057730489543,565.25,298.5965751647949,441.76302915472564,295.3315282053181
210.84922164034458,369.7617192976072,262.84999999999997,359.8246781349182,264.8007783596554,370.03314879016136,212.79999999999998,379.9701899528503
317.85060309828646,426.061528113706,346.84999999999997,420.70186920166014,348.19939690171356,428.00302343048344,319.2,433.3626823425293
39.03545897886483,479.57690577884114,145.25,478.87703263759613,145.41454102113516,503.848199566408,39.199999999999996,504.54807270765303
326.8004045174122,567.6938916396804,374.84999999999997,552.1069755554199,378.44959548258777,563.2034045028977,330.4,578.7903205871581
268.8,536.632669532299,324.46180703501034,536.7269916816688,324.45,543.694611787796,268.78819296498966,543.6002896384263
229.57953610830205,396.7186469795007,257.25,396.6375600814819,257.27046389169794,403.62075206620506,229.6,403.70183896422384
296.6822093656287,357.9493446587311,318.84999999999997,357.55764694213866,318.9677906343713,364.2239051581634,296.8,364.61560287475584
492.8,97.62740598320961,610.057960417979,97.72285899033537,610.05,107.50172719359398,492.79203958202106,107.40627418646821
10.959745204001786,654.3084553632914,201.25,653.3110037446022,201.4902547959982,699.1459550242841,11.2,700.1434066429734
171.887032549342,365.5326013498337,201.25,357.4316433906555,202.96296745065797,363.6405149526565,173.6,371.7414729118347
330.141804701286,503.3986791288978,346.84999999999997,502.7637340545654,347.108195298714,509.55798705457386,330.4,510.19293212890625
442.4,323.5319169044495,610.3625145626521,327.707236250009,610.05,340.27890501022335,442.0874854373479,336.10358566466385
162.3592507740231,346.04606267664514,178.85,345.95921926498414,178.8907492259769,353.6971150233976,162.4,353.7839584350586
560.0,129.60610189437867,654.9742581642226,130.6251994978632,654.85,142.2053729057312,559.8757418357774,141.18627530224666
319.2,435.42866387367246,341.33939853398033,435.6917753687428,341.25,443.21417484283444,319.1106014660196,442.9510633477641
284.01058104888926,314.21232957031594,313.25,307.66983857154844,314.8394189511107,314.77320128295554,285.59999999999997,321.315692281723
279.8815660342793,514.4924267025581,296.45,514.2110444545746,296.56843396572066,521.1847087649712,280.0,521.4660910129547
306.6918720827124,108.1368023156646,346.84999999999997,104.32682371139526,348.1581279172876,118.11481931214301,308.0,121.92479791641234
22.302949732714094,281.8650480617302,117.25,281.6639343827963,117.34705026728591,327.48198442938747,22.4,327.6830981083214
335.86572734764985,458.9524553400877,352.45,458.5986831665039,352.58427265235014,464.8931699650881,336.0,465.24694213867184
263.14575173223614,525.964731071983,307.65,525.6111763715744,307.70424826776383,532.4397615208286,263.2,532.7933162212372
21.651179264582634,340.9324446166706,111.64999999999999,339.4062143087387,112.39882073541736,383.56271072972305,22.4,385.0889410376549
