21.333333333333332,702.2501437266668,789.0896174998003,712.1909442280954,788.0,796.3452014923096,20.243715833533,786.4044009908808
-25.19390351910826,127.53509960272241,148.0,13.689371744791666,194.52723685244158,84.47141971490454,21.333333333333332,198.3171475728353
276.37268054201303,206.67197864773414,382.6666666666667,187.97193908691406,404.96065279132034,314.6944866029169,298.6666666666667,333.394526163737
576.0,100.30073204040528,601.4234091676691,100.57918412130587,601.2,120.97703018188477,575.776590832331,120.69857810098418
389.06922515367364,282.71635767915484,486.0,279.86699829101565,487.3307748463264,325.1378888418413,390.4,327.9872482299805
275.2,588.6893531799317,486.52005844987934,594.2640366732451,486.0,613.9779418945312,274.6799415501207,608.4032584012178
217.6,599.3988185882569,249.27504564448154,599.5737572710884,249.2,613.1617995262146,217.52495435551845,612.9868608433829
216.95121247589992,580.622387298117,249.2,579.6202957153321,249.8487875241001,600.4992366948029,217.6,601.5013282775878
384.0,234.8158401489258,481.0652003650489,238.39244253020897,479.6,278.156428527832,382.5347996349511,274.57982614654884
508.4943660536995,332.43244743091134,550.0,326.64544372558595,553.5056339463006,351.78860359447924,512.0,357.5756072998047
300.8,564.3631652832031,415.79158737822036,565.8066897227129,415.6,581.0685974121094,300.6084126217797,579.6250729725996
537.5774295065414,118.80602612046277,601.2,118.68090057373047,601.2225704934586,130.15731645079578,537.6,130.28244199752808
192.0,617.9084571838379,276.7488227100346,626.3733052486879,274.8,645.8846336364746,190.05117728996544,637.4197855716246
294.4,637.753530883789,422.1158757073264,639.517847929454,422.0,647.9058910369873,294.28412429267365,646.1415739913224
313.6,339.0275005340576,473.3557864303872,340.2039914976807,473.2,361.35824127197264,313.4442135696128,360.18175030834954
345.6,650.1369777679444,434.8454868082278,650.6051586291037,434.8,659.2759366989136,345.5545131917722,658.8077558377543
294.4,621.2750102996827,467.016717437106,623.9473667876556,466.8,637.9458930969238,294.1832825628939,635.2735366089508
268.8,433.7210397720337,524.5377366702899,434.7316676617105,524.4,469.58570709228513,268.66226332971013,468.5750792026083
