553.5808226143853,90.99500946417223,643.0416666666666,89.68333671092986,644.1541773856147,165.56060692812233,554.6933333333333,166.8722796813647
161.04,301.4138629577557,643.618134696056,305.28073181886475,643.0416666666666,377.22288355112073,160.4635319706106,373.3560146900117
196.82666666666665,-2.1858559121688206,428.7241082283501,-0.607234769879753,428.32166666666666,58.510919695695236,196.42422510498326,56.93229855340617
289.872,185.90916466999053,370.39310191559485,187.9429136818108,370.05649999999997,201.26980750846863,289.53539808440513,199.23605849664835
295.24,525.7391437139511,365.0094730979753,526.9140706067877,364.6885,545.9740853710174,294.91902690202477,544.7991584781809
273.768,171.73348721599578,380.9433379413427,172.98888108414212,380.7925,185.8662001056671,273.61716205865724,184.6108062375208
289.65714468966314,551.4490081945908,364.6885,550.5754679222107,364.90335531033685,569.0301238091934,289.872,569.9036640815734
268.2340742287251,472.3090785310695,391.5285,471.418824780941,391.6944257712749,494.39847826405077,268.4,495.28873201417923
300.608,239.11913972091673,359.93767670469583,242.01550814689892,359.3205,254.65785503578186,299.99082329530415,251.76148660979968
289.872,211.46150029218197,364.7295830581958,211.70495288015567,364.6885,224.33730346131324,289.8309169418043,224.09385087333953
279.136,225.5287531092167,375.4781069219154,225.92591878423386,375.4245,238.92956972336768,279.0823930780846,238.53240404835051
273.768,75.82154643201828,381.1270091675741,77.29319078056294,380.7925,101.6962150735855,273.4334908324259,100.22457072504085
171.71674061881154,95.09178387693457,187.5445,95.03862095069886,187.60375938118844,112.68142756315179,171.776,112.73459048938751
289.872,104.61422304081917,364.88294020275555,105.2756178559653,364.6885,127.32771455812454,289.67755979724444,126.66631974297842
552.904,524.7497620925903,613.3661539685666,526.5313127143023,611.6165,585.9109600563049,551.1543460314334,584.129409434593
171.76020303885497,207.96482022900858,187.5445,207.95121224594115,187.56029696114504,226.27456880526267,171.776,226.28817678833008
284.504,133.07463666200638,370.2117664153668,133.68490734421027,370.05649999999997,155.49086664795874,284.3487335846332,154.88059596575488
171.776,132.27317165660858,187.5982814909441,132.31942037178968,187.5445,150.71876152944566,171.7222185090559,150.67251281426454
