-35.45818186639687,145.2556449577874,166.95000000000002,-27.458671188354494,202.4081818663969,14.095649750464528,0.0,186.80996589660646
241.92000000000002,196.5988342666626,307.1544913746583,196.75308697810473,307.125,209.22518427729608,241.89050862534177,209.07093156585395
267.0363450326431,576.5902292199407,337.365,576.048679432869,337.44865496735696,586.9125768546786,267.12,587.4541266417503
236.88000000000002,77.79278010249138,367.6677375271538,78.22630336721886,367.605,97.15331352353097,236.8172624728462,96.7197902588035
267.12,595.7875108730793,322.28626499388537,596.0066084513471,322.245,606.3966620779038,267.07873500611464,606.177564499636
251.86191945493474,557.9706793116737,352.485,556.4952713871003,352.62308054506536,565.9123889017892,252.0,567.3877968263627
236.7722600850857,545.758568596825,367.605,544.3802175664902,367.7127399149143,554.6068637228162,236.88000000000002,555.985214753151
231.84,105.40287071943284,372.8137243620367,106.66128099885869,372.64500000000004,125.56266959667207,231.67127563796342,124.30425931724622
211.68,228.76478702545168,393.1519196507772,231.22182759177466,392.805,256.84459339141847,211.3330803492228,254.3875528250955
352.8,157.844724111557,400.6165283338511,167.3896892161605,397.845,181.27395821571352,350.02847166614896,171.72899311111004
239.9751489221012,164.84327673641295,302.08500000000004,155.98786986351013,304.02985107789885,169.62862206729798,241.92000000000002,178.48402894020083
423.0149928457051,564.2110474622494,609.525,562.8784983587266,609.870007154295,611.16736564753,423.36,612.4999147510529
355.57631434810537,179.8458936689224,382.725,177.99006843566895,384.9886856518947,211.10530422231298,357.84000000000003,212.9611294555664
277.2,447.29917688369756,332.37269778626785,447.6290935957008,332.32500000000005,455.60569936037064,277.15230221373224,455.2757826483674
221.76000000000002,183.00696965932846,322.31352102369823,183.5704270556268,322.245,195.7985568881035,221.6914789763018,195.2350994918052
236.25838668242596,335.49081165550274,256.725,334.401446056366,257.34661331757405,346.08009591819723,236.88000000000002,347.169461517334
277.2,510.98268124580386,332.3969531531758,511.3799691345051,332.32500000000005,521.3767370653153,277.12804684682425,520.979449176614
15.120000000000001,570.8839284968376,183.56573240070145,580.7476057164845,181.125,622.428912563324,12.67926759929854,612.5652353436772
345.2502231235293,358.96380473019826,367.605,353.6858317565918,370.1147768764707,364.3159547912862,347.76,369.5939277648926
287.28000000000003,456.0734441739321,322.25764506961383,456.12573885033345,322.245,464.58347847640516,287.2673549303862,464.5311838000038
231.41441938062218,410.3259713925993,246.645,409.77988898277283,247.07058061937784,421.6495991525973,231.84,422.1956815624237
231.37241755190269,298.6787065594077,256.725,297.71559585571293,257.19258244809737,310.02406934810875,231.84,310.9871800518036
272.16,496.16819212675097,332.39871442863955,496.5778959900449,332.32500000000005,507.4161204099655,272.08628557136046,507.0064165466716
275.8729650324744,437.3084139918105,322.245,430.70882981300355,323.5720349675256,440.03325242054314,277.2,446.63283659935
