16.0,734.0289264917374,367.44883930260653,736.4626554241145,367.0,801.2784407138824,15.551160697393486,798.8447117815053
349.53846153846155,554.1771146334135,428.5677473947143,557.5456676703175,428.0,570.8655325082632,348.9707141437473,567.4969794713592
349.53846153846155,503.6560991727389,384.9784220140754,507.7216731199243,383.6923076923077,518.9328431349534,348.2523472166938,514.867269187768
349.53846153846155,515.892721909743,394.4892591275824,520.3324561986566,393.53846153846155,529.9589579655574,348.5876639493407,525.5192236766438
132.92307692307693,582.9889477949876,186.96746166164633,583.9160289337973,186.76923076923077,595.4719393803523,132.72484603066138,594.5448582415427
132.92307692307693,627.4681497720571,181.97914635545794,628.0855197277558,181.84615384615384,638.6530727973351,132.7900844137728,638.0357028416365
132.92307692307693,571.1103098942683,177.19171807593153,572.1099217948426,176.92307692307693,584.0069178067721,132.6544357702223,583.0073059061978
349.53846153846155,535.8428121713491,399.2313636242464,540.9204377310654,398.46153846153845,548.4544407771184,348.7686363757536,543.3768152174023
132.92307692307693,616.8724652803861,162.36765743497284,617.5067901996662,162.15384615384616,627.4316462003268,132.70926564195025,626.7973212810467
132.92307692307693,647.8451045109675,216.68322112200383,650.1724976066105,216.30769230769232,663.6873386089618,132.5475481087654,661.359945513319
-8.715390567617526,141.66910352327685,196.6153846153846,-4.791006234975962,215.17692902915599,21.23148077096895,9.846153846153847,167.69159052922174
132.92307692307693,607.6456513038048,191.81572885719348,608.5307409413102,191.69230769230768,616.7430161696213,132.79965575819116,615.857926532116
