109.51111111111112,135.6092800034417,328.27613583750514,138.1062493199834,327.55555555555554,201.23788740370009,108.79053082916151,198.7409180871584
562.3319746627163,213.2648326361543,828.1777777777778,209.97657953898113,829.0458031150614,280.1539308848282,563.2,283.44218398200144
590.1182638960955,316.5191008208515,617.0153846153846,316.1862931471604,617.1740437962121,329.00893961024445,590.276923076923,329.34174728393555
178.53591959789858,415.0737557599092,270.4307692307692,414.15814395317665,270.60254194056296,431.39801266331796,178.7076923076923,432.3136244700505
617.3538461538461,171.57100331599895,866.1533286462279,171.84099917105232,866.123076923077,199.7177718089177,617.3235944306952,199.44777595386432
330.33846153846156,356.554336313101,351.744068293263,356.76615174249076,351.66153846153844,365.10643709622894,330.255931706737,364.89462166683916
184.0885973351269,249.3516637148696,259.6,249.17227753125704,259.63447958795,263.6862272512524,184.12307692307692,263.86561343486494
576.2766227976015,78.27943682713104,638.6769230769231,70.9349854689378,641.8464541254754,97.86411598236415,579.4461538461538,105.2085673405574
97.4550753575767,382.95385673769266,113.38461538461539,382.9168500166673,113.40646310396176,392.3211990155751,97.47692307692307,392.35820573660044
330.33846153846156,69.32917110736554,351.855186202699,69.80010195246629,351.66153846153844,78.64782380324144,330.144813797301,78.17689295814067
330.33846153846156,57.43672321026142,352.05837796324573,58.22991163564042,351.66153846153844,69.09658660888672,329.94162203675427,68.30339818350771
183.25948986875866,56.860251838759226,254.18461538461537,53.21475689227764,255.04820243893363,70.01632187058198,184.12307692307692,73.66181681706355
188.31213857411876,200.866792639071,248.76923076923077,199.0727423447829,249.99555373357356,240.39818386239384,189.53846153846155,242.19223415668193
330.285566033601,400.3111759546028,346.24615384615385,400.172358586238,346.29904935101433,406.2540424573563,330.33846153846156,406.39285982572113
113.72307692307692,125.89178231862876,319.19410687323756,126.40878119300527,319.16923076923075,136.2952992585989,113.69820081907018,135.7783003842224
211.2,106.45958513113169,227.20370084826897,106.66245186818763,227.1076923076923,114.23634981008676,211.10399145942333,114.03348307303081
590.2529382617361,340.74934385601887,606.1846153846154,340.6955584012545,606.2086001998024,347.8000503700554,590.276923076923,347.8538358248197
574.0307692307692,292.97410119863656,606.6093217960463,294.03748201003407,606.1846153846154,307.0491143446702,573.6060628193383,305.9857335332727
184.12307692307692,369.3311385484842,232.56034611403263,369.41245739005586,232.52307692307693,391.611714043984,184.08580773212122,391.53039520241236
324.9230769230769,289.65481852017916,351.80475202930506,290.06884578474137,351.66153846153844,299.36731699430027,324.7798633553104,298.95328972973806
97.47692307692307,312.9631911956347,118.82637593362885,313.0241177269423,118.8,322.2665895938873,97.45054714329422,322.20566306257973
583.2076680892154,105.70315572385273,638.6769230769231,98.51073661217323,640.3307934492461,111.26568817638766,584.8615384615384,118.45810728806715
