302.3236652712754,189.38412125177362,374.31666666666666,184.5361873626709,377.8596680620579,237.15062275660853,305.8666666666667,241.99855664571126
36.83755442591271,199.91900435107655,236.1833333333333,190.00799134572347,238.81244557408726,242.88880455675016,39.46666666666666,252.79981756210327
47.349198385749204,334.8736678177405,292.855,334.6232010358572,292.8658016142508,345.21086837214347,47.36,345.46133515402676
35.52,349.50722867809236,310.62155837239646,349.6866117070369,310.615,359.7445222979784,35.51344162760353,359.56513926903386
44.08781991770676,322.4331099890603,372.77500000000003,313.53751291275023,373.0871800822933,325.07238685618506,44.4,333.96798393249514
50.27857879947594,292.8898695261301,133.01500000000001,292.5364587795734,133.05642120052406,302.23350938310017,50.32,302.5869201296568
11.84,327.0300791364908,23.713789261793394,327.14723896338165,23.495,349.3208598726988,11.621210738206605,349.203700045808
293.04,329.58645769119266,372.9894902680062,330.45748341550956,372.77500000000003,350.1450622272491,292.82550973199386,349.27403650293223
189.41967323471707,94.52990977363173,204.055,94.49914224147797,204.07532676528294,104.16806370420869,189.44,104.19883123636247
264.405476933802,240.43920115282185,381.65500000000003,234.42758445739747,383.64952306619807,273.3284143180644,266.40000000000003,279.3400310134888
358.16,348.192763671875,382.74229811274614,350.67657031165675,381.65500000000003,361.4375876617432,357.0727018872539,358.9537810219614
201.12719819339392,291.06163566455285,357.975,289.0449410057068,358.1278018066061,300.92905413761696,201.28,302.945748796463
