687.230757130921,1094.4875668944549,1078.5933333333332,1092.9011358245214,1079.0425762024122,1203.7265286924808,687.6800000000001,1205.3129597624143
588.2739754341624,702.625788123472,751.1266666666667,699.2901356124878,752.2926912325044,756.2175997187063,589.44,759.5532522296905
64.13985703194754,1088.855693340524,489.15333333333336,1084.0206891981761,490.5068096347191,1202.9959063867489,65.49333333333334,1207.8309105290969
470.45015135265123,91.13783523800845,559.3539999999999,87.84866178894043,560.4558486473487,117.63079000231748,471.55199999999996,120.9199634513855
510.84799999999996,443.1495309715271,559.8635499523319,444.34358195875393,559.3539999999999,465.2605037727356,510.33845004766806,464.0664527855087
489.3043095800185,351.3360633082669,569.178,346.1300745010376,571.0736904199814,375.21499868056367,491.2,380.42098748779296
810.2737144161937,618.7496073794999,854.074,603.8279454956055,859.1922855838063,618.8519000667891,815.3919999999999,633.7735619506835
599.264,792.7536534795761,736.217963721756,793.0050896094491,736.1859999999999,810.4153098192214,599.232036278244,810.1638736893484
510.84799999999996,883.4348983005881,696.8973490922208,883.5439077591882,696.89,896.0867993730307,510.84065090777915,895.9777899144304
471.55199999999996,418.5653148627281,588.858238340718,418.74158749156135,588.826,440.19561869883535,471.519761659282,440.0193460700021
510.84799999999996,951.1054615402221,834.5076071182066,953.2623822183048,834.4259999999999,965.5080471076965,510.76639288179337,963.3511264296138
510.82454674627843,961.9335548762432,569.178,961.8275460977554,569.2014532537215,974.737593399609,510.84799999999996,974.8436021780967
815.2737633642588,656.5215377554784,903.194,655.915422246933,903.3122366357411,673.0662670064081,815.3919999999999,673.6723825149536
206.27472931231785,493.36007485449045,402.16999999999996,493.15938660037517,402.19927068768214,521.7310103458193,206.304,521.9316985999345
510.84799999999996,911.961953066349,834.4748829793272,913.332432768725,834.4259999999999,924.8757239265442,510.7991170206727,923.5052442241681
540.3199999999999,998.5135738468169,805.0591699838827,1000.0607438365223,804.954,1018.0565777950286,540.2148300161173,1016.5094078053233
869.84694438916,600.2050821257421,913.0179999999999,587.612353149414,917.50705561084,603.0019696320703,874.336,615.5946986083984
460.9997637234081,164.89313105960736,569.178,162.6949500389099,569.9062362765919,198.53336154941667,461.728,200.73154257011413
510.84799999999996,872.2186752142906,844.2600371505589,872.499017798174,844.25,884.4362225162982,510.8379628494411,884.1558799324149
811.0712212255763,637.1284730225416,893.37,614.1920225601197,897.6907787744236,629.6955032347826,815.3919999999999,652.6319536972046
729.6915458222876,582.9664793336593,844.25,541.0473226585387,851.3584541777124,560.4736085569657,736.8,602.3927652320862
510.84799999999996,852.80182360363,559.5006320133591,853.241646606087,559.3539999999999,869.4618837184905,510.7013679866409,869.0220607160337
481.3210523049869,376.7493184320653,569.178,376.5683666012287,569.2329476950131,403.2469403653418,481.376,403.42789219617845
451.5310720368961,125.471115240698,569.178,124.12647295761109,569.5509279631038,156.75509825264916,451.904,158.0997405357361
569.6514097879034,758.7114954375376,765.658,757.7654542236328,765.7985902120965,786.8937920647512,569.792,787.839833278656
569.792,820.7436988539696,775.5511357578581,821.5684097187913,775.482,838.8172594594955,569.7228642421419,837.9925485946738
559.9451988907002,901.0095061123789,834.4259999999999,900.5174768176079,834.4488011092998,913.2371803257048,559.968,913.7292096204758
559.9396036721731,940.8262664987788,834.4259999999999,940.2244851827621,834.4543963278268,953.1767080030694,559.968,953.778489319086
