256.18666666666667,376.68047004024186,611.2818313275092,383.1915561635162,609.675,470.8233312654495,254.5798353391574,464.31224514217513
670.0266666666666,31.436132265726723,734.6624847172884,35.84552066016189,727.915,134.75474694569905,663.2791819493782,130.3453585512639
236.48,542.139843373696,610.8780407171183,547.1399873124517,609.675,637.2206115722656,235.27695928288162,632.22046763351
183.1846206989433,339.38868997621256,247.9345,339.0387499852181,248.02187930105674,355.20666260576536,183.27200000000002,355.55660259675983
307.42400000000004,337.8902672390938,354.56973651409896,338.7322921980369,354.3505,351.0075422582627,307.2047634859011,350.16551729931956
437.488,529.5145199780465,514.0243739934072,529.8669226091467,513.9745,540.6987787733078,437.43812600659294,540.3463761422075
69.32657959707366,691.6114049300298,123.78250000000001,689.6580377335549,125.39992040292634,734.748442076768,70.944,736.701809273243
183.27200000000002,314.1172644238472,366.5700310509755,318.2216819419762,366.1745,335.8855922393799,182.87646894902457,331.78117472125086
443.31185614537543,512.4977123251564,508.0625,512.0572951860428,508.15064385462466,525.0163079761857,443.40000000000003,525.4567251152993
443.40000000000003,497.1257854423523,502.3010711386331,497.8560949770203,502.1505,509.9999886646271,443.24942886136694,509.2696791299591
28.756514025350913,-0.02855400628443171,52.8385,-0.8672140784263611,53.64198597464909,22.204753474420265,29.560000000000002,23.043413546562196
