192.0,495.1036796569824,307.44592003474264,504.570770046184,303.0,558.7863006591797,187.5540799652574,549.319210269978
292.8,495.7196594238281,397.295018959982,504.5869284303784,393.29999999999995,551.6656379699707,288.80498104001794,542.7983689634203
4.8,420.4398053884506,85.4358245152522,428.9865795839003,81.3,468.0066370010376,0.6641754847477938,459.4598628055878
398.4,504.90661010742184,445.4236952071831,526.6788456416486,426.9,566.6863403320312,379.8763047928169,544.9141047978044
469.17916197413444,516.0042261984258,527.6999999999999,490.9502471923828,543.3208380258656,527.4372471902459,484.79999999999995,552.4912261962891
427.2,503.2324264526367,472.8682087466158,510.17099313241795,465.29999999999995,559.9833755493164,419.63179125338416,553.0448088695351
28.799999999999997,67.93486940190196,124.51733564738777,68.01685568518197,124.5,88.25587510764599,28.78266435261223,88.17388882436597
201.6,398.01247994899745,273.3953979487572,398.2950259153511,273.3,422.5358026742935,201.50460205124278,422.25325670793984
28.733221917705023,92.86727774535547,124.5,92.32507681846619,124.56677808229497,104.11982203329671,28.799999999999997,104.662022960186
219.1547870140027,435.3289575915947,258.9,433.4190227508545,260.5452129859973,467.65544754451366,220.79999999999998,469.5653823852539
28.442010019461264,14.062449586190834,124.5,13.377996253967284,124.85798998053873,63.61925646086727,28.799999999999997,64.30370979309082
292.8,544.6526278495788,412.67039391766593,545.708592941792,412.5,565.0512645721435,292.629606082334,563.9952994799304
374.4,-2.705665397644043,590.7034911866238,1.9687064188913497,590.1,29.894865417480467,373.7965088133762,25.220493600945076
