533.3333333333334,21.616499265034992,766.9694654856676,22.809847265749525,766.6666666666666,82.0924243927002,533.0305345143325,80.89907639198566
106.66666666666667,212.10032494862875,447.08806101211263,214.59253680155004,446.6666666666667,272.15251127878827,106.24527232122064,269.660299425867
533.3333333333334,80.86821937561035,766.7420442838187,81.16759161286065,766.6666666666666,139.9365429878235,533.2579557161813,139.6371707505732
106.66666666666667,382.63978211085004,425.9980460150619,384.8855420432929,425.3333333333333,479.4030434290568,106.00195398493808,477.1572834966139
106.66666666666667,547.9627552032471,342.69248838855,558.4626602473654,340.0,618.9867108662924,103.97417827811665,608.486805822174
106.66666666666667,480.32735951741535,212.30431739668757,480.8110108854706,212.0,547.2790847619375,106.36234926997912,546.7954333938823
104.48953147889905,282.63938242253613,382.6666666666667,276.2779591878255,384.8438018544343,371.48137626988733,106.66666666666667,377.84279950459796
550.3962749293387,503.81250636077283,633.2,503.78770874738694,633.2037250706613,516.2263947656119,550.4,516.2511923789978
505.6,445.6268943786621,595.5065026710164,448.80965660409237,594.8,468.7669075012207,504.89349732898364,465.58414527579043
486.4,524.1637550354004,652.9071104560464,527.6486001242381,652.4,551.878514099121,485.89288954395363,548.3936690102834
639.8258355821567,446.94664176823073,684.4,446.5314601898193,684.5741644178432,465.22986541865896,640.0,465.6450469970703
556.8,472.4483746528625,607.6269806824575,472.5835756831645,607.6,482.7265947341919,556.7730193175424,482.59139370388993
108.8,656.2392550468445,204.5312492202057,657.0685136370429,204.4,672.220182800293,108.6687507797943,671.3909242100946
345.6,681.6351754665375,396.4133640736379,681.7026678685869,396.4,691.7641491413117,345.5866359263621,691.6966567392622
319.9961378037968,671.068395527411,422.0,671.0288249373436,422.0038621962032,680.9846767105574,320.0,681.0242473006249
108.77209609217994,623.437857270033,262.0,623.0719311714172,262.0279039078201,634.756414246767,108.8,635.1223403453827
25.6,715.9309667512774,569.2362059018318,716.406820374553,569.2,757.7700424671173,25.563794098168188,757.2941888438417
486.4,640.8213531494141,596.2362453067119,645.7024958253407,594.8,678.0211151123046,484.963754693288,673.139972436378
345.6,353.3547582626343,422.16022044070695,353.8194367292053,422.0,380.21728630065917,345.439779559293,379.75260783408817
486.4,686.0188262939453,576.0863207893568,690.8102372317508,575.6,699.9132598876953,485.9136792106432,695.1218489498899
485.916379311098,554.9366866722265,594.8,553.7374809265136,595.283620688902,597.6485210761865,486.4,598.8477268218994
486.3929983576101,488.73876471139704,690.8,488.62750873565676,690.8070016423899,501.49139957807745,486.4,501.6026555538177
575.7812591334002,378.47916249719475,607.6,378.04979705810547,607.8187408665997,394.25990229162363,576.0,394.6892677307129
108.8,81.05546846389771,473.6109485579809,84.44430814860567,473.2,128.6832061767578,108.38905144201908,125.29436649204983
102.4,154.603378200531,441.2193023984772,154.9905249852831,441.2,171.88340759277344,102.38069760152274,171.49626080802136
486.4,675.5368930816651,563.1343447858426,678.1241212817262,562.8,688.0404201507569,486.0656552141574,685.4531919506957
102.38268756816696,145.53379070922136,185.2,145.39766175746917,185.21731243183305,155.93009484843017,102.4,156.06622380018234
325.5925610023241,632.6454764424144,441.2,629.0774017333985,442.00743899767593,655.2388367594899,326.4,658.8069114685059
486.4,597.8823432922363,595.1944213350788,598.850689273979,594.8,643.1642318725586,486.0055786649212,642.1958858908159
89.31377055834228,605.9188156811385,166.0,604.8745649337768,166.28622944165772,625.8942833216995,89.6,626.9385340690612
326.3420281447615,145.50060889475077,434.8,144.93595771789552,434.8579718552384,156.07116844899923,326.4,156.63581962585448
89.6,639.7123609304429,262.0401435622224,640.2168338724002,262.0,653.9388020038605,89.55985643777764,653.4343290619031
114.95704180880595,39.123404128385715,473.2,36.90406322479248,473.44295819119407,76.12204050319083,115.2,78.34138140678405
338.7192199818938,604.6552301060772,422.0,603.2076271057128,422.4807800181062,630.8669611323261,339.2,632.3145641326904
211.10610862401185,179.21308735091472,332.4,178.53451976776122,332.49389137598814,195.31759435456013,211.2,195.99616193771362
