339.60898604091295,261.89719686849855,440.8333333333333,177.6139928181966,518.2910139590871,270.6408687239493,417.06666666666666,354.9240727742513
412.16,37.746746940612795,456.4859125358327,39.48958790991304,456.09000000000003,49.55888553619385,411.76408746416735,47.8160445668936
415.75283470243136,22.607420868772753,452.41,22.287468872070313,452.4971652975687,32.2740692187364,415.84000000000003,32.59402121543884
287.04,472.0348771762848,375.1657941046341,472.4615178647766,375.13,479.85505528450017,287.00420589536594,479.42841459600834
58.87997215626041,472.66212895023585,77.05,472.66204577443307,77.05002784373961,478.7446023271926,58.88,478.7446855029953
216.96639260210188,212.19465354168258,360.41,211.3810604763031,360.5636073978981,238.46339464938802,217.12,239.27698771476747
92.0,254.9769271063805,364.1357585467199,255.70416219391478,364.09000000000003,272.82728652477266,91.95424145328012,272.10005143723833
149.64169206809592,85.76465937166078,275.77000000000004,81.09646598815918,277.0083079319041,114.55388116331237,150.88,119.22207454681397
426.88,389.5545447921753,437.80990238785597,389.62275661585437,437.69,408.83528202056885,426.7600976121441,408.7670701968898
92.0,202.08732971191407,235.41670398452564,219.33480953009212,231.61,250.98841598510742,88.19329601547437,233.7409361669294
312.5630194941406,411.0896556601154,375.13,410.02929317474366,375.3669805058595,424.0123931947125,312.8,425.07275568008424
191.36,185.06759336471558,375.73638951008866,189.4934877597006,375.13,214.75480186462403,190.75361048991135,210.328907469639
261.28000000000003,429.67667449951176,375.77860822282685,434.1378945785091,375.13,450.7846274185181,260.6313917771732,446.32340733952077
340.10714840577333,231.35998342093072,375.13,227.98710605621338,377.26285159422673,250.13393701974312,342.24,253.50681438446045
165.60000000000002,194.37243593215945,191.47386258322385,195.14091488204585,191.13000000000002,206.71839950561525,165.25613741677617,205.94992055572885
434.24,346.13760963439944,449.44097772337074,346.5159056928924,448.73,375.0849491500855,433.52902227662935,374.7066530915925
298.08000000000004,22.915639657974243,375.183849459812,23.246815318074507,375.13,35.783970499038695,298.02615054018804,35.45279483893843
249.77339829898608,119.54709320904551,356.73,33.38154006958008,368.23660170101397,47.66459136126699,261.28000000000003,133.83014450073242
249.82049178553348,231.77276765674875,308.89000000000004,230.59301393508912,309.3095082144666,251.59751976161675,250.24,252.7772734832764
40.480000000000004,463.4310317218304,91.78574440390753,463.5177213788683,91.77000000000001,472.8357691168785,40.464255596092485,472.74907945984063
194.4538553851036,420.10851668658796,360.41,378.940814781189,364.67614461489643,396.1385907047695,198.72,437.3062926101685
51.404303286221065,123.75366889676386,378.81,122.66715507507325,378.92569671377896,157.53073658326335,51.52,158.61725040495398
140.3174563615551,77.86240085260393,198.49,37.50168758392334,209.05254363844492,52.725651210384356,150.88,93.08636447906494
49.79890303889718,87.15107446067697,150.65,81.57394340515137,152.37109696110284,112.69648916847343,51.52,118.27362022399903
409.32542820400823,125.29403246801769,437.69,121.39883331298829,444.2045717959918,168.8374961574706,415.84000000000003,172.7326953125
81.37508439222391,448.37723502201504,202.17000000000002,362.1215199279785,212.7949156077761,377.0009488769108,92.0,463.2566639709473
