64.0,386.41223430633545,320.3094781074818,392.47957954511634,318.6666666666667,461.8786538441976,62.357188559184856,455.81130860541674
128.0,312.7898537317912,383.91769844659467,317.6870783712638,382.6666666666667,383.0631224314372,126.74896822007197,378.1658977919646
96.0,540.3059100449085,300.4182533331249,540.4473782977086,300.4,566.8230095863343,95.9817466668751,566.6815413335341
454.4,381.26528091430663,569.6121199658801,382.877321685135,569.2,412.33142471313477,453.98788003411994,410.7193839423065
96.0,598.5892836362124,300.4003365502936,598.5957681047396,300.4,609.2043465852737,95.9996634497064,609.1978621167465
95.96561571834184,632.4349593620002,287.6,631.735499572754,287.63438428165813,641.1559276600182,96.0,641.8553874492645
89.6,481.5994771957397,364.5156740359368,482.43153066889363,364.4,520.6509559631347,89.48432596406322,519.8189024899809
95.97804181533039,574.521657785794,294.0,574.22002658844,294.02195818466964,588.6356532364877,96.0,588.9372844338417
95.99498713283953,613.0819339973825,300.4,612.9966939091682,300.4050128671605,625.0175070958238,96.0,625.1027471840382
95.99598654496819,648.6486481959212,146.8,648.6305092573166,146.8040134550318,659.8714990353001,96.0,659.8896379739047
