429.3104479182844,239.15631397673025,670.8333333333334,239.05361150205135,670.8562187483823,292.8726795801666,429.33333333333337,292.9753820548455
428.77275861957173,572.9109919837955,670.8333333333334,570.8219282627106,671.3939080470949,635.775924645678,429.33333333333337,637.8649883667629
93.33333333333334,299.9976005554199,274.31229066197017,430.3699754526814,148.16666666666669,605.4814860026042,-32.81229066197016,475.1091111053427
93.33333333333334,51.93220774332683,228.02428409462675,113.95376622015925,129.5,327.9169400533041,-5.190950761293392,265.89538157647166
499.55431811015467,476.9595792590318,577.5,470.84504445393884,581.9456818898454,527.5168465476496,504.0,533.6313813527426
499.9993139740703,390.08367860873875,577.5,384.38217767079675,581.5006860259298,438.76363177537587,504.0,444.46513271331787
560.0,2.0967480341593427,700.8206960559193,19.388922461854303,689.5,111.58023738861084,548.679303944081,94.2880629609159
263.2,562.3119300737977,324.45197802987036,562.321386839366,324.45,575.1331924498081,263.1980219701296,575.1237356842398
240.79999999999998,502.96760988235474,341.45386186024797,504.2571496707223,341.25,520.1694027900695,240.596138139752,518.879863001702
560.0,144.8893512248993,694.0650659047983,145.0329122821996,694.05,159.10226756334305,559.9849340952017,158.95870650604274
280.0,542.5314880371094,308.19235635470443,543.5883357463748,307.65,558.0561758041382,279.45764364529555,556.9993280948727
161.61238856085927,600.8256936276251,419.65,591.2612068176269,420.43761143914077,612.5099552905267,162.4,622.0744421005248
268.75484075565976,528.6894986423206,313.25,528.4815039157867,313.2951592443402,538.1421708074856,268.8,538.3501655340194
414.4,179.29406423568724,677.3927106384448,180.4011803145043,677.25,214.30174264907836,414.25728936155514,213.1946265702613
614.3762838187678,481.2642720863646,643.65,480.18276863098146,645.2737161812322,524.1328886344605,616.0,525.2143920898437
0.3195115591566104,115.90444627995821,134.04999999999998,0.05828304290771484,156.13048844084338,25.54755624537137,22.4,141.39371948242186
436.8,312.5196328163147,510.0586347579609,313.95919964876856,509.25,355.11010494232175,435.99136524203914,353.6705381098679
526.3983272089641,108.87862250697621,694.05,108.87006810419261,694.0516727910358,141.65391315738847,526.4,141.66246756017208
616.0,390.986478805542,643.7927283396268,391.07089270282563,643.65,438.06327307224274,615.8572716603732,437.9788591749591
442.4,394.48946819305417,509.96566649871187,395.58821057106434,509.25,439.5971474647522,441.6843335012881,438.4984050867421
100.8,583.9757476806641,132.05189596350937,596.3704510480276,111.64999999999999,647.8116119384765,80.39810403649064,635.416908571113
234.93805048065218,478.7735452099679,346.84999999999997,477.19603939056395,347.1119495193478,495.7793504790427,235.2,497.35685629844664
440.9963158639813,482.9481440474238,509.25,480.8452390670776,510.6536841360187,526.4044129441534,442.4,528.5073179244995
532.0,304.8889628410339,644.7127481108768,307.17432459923924,643.65,359.58845977783204,530.9372518891232,357.3030980196267
