466.46474201221224,608.5981235162733,633.5,608.0357193350792,633.7019246544545,668.007778360812,466.6666666666667,668.5701825420063
149.33333333333334,607.2085991303127,354.28969811966425,609.1801744290575,353.5,691.2737449804943,148.54363521366915,689.3021696817494
-24.846400090734605,105.33329761125238,148.16666666666669,2.3730271657307944,173.01306675740128,44.12458685936937,0.0,147.08485730489096
330.4,246.37550135850907,386.10112746263854,246.57620109920367,386.05,260.76584231853485,330.34887253736144,260.5651425778402
11.2,577.1041247088461,184.46372883704223,577.2005859036835,184.45,601.8603415966033,11.186271162957764,601.7638804017661
313.59999999999997,229.93291466236113,402.8980720226099,230.24458339828809,402.84999999999997,244.01798586845396,313.5519279773901,243.70631713252703
335.80942826354817,467.3978679785068,374.84999999999997,466.7118628501892,375.04057173645185,477.55730589539456,336.0,478.2433110237121
313.59999999999997,197.07167993336915,397.25355142894153,197.08532429223257,397.25,218.85913181081415,313.5964485710585,218.8454874519507
442.32154685233843,528.2302324864053,677.25,527.1242311954499,677.3284531476615,543.7886571553564,442.4,544.894658446312
341.5961388348731,445.0968773548701,369.25,445.08529443740844,369.2538611651269,454.30370808046075,341.59999999999997,454.31529099792243
335.93052100707905,456.4462818157294,374.84999999999997,456.1802836894989,374.9194789929209,466.34609291438073,336.0,466.61209104061123
11.167209962706131,646.9120641079877,128.45,646.811567980051,128.48279003729388,685.0787842222344,11.2,685.179280350171
330.2862708412286,435.3351720340407,380.45,434.6670786857605,380.56372915877137,443.2064223759019,330.4,443.8745157241821
492.66362450724944,485.9652712176119,643.65,485.2405028820038,643.7863754927505,513.6507414986813,492.8,514.3755098342896
