597.3333333333334,324.96080525716144,778.2773334134657,429.2392270000805,681.3333333333334,597.456532796224,500.38933325320096,493.1781110533049
42.18293473562956,49.61511705187748,788.0,43.88985252380371,788.4837319310371,106.9045005652528,42.666666666666664,112.62976509332657
576.0,594.4038047790527,681.8865647220272,595.3309543335964,681.3333333333334,658.5136102040609,575.4467686113061,657.5864606495172
390.4,415.7608602523804,505.2930004540748,416.4282015047529,505.2,432.43965167999266,390.3069995459252,431.77231042762014
281.2768105809442,729.9714670237612,300.4,729.7086311340332,300.7231894190558,753.2229711476255,281.6,753.4858070373535
326.01463759812503,729.1578004252885,345.2,728.8589805603027,345.58536240187493,753.6007002460981,326.4,753.899520111084
115.06391382260938,554.4373608042497,326.0,552.2189437866211,326.13608617739067,565.1585693906051,115.2,567.3769864082336
115.17259600403493,523.6703075339144,319.6,523.3320799827576,319.6274039959651,539.8952716420347,115.2,540.2334991931915
633.6,592.9690216064453,738.6178296005394,598.5590124237017,735.6,655.2542602539063,630.5821703994606,649.6642694366499
428.59504619872143,586.9269382411355,607.6,583.8097820281982,607.8049538012785,595.5794025486593,428.8,598.6965587615966
420.68156276842757,729.6568610246647,441.2,728.2571311950684,442.91843723157245,753.4474541608822,422.4,754.8471839904785
184.8954610159155,729.5331599936803,210.8,728.8244178771972,211.5045389840845,754.5753322853724,185.6,755.2840744018555
140.8,728.75439453125,161.25437954248898,730.1543597326329,159.6,754.325894165039,139.14562045751103,752.9259289636561
428.67387025736633,604.4614462412218,537.2,603.311780166626,537.3261297426336,615.2181703054091,428.8,616.3678363800049
115.09528702624227,573.4339475284089,319.6,571.6251277923584,319.70471297375775,583.4639507641326,115.2,585.2727705001831
115.16075638780919,591.3686975793798,274.8,590.8440671920777,274.8392436121908,602.7854657812159,115.2,603.310096168518
428.603811767786,568.039683745398,588.4,565.4603168487549,588.596188232214,577.6145131845336,428.8,580.1938800811768
230.4,728.9097338676453,255.71880891248512,729.0291304455067,255.6,754.2233211517334,230.28119108751488,754.103924573872
114.98169547216735,630.6031960234561,377.2,627.6630359649658,377.4183045278327,647.1325349106869,115.2,650.0726949691773
422.12595271838484,625.3470674067083,588.4,623.0641777038575,588.6740472816152,643.0243845433649,422.4,645.3072742462158
619.3221588907174,228.9717794739836,652.4,213.88211669921876,660.2778411092825,231.1510232603914,627.2,246.24068603515624
114.86862795447023,610.5117861103387,172.4,608.9181427001953,172.73137204552978,620.8808492351203,115.2,622.4744926452637
101.85699819574128,664.3200682418361,511.6,659.1574462890625,512.1430018042587,702.2539951546178,102.4,707.4166171073914
371.2,729.5269195556641,397.2999297639755,730.4798591582726,396.4,755.1279098510743,370.30007023602445,754.1749702484657
226.34106643511086,414.489190752592,249.2,408.7610229492187,259.65893356488914,450.49863883725175,236.8,456.226806640625
638.581719223619,240.09143980545565,690.8,238.65267486572264,692.218280776381,290.1275070329233,640.0,291.56627197265624
672.0,212.9473663330078,710.7057642167483,227.71863374364335,703.6,246.33816223144532,664.8942357832517,231.56689482080978
422.25594147524134,519.2958267874569,588.4,517.7818733215332,588.5440585247586,533.5911227517277,422.4,535.1050762176513
422.2990698852458,548.4999418033041,588.4,547.2001487731934,588.5009301147542,560.0980375515544,422.4,561.3978305816651
620.8,584.8457443237305,646.2486882095425,585.3987650987394,646.0,596.8427993774415,620.5513117904575,596.2897786024324
