42.38635330870474,170.12855243468152,318.6666666666667,169.04202739397684,318.9469800246286,240.319779378336,42.666666666666664,241.40630441904068
42.666666666666664,34.150808930397034,276.8342936130346,37.091139824796514,276.0,103.53419081370036,41.83237305363202,100.59385991930088
42.5712646674491,244.8642523406232,318.6666666666667,244.49964570999146,318.7620686658842,316.74203274465754,42.666666666666664,317.10663937528926
85.33333333333333,646.2354013125101,299.0674706239096,649.5518466458747,297.3333333333333,761.3113663991293,83.59919604275704,757.9949210657646
448.0,416.81857681274414,748.840345998611,429.0169005037483,745.3333333333334,515.5083669026693,444.49298733472233,503.3100432116651
106.41322979405676,531.835394030877,276.0,531.0446433226267,276.2534368726099,585.3974756736874,106.66666666666667,586.1882263819376
345.6,677.4132522583008,411.12114932835414,685.0566079066936,409.2,701.5252792358399,343.67885067164593,693.8819235874471
454.4,539.0730379104614,620.4379266545486,539.3561847864303,620.4,561.5964551925659,454.36207334545134,561.313308316597
345.6,700.9984123229981,409.51841586956436,702.5591566847535,409.2,715.5994972229004,345.28158413043565,714.038752861145
345.6,605.3061744689942,409.8009709791995,607.1541307346796,409.2,628.0328285217286,344.9990290208005,626.184872256043
345.6,581.0948894500732,364.4084332741505,581.1124678274238,364.4,590.1358646392822,345.5915667258495,590.1182862619318
454.4,561.4086547851563,620.6251665274028,564.0570145589832,620.4,578.189665222168,454.17483347259724,575.5413054483411
345.6,627.7001541137695,409.44493394311,628.4474661305193,409.2,649.3728507995605,345.35506605689,648.6255387828107
345.6,563.0056030273438,384.3675060863157,564.9514395846419,383.6,580.2427017211915,344.8324939136843,578.2968651638932
454.37862908297564,667.5091038898746,498.8,667.4498918056488,498.82137091702435,683.4825217052182,454.4,683.5417337894439
636.8944409584171,651.9090442693841,697.2,636.4481567382812,700.3055590415828,648.5614635431159,640.0,664.0223510742187
646.4,669.7740364074707,729.7095901082915,673.1950138043301,729.2,685.604842376709,645.8904098917085,682.1838649798495
345.6,726.7321800231933,409.5930165304625,728.497544810444,409.2,742.7440696716309,345.20698346953753,740.9787048843802
363.45269470579024,661.7716482734387,409.2,656.6254241943359,410.54730529420976,668.6022805595692,364.8,673.7485046386719
370.49924224300474,417.0356904048419,409.2,416.29807205200194,409.90075775699523,453.0648581486249,371.2,453.80247650146487
460.8,586.491586303711,498.91041199006577,586.7996003281805,498.8,600.4608173370361,460.68958800993425,600.1528033125666
114.7653241396296,585.4574616157802,262.0,584.0209505081177,262.4346758603704,628.5728924071996,115.2,630.009403514862
44.8,708.7220972061157,71.60224923186027,709.9715819045139,70.0,744.3408569335937,43.197750768139734,743.0913722351955
467.2,376.3892822265625,486.0109531748443,376.4131059129869,486.0,385.06162719726564,467.1890468251557,385.0378035108412
460.7537102615429,370.1469552116856,486.0,370.01332931518556,486.0462897384571,378.7589705390468,460.8,378.89259643554686
627.2,183.13019485473632,740.5102068489375,232.21355493003875,735.6,243.54889450073242,622.2897931510624,194.46553442543
646.3886111658604,662.7646631282029,716.4,662.6831478118896,716.4113888341396,672.4647217709365,646.4,672.5462370872498
499.2,587.5202970504761,735.834334362892,588.7447294535084,735.6,634.0322895050049,498.9656656371079,632.8078571019726
531.2,637.574465560913,626.8463269714323,637.880183286187,626.8,652.37396068573,531.1536730285677,652.068242960456
