20.97054917868409,142.40243449634912,297.3333333333333,141.29435261090597,297.6961174879826,231.77506558272637,21.333333333333332,232.88314746816954
587.2170076027153,446.5662044422421,690.8,438.0298156738281,692.3829923972847,457.23829995228914,588.8,465.7746887207031
25.577624799404763,256.5593993574727,434.8,256.3255961894989,434.8223752005953,295.4885930493127,25.6,295.7223962172866
529.7406375550308,602.2353845676591,697.2,591.0537231445312,698.6593624449691,612.909500686247,531.2,624.091162109375
377.17558067104136,600.160272848527,396.4,599.4044788360595,396.82441932895864,610.2000329376058,377.6,610.9558269500733
480.0,471.93510208129885,518.7898169019753,473.47427419311026,518.0,493.37903518676757,479.2101830980247,491.83986307495616
300.72559697103065,645.4779837005956,338.8,645.1069686889648,338.87440302896937,652.7423764831202,300.8,653.113391494751
300.8,188.0792037963867,409.4344489312707,188.8270610672142,409.2,222.88333282470703,300.5655510687293,222.13547555387953
236.51540034046602,644.2562960983425,274.8,643.3122501373291,275.084599659534,654.8538323043674,236.8,655.7978782653809
300.6823207068636,652.3911044539316,338.8,651.7574935913086,338.9176792931364,658.8370148240226,300.8,659.4706256866455
185.35611138333638,600.6512178777082,210.8,600.0073558807374,211.04388861666362,609.6452516199724,185.6,610.2891136169434
313.4709882151881,604.4694077771476,338.8,604.1657619476318,338.9290117848119,614.9274477678964,313.6,615.2310935974122
249.37446894688483,600.3481178920964,268.4,599.9631713867187,268.6255310531152,611.1097800571223,249.6,611.4947265625
172.8,645.7829830169678,210.85387983307766,646.0386956658556,210.8,654.0568234443665,172.74612016692234,653.8011107954787
585.843005532068,402.5049057848026,684.4,394.3189437866211,687.3569944679319,429.92043906383026,588.8,438.10640106201174
38.4,341.0334213256836,121.91790001088187,354.27543147708406,114.8,399.1683181762695,31.282099989118144,385.92630802486906
371.1831871816298,638.7872996412968,402.8,638.7236183166503,402.8168128183702,647.0709278977657,371.2,647.1346092224121
108.76241023425325,645.1569907568479,146.8,644.995405292511,146.83758976574674,653.844122562549,108.8,654.0057080268859
128.0,344.6167449951172,385.63348680153024,357.6807209637559,383.6,397.7829299926758,125.96651319846971,384.7189540240371
377.6,739.87685546875,396.53393141970537,740.0988819320075,396.4,751.5202606201171,377.46606858029463,751.2982341568597
121.32507819713435,600.0613857566111,146.8,599.3875457763672,147.07492180286565,609.7811282814748,121.6,610.4549682617187
25.6,300.03379490971565,383.610867463448,300.29651845683964,383.6,315.1055070638657,25.58913253655197,314.84278351674163
179.2,639.3217674970626,210.8119262337736,639.3727288104146,210.8,646.770717549324,179.1880737662264,646.7197562359721
504.243020743966,576.2573965603152,646.0,568.0150192260742,647.356979256034,591.3531014865598,505.6,599.5954788208007
492.8,426.6443458557129,518.4397971345672,427.12460363266956,518.0,450.604305267334,492.3602028654327,450.12404749037734
563.2,525.4376235961914,652.978184186063,527.8211147904333,652.4,549.5993896484375,562.621815813937,547.2158984541956
358.4,645.522970199585,402.84658774702746,645.7730811065283,402.8,654.0520738601684,358.3534122529726,653.8019629532251
556.8,735.24739112854,601.2385313725397,735.4591452834891,601.2,743.5453035354615,556.7614686274603,743.3335493805123
556.8,477.2141716003418,652.4763163263317,477.5725287715707,652.4,497.94791278839114,556.7236836736683,497.5895556171622
454.4,523.6182060241699,518.1880016619759,524.2016333165581,518.0,544.7564659118652,454.2119983380241,544.1730386194771
467.2,549.2101457595825,511.7269728101936,549.4717981050984,511.6,571.0795343399047,467.07302718980634,570.8178819943889
563.0206338224981,502.4780792102362,601.2,502.15328788757324,601.3793661775019,523.2378627911065,563.2,523.5626541137696
102.4,619.8317612051964,146.8059683409287,619.8662042180551,146.8,627.5609421730042,102.3940316590713,627.5264991601454
