-8.778524550957817,182.00218572340907,105.33333333333333,77.9151611328125,135.44519121762448,110.92715336757401,21.333333333333332,215.01417795817056
42.52086375643365,709.0756390690253,745.3333333333334,707.8980203469595,745.4791362435664,794.9143877775027,42.666666666666664,796.0920064995686
415.05486133957885,494.3475058581256,530.8,487.599365234375,531.7451386604212,503.8105278943158,416.0,510.5586685180664
441.58086188294976,572.3284387399132,626.8,572.0263499259949,626.8191381170502,583.7604671190804,441.6,584.0625559329986
389.82254722661855,387.9053037827495,518.0,383.1364456176758,518.5774527733814,398.65723131246534,390.4,403.42608947753905
441.57831411745764,651.0782120881988,524.4,650.9273561477661,524.4216858825423,662.8331607641267,441.6,662.9840167045593
151.46001041731606,29.093364431851295,198.0,6.368624877929688,219.33998958268393,50.072663400179955,172.8,72.79740295410156
543.9226065483281,651.1135889911162,626.8,650.5797920227051,626.8773934516719,662.5959103680146,544.0,663.1297073364258
497.947536702524,402.78446305870796,543.6,399.1354049682617,544.852463297476,414.8046635282061,499.2,418.45372161865237
364.18238777834335,455.9317149757823,537.2,448.34058685302733,537.8176122216566,462.41725505595593,364.8,470.0083831787109
5.071932387326067,112.5286778813693,127.6,9.712828063964844,148.12806761267393,34.176609289040854,25.6,136.99245910644532
338.4548034151154,434.84381147811166,562.8,424.73952713012693,563.5451965848846,441.2851100306774,339.2,451.38939437866213
320.0,592.2014116287231,569.3107363860552,593.0536668153533,569.2,625.4474502563477,319.88926361394476,624.5951950697175
281.6,625.08986825943,588.4860010330024,626.6988210598564,588.4,643.1023557662963,281.5139989669976,641.4934029658699
453.1611813999657,510.7711980871638,505.2,507.60451049804686,506.4388186000343,527.9622674890081,454.4,531.128955078125
339.2,29.18812174797058,511.65475756933745,29.435791883324885,511.6,67.5639389514923,339.1452424306625,67.316268816138
351.12239513935924,370.4481253715613,415.6,366.99598693847656,416.4776048606408,383.38752526320434,352.0,386.83966369628905
224.0,571.2259983062744,319.65715354892137,571.6577594768817,319.6,584.3201899528503,223.94284645107865,583.8884287822432
223.94651497071223,650.6396039361055,319.6,650.2470901489257,319.65348502928776,663.2811022406523,224.0,663.673616027832
364.8,77.69439392089843,489.1050015157225,90.6330505154738,486.0,120.4635986328125,361.69499848427756,107.52494203823714
408.7372092308124,477.5787117521976,530.8,470.59295349121095,531.6627907691876,485.6685752351071,409.6,492.6543334960937
370.23212377416326,311.3428201232137,543.6,307.17427825927734,544.5678762258367,347.4278372254191,371.2,351.5963790893555
332.7921287217836,572.160635871073,422.0,572.1007129907608,422.0078712782164,583.8187741097009,332.8,583.8786969900132
428.7871717922397,279.66364561917965,479.6,279.6157889842987,479.61282820776034,293.2364189922553,428.8,293.28427562713625
377.30064482507424,484.83313410454764,396.4,484.35933685302734,396.69935517492576,496.4267154437922,377.6,496.9005126953125
332.8,650.7055732250213,422.00956885086845,650.7742031517157,422.0,663.2124076128006,332.79043114913156,663.1437776861063
446.4080732829958,533.3876444280656,479.6,528.385888671875,481.1919267170042,538.9500020563094,448.0,543.9517578125
351.36823497613574,406.90142452495616,447.6,403.169938659668,448.23176502386434,419.46260745746565,352.0,423.19409332275393
