20.0,4.470848236232996,749.9374967624658,13.881526872439455,748.75,105.9894871711731,18.812503237534163,96.57880853496664
300.0,330.9301382303238,700.2045766331099,336.9377214602427,698.75,433.83662462234497,298.54542336689,427.829041392426
-0.37357865635842247,643.2731438703357,358.75,642.0262341201305,359.1235786563584,749.6209529512107,0.0,750.867862701416
420.0,630.7896195352077,679.2061190846064,631.8675015422042,678.75,741.5537723898888,419.5438809153936,740.4758903828923
610.4458303641164,440.29099016722427,698.75,414.60657119750977,748.3041696358835,584.9760004943968,660.0,610.6604194641113
336.0,307.41817474365234,390.01529472679664,308.91853587635484,389.625,322.9697427749634,335.6097052732034,321.4693816422609
84.0,300.80733275413513,133.15536076773833,306.21551329072736,131.625,320.1250777244568,82.46963923226167,314.7168971878646
108.0,569.047162681818,131.67336772401,569.2124962093255,131.625,576.1380541026592,107.95163227599001,575.9727205751518
312.0,555.0695106983185,367.0543823246507,560.8540390765462,365.625,574.4582183361053,310.57061767534935,568.6736899578777
143.96181297940564,248.87632803641858,209.625,248.6353453695774,209.66318702059436,259.0405811814159,144.0,259.28156384825706
84.0,574.5558021068573,137.80240630947765,575.2398734850783,137.625,589.1929296255112,83.82259369052238,588.5088582472903
