445.49194197366023,201.08231466762012,574.6666666666666,195.36126200358072,577.1747246930064,251.9902993663968,448.0,257.7113520304362
-3.6843410578025106,657.4002622223396,446.6666666666667,642.7864227294922,450.3510077244692,756.3258323414624,0.0,770.9396718343099
417.2764398280778,128.72253095418708,724.0,94.88789876302083,733.3902268385888,180.01380734333895,426.6666666666667,213.84843953450522
95.6601531075797,760.4523890622409,146.8,759.7733932495117,147.13984689242028,785.369601236984,96.0,786.0485970497132
607.3893718814744,201.34514204486914,793.2,198.0425582885742,793.8106281185256,232.39783967510158,608.0,235.70042343139647
691.2,135.75245361328126,784.2136632470493,143.34519127155076,780.4,190.0638854980469,687.3863367529507,182.47114783977736
179.08325491581613,759.9007577176975,287.6,759.4154887199402,287.71674508418386,785.5222389940334,179.2,786.0075079917908
531.155988474307,754.3490732451631,786.8,754.0328954696655,786.844011525693,789.6182017544554,531.2,789.934379529953
435.2,94.61372184753418,588.5210403692197,95.40113508714921,588.4,118.96949081420898,435.0789596307803,118.18207757459395
749.2300778572587,96.79006288640953,786.8,91.47413787841796,792.7699221427413,133.66613828546548,755.2,138.98206329345703
