19.99823564873301,686.1620902531578,718.75,686.1394295888022,718.751764351267,740.5439934353924,20.0,740.5666540997481
198.0,215.33828902244568,283.25226202430514,222.4563142577796,281.625,241.9459569454193,196.37273797569492,234.82793171008538
143.36699512394222,502.88306848153195,293.625,496.4446671009064,294.2580048760578,511.21759661093637,144.0,517.6559979915619
450.0,282.07808446884155,660.5799936148485,287.6606110724663,659.625,323.68418312072754,449.04500638515157,318.10165651710287
185.05489821166583,538.7517535533154,251.625,534.8234403133392,252.57010178833417,550.8393530998982,186.0,554.7676663398743
50.146989050708676,183.02091784889416,89.625,156.65415716171265,99.47801094929135,171.4067192513256,60.0,197.77347993850708
20.779135097680083,216.23696561807463,89.625,172.3187770843506,98.84586490231992,186.77334455496003,30.0,230.69153308868408
107.29864085136256,525.6940595580832,323.625,515.1446750164032,324.32635914863744,529.5267909095987,108.0,540.0761754512787
444.0,537.5790467262268,666.8182237567136,554.5457124793012,665.625,570.2159686088562,442.8067762432865,553.2493028557818
17.88713643089831,25.257832448425752,149.625,3.2875213623046875,155.7378635691017,39.941330392417456,24.0,61.91164147853851
474.0,518.7540771961212,630.630779087356,528.8139418964167,629.625,544.473790884018,472.9942209126441,534.4139261837225
173.04756741557375,571.4773832895332,263.625,565.0963718891144,264.5774325844263,578.6159995458551,174.0,584.9970109462738
5.987957174203283,70.34619437365734,125.625,70.30523984134197,125.63704282579673,105.48493752391836,6.0,105.52589205623372
516.0,561.8793933391571,588.6253920113708,566.1209265051582,587.625,583.2500774860382,514.9996079886294,579.0085443200372
504.0,593.7686777114868,600.9096678467554,602.0975075698411,599.625,617.0451936721802,502.7153321532446,608.7163638138259
118.75602164030981,596.5387039511536,347.625,585.7363815307617,348.86897835969023,612.0925709874299,120.0,622.8948934078217
53.19048235578272,223.91999949238115,107.625,178.1247661113739,114.43451764421728,186.21890126445481,60.0,232.01413464546204
42.0,118.93648159503937,59.634181884543345,118.95642687293537,59.625,127.07438957691193,41.99081811545666,127.05444429901594
510.0,256.60695004463196,593.9156854482322,257.9483646409036,593.625,276.1329503059387,509.7093145517678,274.79153570966713
102.0,243.61718559265137,327.0034490399029,262.87521651771385,323.625,302.34771966934204,98.6215509600972,283.0896887442796
106.30884965445732,615.7742041550129,497.625,598.19917345047,499.31615034554267,635.8534145154508,108.0,653.4284452199936
