58.80818117776732,548.0325471535759,185.5,420.28690465291345,276.02515215556605,510.0652794862353,149.33333333333334,637.8109219868978
64.9617853792172,245.43258840286066,185.5,191.2866388956706,269.8715479541162,379.11224446253647,149.33333333333334,433.25819396972656
70.28983074559717,300.5314892149726,129.5,296.50740941365564,133.8768359210695,360.9080198589207,74.66666666666667,364.93209966023767
18.64869411728647,26.329673610644342,670.8333333333334,26.195704168329637,670.8513058827136,113.68894464761524,18.666666666666668,113.82291408992994
380.8,467.8709373176098,565.2707815079822,468.1756568986199,565.25,480.75634175539017,380.77921849201783,480.45162217438
89.6,392.4029558181763,127.40200700666358,395.4428627623717,122.85,452.0482141494751,85.04799299333642,449.00830720527966
408.8,481.0219328641891,537.2645757300966,481.169769234393,537.25,493.8355630457401,408.7854242699034,493.6877266755362
419.98295867279637,439.06961891303825,559.65,438.9673540532589,559.6670413272036,462.24134822835157,420.0,462.34361308813095
425.5595652572529,499.2482227139077,520.4499999999999,498.9759529352188,520.4904347427471,513.0681167312064,425.59999999999997,513.3403865098953
106.39999999999999,137.514681006968,598.8780237090915,137.89231332652054,598.85,174.43860493302344,106.37197629090844,174.06097261347094
373.46620643992014,405.3197308152032,565.25,396.81796741485596,566.9837935600798,435.92908948966743,375.2,444.43085289001465
431.2,515.5192512989044,514.8973907554642,515.8172332456778,514.85,529.1283838748932,431.1526092445357,528.8304019281197
