42.666666666666664,580.7565314769745,191.184481063996,581.9237165037534,190.66666666666666,647.8127236366272,42.14885226933735,646.6455386098482
21.169409497940084,171.91654715065593,382.6666666666667,171.12234473228455,382.8305905020599,245.73558627938792,21.333333333333332,246.5297886977593
446.5647969831191,359.20471866000025,532.0,297.14256286621094,576.1018696835475,357.85350887906225,490.6666666666667,419.91566467285156
466.2037443588032,224.07208707967294,569.2,220.6817153930664,570.1962556411968,250.9470108207177,467.2,254.3373825073242
492.50234676097506,78.92948866771245,537.2,78.24535751342773,537.4976532390249,97.69250763966059,492.8,98.37663879394532
498.4311242840119,465.9646674608424,543.6,464.6190353393555,544.3688757159881,490.4279106641576,499.2,491.7735427856445
505.4412628805183,400.9231157256496,524.4,400.6636249542236,524.5587371194817,412.26116772161595,505.6,412.520658493042
697.2047048905777,38.39160640317923,774.0,37.66958160400391,774.3952951094224,79.71357319276804,697.6,80.43559799194335
38.4,672.2254099607468,319.8321787872108,673.6576383309499,319.6,719.2806571960449,38.16782121278922,717.8484288258418
473.3329897868377,436.776183636073,569.2,435.7561107635498,569.4670102131623,460.84987761270634,473.6,461.8699504852295
460.134458508634,146.95349550909685,556.4,143.3860305786133,557.065541491366,161.3452013903172,460.8,164.91266632080078
473.46572618910807,535.2348829389134,575.6,534.0676979064941,575.734273810892,545.8172986864528,473.6,546.9844837188721
460.8,183.07078285217284,569.5420019651698,184.25556108811958,569.2,215.64538345336913,460.4579980348302,214.46060521742243
128.0,261.1836559057236,370.8754979499983,261.66546806985235,370.8,299.7230422973633,127.92450205000166,299.2412301332345
70.39929317604029,116.87691043881318,89.2,116.87588844299316,89.20070682395972,129.8786716076956,70.4,129.87969360351562
459.09775287307656,127.55879082297088,562.8,117.95005874633789,564.5022471269234,136.32156196023226,460.8,145.93029403686523
460.72617782162223,549.1959456317766,582.0,548.4456832885742,582.0738221783778,560.3784396297591,460.8,561.1287019729614
690.9786884549983,83.76095687468177,774.0,83.35200157165528,774.2213115450016,128.2800770608651,691.2,128.6890323638916
460.56434068249763,502.8803362427695,582.0,501.1169593811035,582.2356593175024,517.3457333983438,460.8,519.1091102600097
