211.19136145577582,386.2306866525163,505.2,386.05136198997496,505.20863854422424,400.21453726306066,211.2,400.393861925602
211.2,366.00828740596774,358.01698039638126,366.1833638977143,358.0,380.4229142665863,211.18301960361873,380.2478377748397
25.578533069005207,418.4562460417774,166.0,418.2332507610321,166.0214669309948,431.7511060749266,25.6,431.9741013556719
383.91735514913734,367.1897449582746,505.2,366.48660678863524,505.28264485086265,380.741822233803,384.0,381.4449604034424
702.5255198023679,62.702159693884255,799.6,22.16289291381836,807.4744801976321,41.01895847017825,710.4,81.55822525024413
70.04525366797981,457.18339017593405,166.0,422.23012619018556,172.7547463320202,440.7734579685972,76.8,475.7267219543457
-1.3922374388736913,626.1233002141936,127.6,573.3926635742188,135.39223743887368,592.4544122262971,6.4,645.1850488662719
434.03690324644805,172.13469303785004,569.2,116.76956787109376,576.763096753552,135.2333855754312,441.6,190.5985107421875
69.73115237633215,43.008174549384606,204.4,-8.848892211914062,211.46884762366784,9.508365977959144,76.8,61.36543273925781
177.85355815110393,690.0289161098492,313.2,635.220654296875,320.9464418488961,654.3501305210102,185.6,709.1583923339844
625.7358757234163,646.629038665322,761.2,591.7231956481934,769.0641242765837,611.1256244206155,633.6,666.0314674377441
261.1523612902321,517.7823303253682,396.4,464.51465835571287,404.04763870976797,483.93215942072555,268.8,537.1998313903808
600.2297894017056,241.53559929390426,735.6,186.722989654541,743.3702105982944,205.91300910453324,608.0,260.72561874389646
164.9949522973124,280.3175171358155,300.4,226.23391723632812,308.2050477026876,245.77482905559077,172.8,299.8584289550781
-7.023364324681745,764.1853902688042,44.4,745.751146697998,51.42336432468174,765.343218434809,0.0,783.7774620056152
523.6977295090832,374.1791817148124,646.0,369.46009063720703,647.1022704909168,398.0270713369454,524.8,402.7461624145508
-7.614703399299103,352.58367078383577,31.6,336.40696105957034,39.214703399299104,354.86611254135954,0.0,371.042822265625
604.1187834438558,787.4928920063765,665.2,773.9554512023926,669.0812165561441,791.4675816264361,608.0,805.0050224304199
331.43334538744074,351.3424281503571,466.8,296.16640396118163,474.56665461255926,315.2208042715179,339.2,370.39682846069337
-7.524114558479759,212.08901984476861,102.0,168.58512268066406,109.52411455847975,187.5276091835517,0.0,231.03150634765626
709.6637829292733,471.41938949835355,799.6,438.36127548217775,806.7362170707268,457.7757032750839,716.8,490.8338172912598
357.6458077863545,759.3626797376675,492.4,700.6018142700195,499.5541922136455,717.0082675279575,364.8,775.7691329956054
518.4,406.2737377166748,793.4898276125454,408.930751937968,793.2,438.9376022338867,518.1101723874547,436.2805880125935
440.3956316697083,582.7140525247039,582.0,525.834381866455,589.6043683302917,544.7657814596711,448.0,601.64545211792
