188.45713867293173,109.07637873991038,210.645,109.00875021696092,210.6678613270683,116.5091942991445,188.48000000000002,116.57682282209397
34.68647181033053,201.81648153767443,108.965,201.47061529040337,108.99852818966949,208.67115769996786,34.72,209.01702394723893
180.97466809535467,226.72369833537778,195.76500000000001,226.507652425766,195.83033190464533,230.98022288730903,181.04000000000002,231.1962687969208
104.16000000000001,124.09193561077119,205.7861969267162,124.5127711191661,205.685,148.95048751354219,104.05880307328381,148.52965200514726
42.160000000000004,150.33924596600235,131.29769261233085,150.3985483000347,131.285,169.47688973218203,42.14730738766919,169.4175873981497
266.6931761511283,187.29445207908975,277.605,186.59731147766115,278.75182384887177,204.54769307777062,267.84000000000003,205.24483367919922
57.01738990686018,17.54917333472676,252.805,17.34630888223648,252.82761009313984,39.16765828814202,57.040000000000006,39.370522740632296
161.04641742323932,151.23538891348744,272.64500000000004,150.17312566757204,272.7985825767607,166.3081072184096,161.20000000000002,167.37037046432496
161.18828615853084,226.84857497794715,173.44500000000002,226.81543457865718,173.4567138414692,231.14770594375048,161.20000000000002,231.18084634304049
181.03315668150947,201.88881719506745,195.76500000000001,201.86607806921006,195.77184331849057,206.2996124281788,181.04000000000002,206.32235155403615
138.88,202.32067194461823,153.62464057522052,202.3899031963618,153.60500000000002,206.5728872537613,138.8603594247795,206.50365600201775
39.49538930340111,189.19131899635283,101.525,188.10912954807281,101.70961069659889,198.69076075752292,39.68,199.77295020580294
158.6659161857856,202.28879037180263,175.925,202.0654813528061,175.97908381421445,206.24550545892401,158.72,206.46881447792055
32.165235134801144,224.26496617450132,121.36500000000001,223.4451534986496,121.43976486519887,231.57994891272176,32.24,232.39976158857348
255.44000000000003,222.5750107678771,290.0054743907519,222.5798341203101,290.005,225.97944914162161,255.43952560924816,225.97462578918862
210.8,183.20121272087098,233.12906800880202,183.41943755355356,232.965,200.20710411548615,210.635931991198,199.98887928280357
161.15549264519,172.620427217289,260.245,171.77931215763093,260.28950735481004,177.022604155735,161.20000000000002,177.86371921539308
210.8,205.55743412017824,234.09168481378194,206.6704976147807,232.965,230.24721870422366,209.6733151862181,229.13415520962118
