384.0,266.1526412963867,473.08347969818556,316.3479951988764,446.6666666666667,363.2308527628581,357.58318696848113,313.03549886036836
618.6666666666666,-7.2906494140625,825.8035002790466,99.18726438361763,788.0,172.72831217447916,580.86316638762,66.25039837679903
213.33333333333334,273.5605926513672,310.2833685015672,284.06768815453256,297.3333333333333,403.55897521972656,200.38329816509943,393.0518797165612
63.38904913333679,119.62534694780403,233.33333333333334,118.26884810129802,233.94428419999653,194.80972241451846,64.0,196.16622126102448
467.2,508.50922241210935,520.3253230240146,513.6624682081429,518.0,537.6344543457031,464.8746769759854,532.4812085496696
313.6,503.8618865966797,367.46264897998947,510.8448018476327,364.4,534.4685150146485,310.53735102001053,527.4855997636954
127.92203707602116,506.49168174757887,242.8,506.1756724834442,242.87796292397883,534.5173159311778,128.0,534.8333251953125
383.827349023357,511.8720866601665,428.4,510.81607208251955,428.57265097664305,518.1033878881733,384.0,519.1594024658203
313.6,464.6902740478516,601.7456671502912,468.81277359478764,601.2,506.95265045166013,313.0543328497088,502.83015090472406
524.8,385.7027130126953,662.2455426964755,434.8421947886436,652.4,462.3806610107422,514.9544573035246,413.2411792347939
370.9603789596707,385.0343649240125,415.6,384.28515625,415.83962104032923,398.562343373717,371.2,399.3115520477295
128.0,453.6931586742401,242.82465971425455,453.7910611837894,242.8,482.7131318330765,127.97534028574546,482.61522932352716
121.53820122463226,402.37993631702744,242.8,402.1136899471283,242.86179877536773,430.2599165644042,121.6,430.5261629343033
511.9130068173023,548.8303413475236,582.0,548.5143939971924,582.0869931826977,567.8121997749129,512.0,568.1281471252441
402.98578296591506,518.35934640919,422.0,517.8215831756592,422.214217034085,525.3958629413959,403.2,525.9336261749268
358.2878812104234,545.0025184482214,428.4,544.5548934936523,428.51211878957656,562.1162153393152,358.4,562.5638402938843
488.92321330329077,366.0214519934151,518.0,363.77219848632814,521.8767866967092,413.88860354857707,492.8,416.1378570556641
499.2,656.2355495452881,575.7055165119515,656.9048889130396,575.6,668.9654304504395,499.0944834880485,668.296091082688
345.5720671131861,563.9809762381425,422.0,563.8372261047364,422.02793288681397,578.6883622265944,345.6,578.8321123600006
337.9366774059261,399.97531983044803,415.6,395.5756637573242,416.8633225940739,417.87600463244263,339.2,422.2756607055664
345.6,650.2822257995606,422.09635272652275,650.8967281425275,422.0,662.8912017822265,345.5036472734772,662.2766994392596
492.8,565.2004725456238,582.0165326427322,565.2843502982616,582.0,582.8692880630493,492.7834673572678,582.7854103104115
