74.66666666666667,570.8737052182357,633.6395803108694,572.0403680185651,633.5,638.9162579774857,74.52708635579734,637.7495951771563
-0.8771498211087265,32.79554824607723,390.83333333333337,29.85802733898163,391.7104831544421,146.8235881271248,0.0,149.7611090342204
375.2,231.30339546203612,426.75072579266237,236.8072912189933,425.25,250.86342658996583,373.6992742073376,245.35953083300862
352.8,208.0468758583069,527.9660803711693,223.43733747304847,526.05,245.2451491355896,350.8839196288307,229.85468752084802
470.4,243.6114728927612,500.63101310638666,246.59112314800743,498.05,272.7776330947876,467.8189868936133,269.7979828395414
341.59999999999997,257.8272308349609,534.5218671675683,277.1965851102406,531.65,305.8008415222168,338.7281328324317,286.43148724693714
356.5687122232004,391.66457136275216,408.45,388.371702003479,410.28128777679956,417.2248260676678,358.4,420.5176954269409
352.8,289.5348724365234,517.9048158066686,307.16228357161276,514.85,335.7748119354248,349.7451841933314,318.1474008003355
168.0,-0.6224235206842422,682.8639503806804,-0.25256443430415426,682.85,19.167123687267303,167.9860496193196,18.797264600887214
328.17732043478725,476.27336045819203,514.85,462.7697546005249,517.0726795652126,493.49588468951305,330.4,506.9994905471802
333.5426082568792,435.0990232075619,531.65,419.3826080322265,534.1073917431208,450.3583403025699,336.0,466.0747554779053
