430.08,575.3025735473633,797.5866484851405,576.1058839044671,797.44,643.1961346435547,429.9333515148595,642.3928242864508
626.688,647.7110654296876,724.6141736831914,647.7454712853026,724.6080000000001,665.3170491943359,626.6818263168086,665.2826433387208
127.87279996960608,517.9609750007688,294.528,513.7163723144531,295.67920003039393,558.9157668205203,129.024,563.160369506836
620.544,252.84273925781253,651.7277293286729,253.53807606301925,650.88,291.55614404296875,619.6962706713272,290.860807237762
491.0496239680984,153.89831955450444,700.032,151.47253637695314,700.5023760319017,191.99565554315183,491.52000000000004,194.42143872070312
527.7037698661567,204.34406036189006,663.168,202.01163427734377,663.8482301338435,241.51850311467246,528.384,243.85092919921877
533.015783573379,253.3786442540554,595.5840000000001,251.02459423828125,597.096216426621,291.21774392953836,534.528,293.5717939453125
515.168748855934,355.83050036755037,675.456,352.1045170898438,676.383251144066,391.9937291246372,516.096,395.71971240234376
551.4101770152827,104.03362086572476,632.4480000000001,100.67019433593751,633.9978229847175,138.01136399755651,552.96,141.37479052734375
164.79540231021838,222.37939961988226,251.52,220.2395126953125,252.61259768978164,264.51993424242244,165.888,266.65982116699223
514.6712307268032,305.65875053855774,675.456,299.9342680664063,676.880769273197,339.9520687973798,516.096,345.6765512695313
134.65489385035653,338.82083476240246,282.24,337.2557673339844,282.7531061496435,385.6414305879394,135.168,387.20649801635744
91.81196450838314,281.653118642869,319.10400000000004,279.9573673095703,319.4520354916169,326.6067160434103,92.16000000000001,328.302467376709
521.9129698049412,648.5720792702534,601.7280000000001,647.1122058105469,602.0550301950589,664.9917862082623,522.24,666.4516596679688
120.99163034533015,459.5574053000751,300.672,452.1782709960938,302.5603696546699,498.1596752663312,122.88000000000001,505.53880957031254
140.44022753041315,397.5602435235511,214.656,396.1626112060547,215.5277724695869,442.454662726449,141.312,443.85229504394533
