246.71384615384613,454.5337202791067,314.83561807348576,455.46497000214606,314.6257692307692,470.81560544124017,246.50399731112964,469.88435571820077
267.71076923076924,432.3819863069974,304.417311518253,433.3907513439387,304.1273076923077,443.94329560426564,267.42076540482395,442.9345305673244
262.46153846153845,368.478067304171,320.07777829741036,369.570423747188,319.875,380.2659463412945,262.2587601641281,379.17358989827756
340.5284515795472,626.5444920056253,419.6103846153846,623.9228509367429,420.28193303583737,644.1801423893871,341.2,646.8017834582696
225.71692307692308,608.057204046983,276.80272535998785,616.7007482214915,272.63192307692304,641.3513749195979,221.5461207938583,632.7078307450894
236.19023322579832,571.0318030048732,251.635,570.981664544619,251.6601513895863,578.7293565207781,236.2153846153846,578.7794949810321
345.71227976653176,605.5193343392049,409.11192307692306,601.7983424032651,409.8488740796221,614.3547874353218,346.4492307692308,618.0757793712615
225.71692307692308,591.0219203562003,272.6653684343713,591.1775412365673,272.63192307692304,601.2674953154417,225.68347771947484,601.1118744350746
209.96923076923076,142.49988752145035,384.10533219132543,147.1928088399595,382.8657692307692,193.18818075620212,208.72966780867452,188.49525943769294
261.0978764704925,523.0352562951073,293.62884615384615,520.40340380742,294.9925081448921,537.258925572639,262.46153846153845,539.8907780603262
230.96615384615384,261.7428132886153,399.24046218999973,266.62470850385523,398.61346153846154,288.2368276331975,230.33915319461565,283.3549324179575
241.46461538461537,382.54788463885967,332.17516437738436,387.7357675688794,330.3734615384615,419.23868616691004,239.66291254569254,414.0508032368903
225.10694792349545,663.1522203949261,540.3426923076923,656.6002562420184,540.9526674611199,685.948092563938,225.71692307692308,692.5000567168456
267.71076923076924,236.06511155788715,362.72538210761024,239.43542247791868,361.86884615384616,263.58258100216204,266.85423327700516,260.2122700821305
409.44,705.4070480295786,629.6133619227589,705.6901352261395,629.5796153846154,731.9367788278139,409.4062534618564,731.6536916312531
218.69895739020689,709.3150436652143,382.8657692307692,700.2017373891977,384.6345041482546,732.0636724103895,220.4676923076923,741.1769786864061
