201.97817062273256,42.078902088288835,239.5,32.907548904418945,253.52182937726744,90.27364078890844,216.0,99.44499397277832
95.64384574407694,135.8624587842322,184.46153846153845,131.4605971116286,184.8176927174615,138.64682912329485,96.0,143.04869079589844
90.7372898091642,158.57257344683893,154.92307692307693,155.60824907743014,155.2627101908358,162.96224476229568,91.07692307692308,165.92656913170447
93.20301514097454,148.08176103001318,221.3846153846154,142.33265128502478,221.7200617821024,149.81173203545407,93.53846153846153,155.56084178044244
83.18712619998449,110.62116459522744,228.76923076923077,103.89943225567157,229.27441226155395,114.84086537538178,83.6923076923077,121.56259771493765
68.92307692307692,290.2981662750244,189.71011910958075,293.75980810549424,189.3846153846154,305.1176071166992,68.59757319811155,301.6559652862294
66.40433953638548,257.4950484071926,105.6923076923077,257.332915856288,105.74950661746068,271.1933623701195,66.46153846153847,271.35549492102405
123.07692307692308,351.0154818021334,189.5897034432543,353.50861556949195,189.3846153846154,358.9800335810735,122.87183501828416,356.48689981371496
64.0,231.89241222234872,110.71589070690241,232.21968901128224,110.61538461538461,246.56605192331168,63.8994939084822,246.23877513437816
189.4324570671634,350.922225458176,206.6153846153846,350.5718448345478,206.72138908668273,355.77038330177743,189.53846153846155,356.12076392540564
191.94146455069125,353.8890121936364,206.6153846153846,353.78144763066217,206.6739200646934,361.7668331550152,192.0,361.8743977179894
16.995464464120253,185.9155936168524,282.9230769230769,183.56101109431341,283.1583816897259,210.13643760673816,17.23076923076923,212.49102012927716
100.87657154688416,349.95035909554827,122.92307692307692,349.8628214322604,122.96958229926969,361.57527739402644,100.92307692307692,361.66281505731433
51.69230769230769,347.8467138730563,100.93905570731121,349.42445679838545,100.76923076923077,354.72527342576245,51.52248275422725,353.1475305004333
140.30769230769232,234.64515201862042,184.67660153497914,235.2598238581814,184.46153846153845,250.78373982356146,140.09262923425163,250.16906798400046
127.94404589982673,255.47539544358307,189.3846153846154,255.2567525276771,189.44056948478863,270.98034350435864,128.0,271.1989864202646
24.615384615384617,-0.20446124558265394,299.8469441696493,-0.1801809200583506,299.84615384615387,8.778593870309683,24.61459429188915,8.75431354478538
76.3076923076923,330.65839306207806,241.08361086647216,330.76679816441174,241.07692307692307,340.9322483356182,76.30100451814323,340.82384323328455
