217.9114877231218,446.93329120587975,648.4350000000001,444.48667533874516,648.7019738153398,491.46524120598906,218.17846153846156,493.91185707312366
129.36395706868734,453.16923259431786,154.6626923076923,450.9916092197712,157.35411985438958,482.25951060011556,132.0553846153846,484.43713397466223
80.38153846153847,485.68852188238736,200.638366050847,485.9773026445751,200.595,504.03620539289255,80.3381724106915,503.7474246307048
413.39076923076925,522.4351565507742,461.4443819795515,579.083638080626,447.48115384615386,590.9283255166274,399.4275410973716,534.2798439867756
459.11216161208864,212.14218869900446,493.41346153846155,211.76036007917847,493.62437684944985,230.70778561414463,459.32307692307694,231.08961423397065
269.73011055330977,626.3210149264266,435.99807692307695,625.4844583379306,436.1202740620749,649.7714821648667,269.8523076923077,650.6080387533628
459.32307692307694,277.2705960933979,511.63498325091484,304.2813321140055,504.8965384615385,317.33173149402324,452.5846321337006,290.3209954734156
422.83957181139544,843.0863811218424,453.22269230769234,835.2131746497522,455.25696665014306,843.0635470092612,424.87384615384616,850.9367534813515
98.34192096468469,89.95049826879284,246.52730769230772,42.03482210012583,257.2746174968538,75.27225892689997,109.08923076923078,123.18793509556697
103.33749792366244,506.0747638879222,183.37038461538464,506.0289915116361,183.3805789994145,523.8538467661327,103.34769230769231,523.8996191424189
229.55669316996114,576.2010561913753,401.54884615384617,575.4815809613008,401.65369144542353,600.5450809608014,229.66153846153847,601.2645561908759
484.5990060285122,130.9595530470773,579.5365384615385,120.64300535642184,582.9683016637955,152.22364067029238,488.03076923076924,162.54018836094784
459.32307692307694,326.72489889731776,523.6197104168116,342.69901089790307,516.3796153846154,371.84077081093426,452.0829818908807,355.86665881034895
483.8294121837897,78.13302100784747,631.2103846153847,61.477317633995646,635.4117416623642,98.65377744585032,488.03076923076924,115.30948081970216
476.54769230769233,803.3018922835131,505.4966105557549,804.4550598709777,504.8965384615385,819.5191651989863,475.9476202134759,818.3659976115216
