142.34030292638735,60.83934062361984,463.0,54.71421527862549,464.6596970736127,141.60190016388626,144.0,147.72702550888062
699.0769230769231,306.98900780311,782.8265441121147,308.5119345129205,782.4615384615385,328.5845254751352,698.7119174263469,327.0615987653247
89.33737515444501,279.2305404138567,211.3846153846154,226.8841810960036,220.5087786917088,248.15746476943653,98.46153846153847,300.5038240872897
355.0974382935032,278.26806862537813,472.3076923076923,227.60279259314905,481.51794632188137,248.91001318051127,364.3076923076923,299.57528921274036
89.24015055987304,87.06498149103496,142.46153846153845,58.992552537184494,151.68292636320388,76.47501062134485,98.46153846153847,104.54743957519531
616.0281934250155,82.11906037449343,738.1538461538462,29.257598876953125,747.3564219595999,50.518278117093125,625.2307692307693,103.37973961463341
147.52370491812832,48.07712501628013,191.69230769230768,39.60347336989183,196.78398738956398,66.14366966145425,152.6153846153846,74.61732130784254
89.233006971185,475.61140148484753,211.3846153846154,425.094727736253,220.6131468749688,447.40973545926306,98.46153846153847,497.92640920785755
350.0525574647888,474.7667147074631,472.3076923076923,426.22330181415265,481.6397502275189,449.7258108334023,359.38461538461536,498.26922372671277
625.8388256568775,469.810370364472,738.1538461538462,425.99815251277045,747.3919435738918,449.68052131221066,635.0769230769231,493.49273916391223
616.1633212881202,279.61082928698283,738.1538461538462,227.56894273024338,747.2212940964953,248.82379736566142,625.2307692307693,300.8656839224008
