533.3333333333334,24.687469244003296,766.7204968018023,24.884649774265267,766.6666666666666,88.59916830062866,533.2795031981977,88.40198777036669
659.2,615.7270584106445,743.453184270136,624.8795043888497,742.0,638.2568466186524,657.746815729864,629.1044006404471
12.8,130.396531021595,114.98788547369489,131.18196207486156,114.8,155.62665290832518,12.612114526305126,154.84122185505865
281.6,585.429467010498,377.6838969701086,589.1273819552321,377.2,601.7006042480468,281.1161030298914,598.0026893033129
38.4,629.6914138793945,96.66593726338638,634.3371257313181,95.6,647.7059776306153,37.33406273661363,643.0602657786916
38.4,578.8923221588135,122.18355984540236,585.4464750482923,121.2,598.0195941925049,37.41644015459765,591.465441303026
38.4,643.2904262542725,84.03251766510748,647.5323296807782,82.8,660.7912086486816,37.16748233489252,656.5493052221759
281.6,598.3366638183594,346.13305703041095,602.9895597776658,345.2,615.9305374145508,280.66694296958906,611.2776414552443
281.6,636.4308822631835,339.1864495836708,638.189064693131,338.8,650.8466018676758,281.2135504163292,649.0884194377284
486.39942588065253,105.34374650992682,799.6,105.33898975849152,799.6005741193475,143.14094592652987,486.4,143.14570267796518
281.6,648.7790237426758,352.53968464110676,653.6475462967618,351.6,667.3397766113281,280.66031535889323,662.471254057242
537.5052848025332,726.5896257826163,748.4,725.975848197937,748.4947151974668,758.5201037934946,537.6,759.1338813781738
281.6,572.2007400512696,339.1438390584293,573.900417079961,338.8,585.5413459777832,281.25616094157067,583.8416689490916
38.4,593.5189224243164,122.05878012774345,599.5271708412046,121.2,611.4848152160645,37.54121987225656,605.4765667991762
6.327872591280059,727.5417566000407,198.0,727.1025184154511,198.07212740871995,758.5770448998626,6.4,759.0162830844522
710.3236478285592,338.8844819787176,742.0,338.599068069458,742.0763521714409,347.072930741009,710.4,347.3583446502686
281.6,622.1801864624024,345.68917592699296,624.4895406064302,345.2,638.0651466369629,281.11082407300705,635.755792492935
620.8,631.6146835327148,743.3326385715234,642.9629522700786,742.0,657.352082824707,619.4673614284767,646.0038140873432
38.4,608.2342943191528,96.37124161603116,611.9201470054641,95.6,624.0502666473388,37.628758383968844,620.3644139610276
38.4,657.4389133453369,103.19809675881443,663.2418192333683,102.0,676.6203559875488,37.201903241185576,670.8174500995174
249.6,127.35519866943359,371.8989791126959,133.10949545681459,370.8,156.46665420532227,248.5010208873041,150.7123574179413
620.8,593.7515174865723,743.3160949748357,604.9393942233958,742.0,619.3516746520996,619.4839050251643,608.1637979152761
6.385593441639482,785.3583901227231,191.6,785.1784828662873,191.6144065583605,800.0100255741959,6.4,800.1899328306317
672.0,652.7824661254883,743.2825277122242,658.8198764481792,742.0,673.9624313354492,670.7174722877758,667.9250210127582
223.95559617950957,727.4813501870445,441.2,727.1761878967285,441.24440382049045,758.7871759379098,224.0,759.0923382282257
562.9716782471684,785.6008048045636,742.0,783.0123611450196,742.2283217528317,798.8041131031512,563.2,801.3925567626953
217.6,783.2712718009949,422.0306148512219,783.6471855451689,422.0,800.2962518692017,217.5693851487781,799.9203381250276
