57.592655407048916,374.5410210364248,102.2,374.5160103619099,102.20734459295109,387.61532875367146,57.6,387.6403394281864
303.9449911404033,282.5952197369801,358.2,282.4036834716797,358.25500885959667,297.98562123210564,304.0,298.17715749740603
63.96507030508458,212.8960378817801,140.6,212.5301025867462,140.63492969491543,219.84515186030822,64.0,220.2110871553421
64.0,160.9873544692993,201.41089772221898,161.15710188502766,201.4,169.97883143424988,63.989102277781036,169.80908401852156
64.0,172.3777909874916,150.2116042113741,172.5001394922793,150.2,180.676926612854,63.988395788625894,180.55457810806632
92.76585849254676,302.4482393167528,188.6,302.1289083957672,188.63414150745322,312.37508827228226,92.8,312.69441919326783
64.0,121.28923468589782,172.6686758983269,121.8784418604233,172.6,134.5444772720337,63.93132410167308,133.95527009750822
307.2,125.06406078338622,348.63981325044097,125.14342837939702,348.6,145.9309253692627,307.16018674955905,145.8515577732519
63.92256086565006,182.8036211218959,115.0,182.28585615158082,115.07743913434994,189.925215509879,64.0,190.44298048019408
118.29263773724574,240.72883112907553,159.8,240.23623638153077,159.90736226275425,249.28287026405192,118.4,249.77546501159668
290.8612247686216,323.97776697783513,374.2,322.70363540649413,374.5387752313784,344.8623460897918,291.2,346.1364776611328
63.95005823927488,151.58152811141284,166.2,150.96038513183595,166.2499417607251,159.18158748535842,64.0,159.8027304649353
63.99211805605487,222.41125602465655,150.2,222.3228838443756,150.20788194394513,230.0117933060548,64.0,230.10016548633575
115.1761353000799,363.0097119739526,169.4,362.88816568851473,169.4238646999201,373.5346141168601,115.2,373.656160402298
51.2,388.87970675230025,207.81362527386472,389.1689969926909,207.8,396.54533824920657,51.1863747261353,396.2560480088159
118.4,251.7146151781082,179.00855637508238,251.79619748763798,179.0,258.1528395652771,118.39144362491761,258.07125725574735
291.2,256.092569732666,371.00083145227643,256.0956841420775,371.0,277.40007101148365,291.19916854772356,277.3969566020722
63.93964887729936,141.72462021936886,108.6,141.37886953353882,108.66035112270065,149.1743778027106,64.0,149.52012848854065
64.0,259.9125726699829,179.05668328529111,260.8289018280968,179.0,267.9462032318115,63.9433167147089,267.02987407369767
291.0571278327149,164.67070292308284,367.8,164.36043300628663,367.9428721672851,199.698762237287,291.2,200.00903215408326
115.18427972174634,375.21840911913216,230.2,375.067710018158,230.21572027825363,387.06565237235725,115.2,387.21635147333143
64.0,268.7074847698212,201.47553680714995,270.2203901820462,201.4,277.0843111038208,63.924463192850055,275.57140569159577
60.798821445633145,202.78667167925704,153.4,202.77193594872952,153.40117855436685,210.17811938545242,60.8,210.1928551159799
57.57557437026229,319.52341647262654,204.6,319.202591753006,204.62442562973771,330.39613128786004,57.6,330.71695600748063
63.99633224519255,250.486574341519,105.4,250.46714394986628,105.40366775480746,258.2826581282781,64.0,258.30208851993086
274.888622252455,66.47092982297217,387.0,65.17522010803222,387.311377747545,92.11720246309962,275.2,93.41291217803955
76.75082037940842,282.01344899708977,115.0,281.8163044452667,115.04917962059157,291.3579332870747,76.8,291.5550778388977
41.54583476201431,340.7280370867103,239.8,340.2510753631592,239.85416523798568,362.76542716862264,41.6,363.2423888921738
16.0,16.333025997877122,380.7729050562852,18.004560286846306,380.6,55.73700771331787,15.827094943714798,54.065473424348696
60.76638275267415,192.74618481784174,159.8,192.305827999115,159.83361724732586,199.86614604801827,60.8,200.306502866745
64.0,238.5379614830017,99.06548334768146,238.72854384723018,99.0,250.77690544128419,63.93451665231854,250.5863230770557
