21.04010063355381,105.25845091717804,766.6666666666666,101.9179032643636,766.9598993664462,167.36887529316184,21.333333333333332,170.70942294597626
18.005404642728905,600.3508407927527,510.6666666666667,575.8297322591146,513.9945953572711,642.6921885950393,21.333333333333332,667.2132971286774
85.17799121777684,256.2358564738375,745.3333333333334,254.90433549880981,745.4886754488898,331.92146805883027,85.33333333333333,333.252989033858
91.33611351134252,805.5278869633137,176.71,803.4225342845917,177.2138864886575,823.8555706687512,91.84,825.9609233474731
6.5600000000000005,940.6074505221844,67.04597234879517,946.8817840196466,65.19,964.773770828247,4.704027651204824,958.4994373307849
343.7682631009057,698.0759470453636,511.27000000000004,673.3512514877319,515.1817368990943,699.8519913396462,347.68,724.5766868972778
201.09061868248077,1040.5874828866106,485.03000000000003,992.915499610901,487.2993813175192,1006.4321750876326,203.36,1054.1041583633423
376.23671935036907,747.6904468083133,485.03000000000003,731.1176292419434,489.2732806496309,758.9729061579953,380.48,775.5457237243653
194.101418646001,975.8857940367245,550.63,909.4571275901794,553.3285813539991,923.9406545564152,196.8,990.3693210029602
273.47179353621914,702.4196718685572,321.03000000000003,698.9362233734131,323.0782064637809,726.8996125323828,275.52,730.3830610275269
344.00419153535967,791.2287180678184,504.71000000000004,761.7933732032776,508.3858084646404,781.8618919785685,347.68,811.2972368431092
155.98541361725788,710.9725989251074,242.31,706.2494394683838,243.76458638274212,732.8347303099696,157.44,737.5578897666932
176.26453734636334,764.8400991838554,229.19,763.2275231552125,230.0454626536367,791.3041880208871,177.12,792.91676404953
573.0627821927429,657.4561054440061,635.91,644.0815660095215,646.6872178072571,694.7239195804079,583.84,708.0984590148926
200.2840025411874,1062.9628967100336,583.4300000000001,976.5468411254883,586.5059974588125,990.1850025361823,203.36,1076.6010581207277
5.3831167559311615,438.72334710755547,406.31,427.5086832046509,407.48688324406885,469.5825371401648,6.5600000000000005,480.7972010430694
454.2302077840304,1044.2598984251258,570.3100000000001,994.5626988220215,575.2797922159696,1006.170846814132,459.2,1055.8680464172364
719.2931842720343,354.04730410188813,753.99,348.92999450683595,756.2968157279657,364.5708617916666,721.6,369.68817138671875
706.9687678952471,398.49167101274406,747.4300000000001,394.25873876571654,748.9412321047529,408.70411832441414,708.48,412.93705057144166
175.48235115237668,736.5531364665825,222.63,733.7248682022094,224.26764884762335,761.0247158779305,177.12,763.8529841423035
292.4866830640797,1063.2098909276745,491.59000000000003,1018.3849197006226,494.3033169359203,1030.436916323302,295.2,1075.261887550354
202.45910241465796,800.8401602269851,261.99,798.2343667984009,262.8908975853421,818.8159068773546,203.36,821.4217003059388
201.4531258306089,1020.686020286222,432.55,989.1321827888489,434.45687416939114,1003.0979218219325,203.36,1034.6517593193055
385.73888547270525,1055.957373346779,544.07,1040.220876197815,545.3711145272947,1053.3119034629135,387.04,1069.0484006118775
280.4197462674535,795.3629816657553,327.59000000000003,791.6912395095825,329.2502537325465,813.0202398842325,282.08,816.6919820404053
194.0716088496508,993.7435753949607,550.63,925.5093320274353,553.3583911503492,939.7665540758645,196.8,1008.00079744339
621.3634823383693,449.18705988349944,668.71,444.6688803291321,670.5465176616308,463.91395787773104,623.2,468.4321374320984
6.5600000000000005,1039.0896290361882,177.99432242532006,1052.2910840568875,176.71,1068.9693172073364,5.275677574679938,1055.767862186637
195.29399413733174,1002.5735686647264,380.07,983.1094475746155,381.57600586266824,997.4062014234695,196.8,1016.8703225135804
39.36,705.4012936496734,125.54182532994957,709.2810415808452,124.23,738.4209505271912,38.048174670050415,734.5412025960195
188.30272239801806,934.3302858583203,452.23,900.1744361495972,454.167277601982,915.1440652998218,190.24,949.299915008545
706.5341196911671,380.645239433277,753.99,373.995893573761,755.9358803088329,387.88349469758236,708.48,394.5328405570984
13.120000000000001,1056.3251910448075,46.10332074493374,1058.5949080656299,45.51,1067.216991019249,12.526679255066261,1064.9472739984267
59.04,766.0211107158661,106.08147969731345,768.6437963045414,104.55,796.1129948234558,57.508520302686556,793.4903092347805
-0.7670040265637516,297.4577933830412,84.87,295.6139186668396,85.63700402656374,331.23668974455285,0.0,333.0805644607544
0.0,999.2752088928223,106.50649837064651,1010.9532802236539,104.55,1028.7969621658326,-1.9564983706465051,1017.1188908350009
187.6870403468838,957.6582072715387,544.07,894.4865956306458,546.6229596531163,908.8891301460638,190.24,972.0607417869568
533.336732289001,418.0877726468601,681.83,402.87944843292235,686.413267710999,447.6302302828274,537.92,462.83855449676514
327.4248363878656,859.7154750959253,530.95,820.4822501754761,538.0851636121345,857.4964223344946,334.56,896.7296472549439
376.7377419374253,720.5294768187352,478.47,705.7526250839234,482.21225806257473,731.5164596131496,380.48,746.2933113479614
255.81877565459445,-0.289752221865665,780.23,-0.735228819847107,780.2512243454056,24.24988826708318,255.84,24.695364865064622
