303.2307692307692,344.94642077812784,493.9684170359792,364.66205299071726,491.7392307692308,386.22817577362065,301.0015829640208,366.51254356103124
201.76326850912662,512.6220064257268,218.07346153846154,511.64987970498896,218.4640391831811,518.202931526755,202.15384615384616,519.1750582474929
289.4217902858812,519.9695521630276,315.1073076923077,513.9382874492499,316.78705586796497,521.0918784540848,291.1015384615385,527.1231431678625
240.9061086470155,378.1551703684321,278.7196153846154,374.1567421619709,280.3981221222153,390.030536201533,242.5846153846154,394.02896440799424
8.519353650479028,44.56693181249848,96.78115384615386,-4.2788529660151555,100.3910309649056,2.2440077973225505,12.12923076923077,51.089792575836185
218.01734024006342,517.1018331471921,230.20269230769233,516.4577587520159,230.51150591378274,522.3002554289047,218.32615384615386,522.9443298240809
331.5323076923077,266.073425916525,388.22567051245085,276.7867040344688,383.8396153846154,299.997173507397,327.14625256447226,289.2838953894532
148.55304795021104,554.2248026264068,189.7719230769231,547.7918454100536,190.8127212805582,554.4607116476035,149.59384615384616,560.8936688639568
164.61026778850626,511.5731604071167,218.07346153846154,502.44944849197685,219.22934759610914,509.222718058976,165.76615384615386,518.3464299741158
299.1876923076923,218.3239415931702,437.51635182017384,225.47652866878684,436.3996153846154,247.07384059612568,298.0709558721339,239.92125352050903
234.218561322055,513.0265583658377,250.41807692307694,512.2142025474402,250.6979771394835,517.7958058544147,234.49846153846156,518.6081616728122
36.38769230769231,507.7090170632876,438.98728041614305,540.5816579334563,436.3996153846154,572.2734492918162,33.80002727616465,539.4008084216475
80.86153846153847,459.35681863271276,390.42096781966626,477.87359439013653,387.8826923076923,520.3079322756254,78.32326294956457,501.79115651820166
142.41512915268856,362.1443300908558,278.7196153846154,345.7486916718116,281.8552554626961,371.8167104294455,145.55076923076925,388.2123488484896
