200.0,463.3304786682129,271.22449171259046,486.83088755107417,238.75,585.2538204193115,167.52550828740954,561.7534115364501
-0.04144799539153928,48.52317426099054,338.75,48.262237533926964,338.79144799539154,102.07691718147524,0.0,102.33785390853882
520.0,456.88687801361084,626.0528328753418,532.5222113023283,578.75,598.8483476638794,472.6971671246582,523.2130143751618
-1.0999624759852393,495.8573204015602,233.625,445.0481786727905,240.72496247598525,477.84815066706057,6.0,528.6572923958302
503.4014692953747,734.0645611650323,593.625,729.9482831954956,594.2235307046253,743.0673081510689,504.0,747.1835861206055
509.9389718373681,426.892115830173,587.625,426.5749642252922,587.6860281626319,441.52376312137653,510.0,441.8409147262573
167.91070294621667,637.4229787613916,263.625,636.7205266356468,263.71429705378335,648.8879106018974,168.0,649.5903627276421
503.48160955899743,636.528835967621,593.625,633.087678194046,594.1433904410027,646.6672566379699,504.0,650.1084144115448
168.0,736.0165266171098,263.6376656694694,736.1154681718643,263.625,748.3582014217973,167.98733433053062,748.2592598670428
559.8059273411906,304.43817834276257,749.625,238.59441661834717,759.8190726588095,267.98261328321405,570.0,333.8263750076294
166.2173828557658,438.4063458100542,503.625,333.85037326812744,511.4076171442342,358.9652877196089,174.0,463.52126026153564
509.7170151021422,54.019499805982235,719.625,52.82684540748596,719.9079848978579,102.6323798026489,510.0,103.82503420114517
