241.29864665348424,131.7800701440905,310.1957692307692,131.10700513252846,310.3001995003619,141.79682700903027,241.40307692307692,142.4698920205923
307.4926271583873,116.6754819611728,376.29423076923075,116.57707037127935,376.3031420723819,122.80714904112494,307.5015384615385,122.90556063101842
353.4830769230769,59.45854098980243,385.0368063823299,59.91717236203239,384.91576923076923,68.24449963643,353.3620397715162,67.78586826420005
333.36615384615385,299.46492219021684,466.82428625001165,299.5072135637129,466.82038461538457,311.8195323088307,333.3622522115267,311.7772409353346
353.4830769230769,48.92940340115474,382.31702729037664,49.74280147876621,382.04192307692307,59.49490374565124,353.20797270962333,58.68150566803977
241.3083667675494,184.66779569180582,295.82653846153846,184.2083834196971,295.92124861706594,195.44757930907446,241.40307692307692,195.9069915811832
241.3605333583763,150.07218667357142,379.1680769230769,149.4519760605005,379.2106204877775,158.9049328824521,241.40307692307692,159.525143495523
241.0820134340063,202.61217695322554,281.45730769230767,201.5165462875366,281.77837118137825,213.3481180505187,241.40307692307692,214.44374871620764
318.19406950262095,189.86247246510817,436.645,181.82937938396748,437.4478535743021,193.66775246998327,318.99692307692305,201.70084555112396
304.62219800097785,97.52490344343639,384.91576923076923,97.47346898344847,384.9212635374837,106.05054955626547,304.6276923076923,106.1019840162534
307.38243659197485,233.9972687534465,430.89730769230766,231.47699046501745,431.0164095618712,237.31398558357085,307.5015384615385,239.83426387199987
416.6786622139378,214.76324302707587,453.8880769230769,214.5525394450701,453.9171070168314,219.6791385625202,416.7076923076923,219.88984214452594
304.62228296656417,79.72626572024939,393.53730769230765,79.67051879034592,393.54271703343585,88.29828898307792,304.6276923076923,88.3540359129814
304.6276923076923,186.29068331865162,318.8476073050246,186.3441143194465,318.8173076923077,194.40793327991778,304.5973926949754,194.3545022791229
286.9763435590402,96.67706131389079,295.82653846153846,96.3478933745164,296.23481028711365,107.3249199841157,287.38461538461536,107.65408792349008
307.031595367431,219.9997848213992,413.65423076923076,215.53590376780582,414.1241738633381,226.76079318153046,307.5015384615385,231.22467423512384
287.07585937816816,78.38238134837796,295.82653846153846,78.15124145507812,296.13529446798566,89.84037347339938,287.38461538461536,90.07151336669921
240.49004797629144,165.91941776159382,356.1773076923077,158.5326622757545,357.09033663909315,172.83201428456283,241.40307692307692,180.21876977040216
307.5015384615385,228.19683339815873,364.8120032009767,228.3460484457574,364.7988461538461,233.3994026334469,307.4883814144079,233.25018758584824
350.53176034685157,285.7128160475044,399.28499999999997,285.35021167681765,399.3624704223791,295.76634113805005,350.60923076923075,296.1289455087368
413.83384615384614,220.53823871869307,422.29962464091017,220.57951093894783,422.2757692307692,225.47274461342738,413.80999074370516,225.43147239317258
263.5814524427363,5.318575021272223,425.14961538461534,1.6193929144052357,425.9620090957252,37.10209035876552,264.39384615384614,40.80127246563251
310.35891262514366,203.34171308358205,453.8880769230769,202.89529044536442,453.90454891331785,208.1911934556747,310.3753846153846,208.63761609389232
307.49293886667743,209.185533921882,453.8880769230769,208.92894218041346,453.8966765179379,213.83533109886991,307.5015384615385,214.09192284033847
428.2030769230769,220.2956640115151,453.90510334552283,220.37762675088936,453.8880769230769,225.7168035881336,428.186050500631,225.63484084875932
89.08852845103866,240.11143284316188,186.6203846153846,240.10573566286894,186.6210869335767,252.12894598303131,89.08923076923077,252.13464316332426
