223.1390140232885,278.2722676170693,245.365,278.0366998100281,245.42598597671153,283.79076901070016,223.20000000000002,284.0263368177414
252.96,292.822461540699,299.9582877968542,292.943337430815,299.925,305.8861124968529,252.9267122031458,305.7652366067369
126.41944330227099,138.71653103855803,183.365,138.3480405664444,183.42555669772904,147.70631472798632,126.48,148.07480520009995
252.96,278.4526701450348,300.10470725432714,279.1262748606859,299.925,291.7037490081787,252.7802927456729,291.03014429252767
138.88,175.48141239643098,193.33715052276978,175.79146030974343,193.28500000000003,184.9512344813347,138.82784947723025,184.64118656802225
123.84926995176386,164.95634844486102,193.28500000000003,163.80469492912295,193.43573004823617,172.89254192169324,124.00000000000001,174.04419543743134
148.76287049549305,192.95260995447453,190.805,192.54484505176546,190.84212950450694,196.3730397456903,148.8,196.78080464839937
168.52322092978156,204.22478439278603,190.805,203.6732477426529,190.92177907021846,208.39105832152367,168.64000000000001,208.9425949716568
7.44,285.12806599617005,196.01334001348923,287.617699458342,195.76500000000001,306.4278201103211,7.191659986510774,303.93818664814916
121.51843820682649,219.00208493536783,185.845,218.9823659402132,185.84656179317355,224.0771886883818,121.52000000000001,224.09690768353641
9.92,15.080630204081537,302.5038438882741,17.121438678722697,302.40500000000003,31.292354340553285,9.821156111725935,29.251545865912124
133.88019649051583,187.85081532019018,193.28500000000003,187.31492720127108,193.3248035094842,191.72726547938947,133.92000000000002,192.26315359830858
