21.333333333333332,727.7576152315984,788.0043890994795,727.8086526385159,788.0,793.7405981471142,21.32894423385387,793.6895607401966
446.7716567487834,118.52154947064462,724.0,114.5542360941569,725.2283432512166,200.3885355716731,448.0,204.3558489481608
208.06259373420968,239.29261419487344,276.0,233.8759307861328,281.27073959912366,299.98287306912397,213.33333333333334,305.39955647786456
640.0,590.9511998494467,703.7378291437739,592.1121958446306,702.6666666666666,650.9182306925455,638.9288375228928,649.7572346973616
21.287866950068718,15.031144792483351,190.66666666666666,14.907645245393118,190.71213304993128,77.26448465298007,21.333333333333332,77.3879842000703
383.74841562212276,209.48325902296276,766.6666666666666,208.47448301315308,766.9182510445439,303.9726402156237,384.0,304.98141622543335
64.0,82.38181393146515,166.1556884498869,82.93010368469095,166.0,111.93750476837158,63.84431155011309,111.38921501514578
479.784993191996,490.63817457441075,530.8,490.12430610656736,531.015006808004,511.46940599199553,480.0,511.98327445983887
492.7198841192767,591.5149559731633,518.0,591.3361831665039,518.0801158807233,602.6653041128963,492.8,602.8440769195556
166.39967388643444,355.4373234436403,306.8,355.4336136646569,306.8003261135656,367.7757103662451,166.4,367.7794201452285
544.0,480.52812271118165,607.9076674645387,481.854047977559,607.6,496.68317184448244,543.6923325354613,495.35724657810505
396.8,450.9139575958252,447.69744743876754,451.33776400391264,447.6,463.04081001281736,396.70255256123244,462.61700360473
204.7756674565461,309.79438744284636,268.4,309.7042237997055,268.42433254345394,326.8745796372699,204.8,326.96474328041074
678.2617871599475,451.26306621544336,703.6,450.93603439331054,703.7382128400525,461.6446753311875,678.4,461.9717071533203
544.0,495.6985481262207,607.7464681699491,496.5999547383766,607.6,506.95802001953126,543.8535318300508,506.0566134073753
479.8753553410047,543.4267002437584,530.8,542.7627540588379,530.9246446589952,552.3229941989905,480.0,552.9869403839111
396.76562834790917,427.1531567411348,447.6,426.9720791816711,447.6343716520908,436.62132198048386,396.8,436.8023995399475
198.3964821905105,336.8693942295428,274.8,336.850521928072,274.8035178094895,351.0921882344369,198.4,351.11106053590777
204.65978990242658,481.6070382827482,268.4,481.23303003311156,268.54021009757344,505.1282812362948,204.8,505.5022894859314
409.56420494874385,557.2130846836326,434.8,557.1451202392578,434.83579505125607,570.4361371181252,409.6,570.5041015625
172.77265448411302,369.44396477395253,294.0,369.19946336746216,294.02734551588696,382.75776697939676,172.8,383.00226838588713
486.3474627281438,517.9893393326674,518.0,517.7756690979004,518.0525372718562,525.5584000777329,486.4,525.7720703125
179.18756232446722,387.3275017601118,294.0,387.2369535446167,294.0124376755328,403.00755530775933,179.2,403.0981035232544
605.2983362126463,371.44195454037424,658.8,363.04083251953125,661.5016637873538,380.246094776032,608.0,388.647216796875
618.2415113357506,388.19582514144895,646.0,381.5665588378906,648.5584886642494,392.2796265187073,620.8,398.9088928222656
665.4045978181499,434.39070307793384,716.4,433.803263092041,716.5954021818501,450.76603901801343,665.6,451.3534790039063
383.96042900144323,388.6092243489276,454.0,388.4926173686981,454.03957099855677,412.2607979479779,384.0,412.3774049282074
371.2,438.47220215797427,460.41894263511915,438.6348323882395,460.4,449.02676181793214,371.18105736488087,448.8641315876669
