355.5342835153648,306.5866564347947,425.10769230769233,259.63701171875,431.91187033078904,269.7199391180899,362.33846153846156,316.66958383413464
75.80076090143764,381.5592245485437,141.53846153846155,337.8941481370192,148.44539294471622,348.2925219959275,82.70769230769231,391.95759840745194
201.15928980358999,287.7080265300602,267.5692307692308,240.2311232346755,275.1484025041023,250.83274871032444,208.73846153846154,298.30965200570915
299.7305711838697,71.20621156124231,358.15384615384613,30.758678260216346,365.6232749699764,41.547679664719226,307.2,81.9952129657452
43.76008053746653,264.87383059637887,102.15384615384616,223.3741436298077,109.59376561637963,233.84277472213074,51.2,275.3424616887019
90.53822890016214,536.2038883179625,429.04615384615386,535.5152415348933,429.0925403306071,558.3167603742419,90.58461538461539,559.0054071573111
343.08839270912245,181.22043307819843,409.3538461538462,133.9502732496995,416.7885303678006,144.37255069584003,350.5230769230769,191.64271052433895
209.52788302403226,416.67185869846384,287.26153846153846,362.0971956693209,294.3490400528908,372.19230896980537,216.6153846153846,426.7669719989483
82.75984144921046,512.3736047758964,145.47692307692307,466.944140625,153.301697012328,477.7465349476613,90.58461538461539,523.1759990985577
133.86090410611314,489.7240860527983,366.03076923076924,489.4879312955416,366.0775574323484,535.4866254410606,133.90769230769232,535.7227801983173
162.10868177417078,175.42620712864084,232.12307692307692,126.13032789963943,239.3682413027523,136.4205551910707,169.35384615384615,185.71643442007212
