166.95932221104638,390.5794854393372,270.875,390.09372880268097,270.9716777889536,410.7755624785056,167.05599999999998,411.2613191151619
163.6612941811701,34.8908360522494,270.875,33.85872965335846,271.1177058188299,59.070655757595574,163.904,60.10276215648651
163.70133894851463,271.88974384469515,270.875,271.0344891090393,271.0776610514854,296.4303459628152,163.904,297.28560069847106
163.904,122.47685986232757,277.62925372433665,124.46758276953457,277.179,150.18950461769103,163.45374627566335,148.19878171048404
163.904,241.03640098190306,271.1792598829975,242.2840484641703,270.875,268.4449300308228,163.5997401170025,267.1972825485555
163.904,359.9838506679535,271.0503486216139,360.7402146944181,270.875,385.5800588493347,163.72865137838605,384.82369482287004
72.496,330.51759220026435,229.9011571700791,330.53092078723427,229.899,356.00621656404434,72.49384282992088,355.9928879770744
75.60511903795987,211.99380579666354,233.051,211.74009658658505,233.09388096204012,238.35099826737186,75.648,238.60470747745038
160.28799910553226,9.088511922360686,267.723,6.824335012435913,268.1870008944677,28.841137804506985,160.752,31.105314714431763
160.752,151.96024083185196,286.8412578846687,152.94171296146564,286.635,179.43956534671784,160.54574211533128,178.45809321710416
110.32,300.88178795409203,321.3810690709924,301.5172568027778,321.307,326.1181437559128,110.24593092900756,325.48267490722696
69.344,93.36457711863518,230.14616592191436,94.9978210672974,229.899,119.33271336460113,69.09683407808562,117.69946941593892
107.05060556117061,183.66491068452098,321.307,182.63227939271925,321.4243944388294,206.98996581036351,107.16799999999999,208.0225971021652
100.8085213831779,64.50573401353307,324.459,63.989724385023116,324.5144786168221,88.0354369448667,100.864,88.55144657337665
