21.066666666666666,227.4276217541706,778.1521515235296,227.44883003366667,778.15,304.2531382289094,21.06451514313691,304.2319299494133
42.13333333333333,140.44917696285992,778.1756868151937,140.66703387779134,778.15,227.45144425382216,42.107646518139575,227.23358733889071
21.066666666666666,23.22566919028759,696.5958620558409,40.29423618267618,693.8833333333333,147.6490215142568,18.35413794415907,130.58045452186818
581.4399999999999,544.5948706054687,600.1296977990638,544.7487976743628,600.005,559.8895016288757,581.3153022009361,559.7355745599816
353.91999999999996,641.0343231201172,372.9589702677952,641.6329949642845,372.48499999999996,656.7062039756775,353.44602973220475,656.10753213151
486.64,6.5752444094419475,770.6902125732511,6.930725453697142,770.645,43.05822437524795,486.5947874267489,42.70274333099275
537.1999999999999,659.4704174232483,569.2349439045125,661.3069428183625,568.405,675.7838493156432,536.3700560954875,673.947323920529
543.52,626.1480657482147,562.4868639176366,626.6985261847892,562.0849999999999,640.5452946949005,543.1181360823633,639.994834258326
537.1999999999999,575.579139432907,568.6178191830371,576.0306358971335,568.405,590.8398650741577,536.9871808169628,590.3883686099313
499.28,538.8635598945617,532.0136111735427,541.7466797204153,530.485,559.1018251228332,497.75138882645723,556.2187052969796
706.3717913485905,310.0602553993626,745.3649999999999,308.7270600891113,746.8332086514094,351.6691300529079,707.8399999999999,353.0023253631592
537.7305256104162,326.8421845170144,574.7249999999999,320.1936323547363,580.5144743895837,352.40794861592013,543.52,359.0565007781982
436.08,447.05846223831173,506.2120835699722,449.00095884369114,505.205,485.3608005523681,435.07291643002776,483.4183039469888
398.15999999999997,644.931187133789,423.529298540988,645.7691721956879,423.04499999999996,660.4309064292908,397.6757014590119,659.5929213673919
442.4,647.1687170886993,480.3768411427503,648.3274632874093,479.92499999999995,663.1361412525176,441.9481588572496,661.9773950538076
6.319999999999999,10.010514804422854,45.5123823967707,11.475405500198192,43.845,56.085347173213954,4.6526176032293005,54.620456477438616
