319.2,297.05355937480925,391.68111344766686,297.2099346511939,391.65,311.631251001358,319.16888655233316,311.47487572497334
279.8880873665146,422.6706859194388,430.84999999999997,421.5178668498993,430.96191263348544,436.17285100587696,280.0,437.32567007541655
263.2,562.7203583240508,436.63351866167875,564.2142095122125,436.45,585.5204061985015,263.0164813383213,584.02655501034
307.9496233899945,533.2458430797959,397.25,533.0365703701973,397.3003766100055,554.5331632821654,308.0,554.7424359917641
296.8,316.2275824306533,414.05065695316625,316.23294799782343,414.05,330.58896813225,296.79934304683377,330.58360256507984
296.73117806288633,397.1046532088152,414.05,396.5621271133423,414.11882193711364,411.4445607012876,296.8,411.98708679676054
619.8369209887436,206.44617564632128,660.4499999999999,204.74320011138914,662.2130790112565,246.7896451239424,621.6,248.4926206588745
347.2,350.58087677955626,363.73117830979174,350.75060664718933,363.65,358.65712971687316,347.1188216902082,358.4873998492401
324.53476695632213,449.7377146802359,380.45,448.65954580307005,380.7152330436778,462.4148746409005,324.8,463.4930435180664
619.8462469690794,86.62189205445046,660.4499999999999,84.92528553009033,662.2037530309206,126.89668781005149,621.6,128.5932943344116
330.4,340.64626488685604,352.5437153394884,340.91806892470976,352.45,348.5530025959015,330.3062846605116,348.2811985580478
618.0121624994986,146.1609034671534,660.4499999999999,142.74571304321287,664.0378375005014,187.3288975582372,621.6,190.74408798217772
