54.15384615384615,411.4191898199228,329.7250976254685,414.71694928382266,329.53846153846155,430.3128532996544,53.967210066839165,427.0150938357546
142.56759578369704,562.2235397221436,186.76923076923077,539.106698843149,191.8939426778414,548.9056435335655,147.69230769230768,572.0224844125601
236.30769230769232,444.7811598410973,339.4275568212376,445.16869162106457,339.38461538461536,456.5951483799861,236.26475087107005,456.20761660001887
236.30769230769232,524.1026737139775,319.70781834023296,524.2273293291787,319.6923076923077,534.6046395668617,236.29218165976707,534.4799839516604
73.84615384615384,614.0569351636447,157.423625332792,615.3555220705106,157.23076923076923,627.7678028987004,73.6532977441311,626.4692159918345
236.30769230769232,537.0916486153236,354.19781060827967,537.5877977665855,354.15384615384613,548.0342022822454,236.26372785325884,547.5380531309835
49.23076923076923,378.78321596292346,167.42655775767142,381.2122746684294,167.07692307692307,398.22518040583685,48.8811345500209,395.7961217003309
39.38461538461539,31.33257401906527,374.0756591923304,33.46216893037253,373.84615384615387,69.53165024977464,39.1551100384388,67.40205533846739
251.07692307692307,485.2652561481182,324.7033900331438,485.84501871369537,324.61538461538464,497.0211938711313,250.9889176591639,496.44143130555415
280.61538461538464,272.3879520709698,364.2452637596594,273.1595075185956,364.0,299.74395928016077,280.3701208557253,298.97240383253495
246.15384615384616,472.7837154681866,300.18740603984673,473.7492683003719,300.0,484.2367477416992,245.9664401139994,483.27119490951395
251.07692307692307,500.17529993790845,359.0938329868532,500.36620627128974,359.0769230769231,509.9340198957003,251.06001316699292,509.7431135623191
82.39694836638198,452.7666203919582,176.92307692307693,442.7326372586764,178.21843624900262,454.935697652851,83.6923076923077,464.9696807861328
249.76233164817404,586.5814011150296,339.38461538461536,577.0463321392352,340.6992068133644,589.4024762136963,251.07692307692307,598.9375451894907
102.35279344059639,630.4250546717884,437.84615384615387,622.9028560931866,438.87797579017285,668.9225679795319,103.38461538461539,676.4447665581337
39.21639464654968,87.24054082379728,162.15384615384616,86.63221417940579,162.32206689191187,120.62814222092976,39.38461538461539,121.23646886532123
236.25910026233953,459.3136792465651,300.0,459.02644421504095,300.0485920453528,469.80960208559765,236.30769230769232,470.09683711712177
393.84615384615387,33.40032489483173,506.7896493930805,33.470353755808304,506.7692307692308,66.40178687755878,393.82573522230416,66.33175801658221
103.8416400816844,472.66990578138723,127.6923076923077,459.7754375751202,132.1583599183156,468.03621463628104,108.3076923076923,480.9306828425481
39.15509824276818,270.7425410892992,167.07692307692307,269.5470658815824,167.3064402187703,294.10654768956334,39.38461538461539,295.30202289728015
438.15384615384613,628.1408879206731,496.346587599314,633.4371336936206,492.0,681.1954627403846,433.80725855453215,675.8992169674372
83.6923076923077,536.2622422438401,132.57434280778898,561.3067085534561,127.6923076923077,570.8355126014122,78.8102725768264,545.7910462917963
39.38461538461539,314.32765711270844,364.4063439934929,317.7245464575725,364.0,356.60441970825195,38.97827139112248,353.20753036338795
117.86618711606168,179.25589084392305,265.53846153846155,178.23919120201697,265.826120576246,220.0207190170107,118.15384615384616,221.03741865891678
