465.8950421258966,9.062030334615178,689.5,6.628419955571493,690.2716245407702,77.5268161899413,466.6666666666667,79.96042656898499
52.40744688615168,8.639399261188789,129.5,5.107996304829916,133.09255311384834,83.53549244909259,56.0,87.06689540545146
130.66666666666669,616.4923859809836,222.93309709797455,616.6542210937456,222.83333333333334,673.5321525434654,130.56690290202548,673.3703174307034
504.0,114.73945689201355,671.6002755454775,116.47031116447252,670.8333333333334,190.734059492747,503.23305778785596,189.003205220288
504.0,190.82014401753744,711.2052916063373,221.22209052579527,670.8333333333334,496.3782679239909,463.6280417269962,465.9763214157331
36.279330004544676,467.01005979457204,129.5,465.5726896921794,130.55400332878867,533.9300990494221,37.333333333333336,535.3674691518148
18.384620257513316,374.3353162765569,110.83333333333334,373.93121639887494,111.11537974248668,438.4569165882899,18.666666666666668,438.8610164659719
324.8,353.0489277601242,391.7377129078005,353.52615897605665,391.65,365.82900347709653,324.71228709219946,365.35177226116406
392.0,126.74478540420532,436.52746054278504,127.19315006187031,436.45,134.88581986427306,391.92253945721495,134.43745520660806
397.59999999999997,136.1682554244995,436.5364996436244,136.50432009977897,436.45,146.52618074417114,397.5135003563756,146.19011606889168
498.4,484.06162109375,573.3071008790918,487.49771075744616,570.85,541.0627574920654,495.94289912090824,537.6266678283692
308.0,321.0556132316589,408.69958870942014,322.50874606405,408.45,339.8048113822937,307.7504112905799,338.3516785499026
22.866959160920324,277.12709124311783,55.65,274.28388686180114,60.783040839079675,333.4694623209538,28.0,336.3126667022705
599.1999999999999,485.23956661224366,672.4737256374799,486.4465085391953,671.65,536.4550839424134,598.37627436252,535.2481420154617
364.0,98.55772838592529,436.71896552902007,99.85522256654883,436.45,114.92958307266235,363.7310344709799,113.63208889203881
375.2,116.54821566343307,436.4652477605614,116.6731593314542,436.45,124.1497913479805,375.1847522394386,124.02484767995938
117.34866596919893,561.4932728377173,201.25,561.1022211551666,201.50133403080105,615.02670585243,117.6,615.4177575349808
13.274657734323235,197.95420345459965,94.85,192.87192907333375,98.37534226567676,249.45702864731763,16.8,254.53930302858353
369.59999999999997,633.7741326093674,688.7635729665353,635.92458779108,688.4499999999999,682.4640689373016,369.2864270334647,680.313613755589
291.2,605.0754168510437,408.7369120580849,607.890152393192,408.45,619.870943069458,290.91308794191514,617.0562075273097
