465.587322631861,50.00522049754151,596.0,43.33325958251953,599.7460107014723,116.55420485646239,469.3333333333333,123.22616577148438
170.66666666666666,380.3155657450358,302.8150130244616,389.75450365164755,297.3333333333333,466.49988683064777,165.1849869755384,457.06094892403604
533.3333333333334,202.44940821329752,661.0022964574403,204.1976410216727,660.0,277.39278348286945,532.3310368758931,275.64455067449427
640.0,71.5743834177653,767.1332295548835,72.37828431862937,766.6666666666666,146.1630589167277,639.5334371117832,145.35915801586364
332.4990830667367,460.77954392633274,383.6,458.7814880371094,383.90091693326326,466.47753462591334,332.8,468.47559051513673
95.99384899631403,56.02616726585569,217.2,55.96389281749725,217.206151003686,67.93572879902182,96.0,67.99800324738025
330.6287769605791,441.09882038244723,466.8,426.5229850769043,468.97122303942086,446.80711223474026,332.8,461.3829475402832
409.21513651511816,454.29288151547917,441.2,452.67694702148435,441.58486348488185,460.2947100372552,409.6,461.91064453125
76.02594673745938,28.753672544124697,217.2,25.354667282104494,217.97405326254062,57.50414281689825,76.8,60.903148078918456
185.6,541.5409545898438,218.93094206555574,548.2056313967729,217.2,556.8623046875,183.86905793444424,550.1976278805708
224.0,639.0004583358765,358.0538864522816,639.9000068301083,358.0,647.9303558349609,223.94611354771843,647.0308073407291
217.6,613.4688522338868,255.72063226305914,614.0768687475272,255.6,621.6401142120361,217.47936773694087,621.0320976983955
287.97140254221944,618.8099301196723,319.6,618.6980360031127,319.62859745778053,626.7815484188408,288.0,626.8934425354004
256.0,677.8746746063232,275.0624506594613,678.5129886317778,274.8,686.3507495880127,255.7375493405387,685.7124355625581
268.692184527178,562.4837110444108,370.8,561.1027442932129,370.90781547282205,569.0745527342757,268.8,570.4555194854736
192.0,632.6883452892304,300.4190962808588,632.9638523896721,300.4,640.478727722168,191.9809037191412,640.2032206217262
230.4,668.0394104003906,364.5679846716121,670.6289403036905,364.4,679.3325141906738,230.2320153283879,676.742984287374
332.6852679391888,678.4797140125818,358.0,678.0887100219727,358.1147320608112,685.5167963023597,332.8,685.9078002929688
331.46303213380526,407.0497963909214,402.8,402.31907119750974,404.13696786619477,422.4798773761684,332.8,427.2106025695801
166.4,456.6701065063477,232.00652112506873,464.4750338389492,230.0,481.3414138793945,164.3934788749313,473.536486546793
191.94367464763337,626.3262736835851,242.8,625.9604423522949,242.85632535236664,633.7905547580348,192.0,634.156386089325
400.91006401880253,667.1192504580192,479.6,644.956298828125,481.8899359811974,653.0867554013557,403.2,675.24970703125
192.0,574.1477893829345,262.93611150213013,582.6677660475607,262.0,590.4616970062256,191.06388849786984,581.9417203415994
