268.8,768.6563133358956,569.2117919394557,768.8279613637121,569.2,789.4657613277435,268.78820806054443,789.294113299927
211.2,521.1901063919067,326.02623693046735,521.4083913796193,326.0,535.2100184440612,211.17376306953264,534.9917334563487
243.2,117.48895487785339,281.233805329938,117.54513689190371,281.2,140.4304919242859,243.16619467006203,140.37430991023558
517.886292830158,406.9786178661774,575.6,394.29673156738284,582.513707169842,425.7601638721038,524.8,438.4420501708984
211.2,539.9784732818604,268.7177323175729,541.4869868605103,268.4,553.6017219543457,210.8822676824271,552.0932083756957
211.2,553.6335105895996,275.3191809152771,556.0841451532713,274.8,569.6681594848633,210.6808190847229,567.2175249211916
223.93846838890894,188.24578419885387,300.4,187.84083070755005,300.46153161109106,199.45895804205188,224.0,199.86391153335572
211.2,675.2783403396606,262.06393134748885,675.5635096962021,262.0,686.9665570259094,211.13606865251114,686.681387669368
230.17179344247575,714.7013571380085,601.2,712.9358322143555,601.4282065575243,760.8938466431194,230.4,762.6593715667725
208.17922220478582,99.48046945778194,255.6,89.60177307128906,258.62077779521417,104.10243459495243,211.2,113.98113098144532
518.4,219.45299530029297,551.0566538320156,220.4788109690377,550.0,254.11719207763673,517.3433461679844,253.091376408892
236.5732550248361,139.93681151648642,281.2,139.47465000152587,281.4267449751639,161.3693553231132,236.8,161.83151683807372
