384.0,477.5378434181213,417.3117902000821,477.5870847461797,417.29999999999995,485.56316270828245,383.9882097999179,485.5139213802241
494.4,6.263002967834472,580.7985809844338,7.4356224562445545,580.5,29.435063552856445,494.10141901556614,28.262444064446363
379.2,469.492338591814,422.10371466763183,469.51360954631036,422.09999999999997,477.00612899065015,379.1962853323681,476.9848580361538
157.82505747452947,430.1185665694656,210.89999999999998,428.43598079681396,211.4749425254705,446.57178224645236,158.4,448.254368019104
6.015764921925722,110.97805960071763,460.5,-2.6187023162841796,468.8842350780742,30.925411106222068,14.399999999999999,144.52217302322387
239.9930006241902,372.17678078172486,273.3,372.16292258799075,273.30699937580977,388.9853317851038,240.0,388.99918997883793
14.399999999999999,39.92742004394531,87.24149850918555,42.29519337238294,86.1,77.41192560195923,13.25850149081445,75.04415227352159
86.33678624717253,541.0878410852685,138.9,540.6575589895248,138.96321375282747,548.3797441207633,86.39999999999999,548.8100262165069
369.59999999999997,302.6425815582275,437.5939543908771,304.70836648448545,436.5,340.7151569366455,368.50604560912285,338.6493720103876
81.6,548.5758387386799,138.92050249331754,548.7210995731434,138.9,556.8114649057388,81.57949750668244,556.6662040712753
81.6,373.17780017852783,150.83025778595274,377.7137311426121,148.5,413.2796047210693,79.26974221404727,408.743673756985
