85.33333333333333,295.23108371098834,297.4772189946637,295.7521668340587,297.3333333333333,354.33104213078815,85.189447672003,353.80995900771785
85.33333333333333,475.49249664942425,319.1736758726147,477.6891107729561,318.6666666666667,531.6627264022827,84.82632412738529,529.4661122787509
384.0,597.5549537658692,454.20340710663015,598.5921033918594,454.0,612.3604850769043,383.7965928933699,611.3233354509141
441.4482014300429,302.56332446866753,614.0,301.18774566650393,614.1517985699571,320.22926929659127,441.6,321.60484809875487
384.0,579.3029624938965,441.3555845990965,579.909926652336,441.2,594.6120231628418,383.84441540090353,594.0050590044023
12.8,90.05751864910125,326.18839113597204,91.85430621516261,326.0,124.71272315979004,12.611608864027925,122.91593559372868
6.362185760300647,144.77644724066738,332.4,144.48465793132783,332.4378142396994,186.737309636144,6.4,187.02909894548355
89.6,393.5216265678406,313.5240306646699,395.09623110173277,313.2,441.17653312683103,89.27596933533007,439.6019285929389
371.2,372.80751647949216,512.4591690866463,377.1655936905156,511.6,405.0140014648438,370.3408309133537,400.65592425382033
371.2,427.960871887207,507.83508092364036,439.37864982335975,505.2,470.9123245239258,368.5649190763596,459.494546587773
25.512685697811445,567.3887944830707,319.6,566.8344493865967,319.68731430218855,613.1558271603533,25.6,613.7101722568274
371.2,641.7078712463378,412.0682938479975,648.5690015717083,409.2,665.6539817810059,368.33170615200254,658.7928514556354
409.6,90.29229164123535,659.1144154298598,92.2650152204539,658.8,132.03297004699706,409.2855845701401,130.0602464677785
371.2,491.7566864013672,518.1619222845823,493.37193119251424,518.0,508.10431747436525,371.03807771541767,506.4890726832182
371.2,513.0333335876464,486.20802079983696,514.7434985349136,486.0,528.7328277587891,370.991979200163,527.022662811522
25.432877242069726,642.5763920844869,306.8,641.5975869178772,306.96712275793027,689.6386589823885,25.6,690.6174641489982
