726.1232092216366,655.8418407940268,843.3333333333334,654.7099090576172,844.6767907783636,793.8232573327025,727.4666666666667,794.9551890691122
745.82517323186,79.82314448179682,819.8666666666667,76.56481272379558,824.9748267681401,192.6413300055079,750.9333333333334,195.89966176350913
726.5713512042237,462.12098748276077,843.3333333333334,461.364277903239,844.2286487957765,599.5134580573496,727.4666666666667,600.2701676368714
726.2403923465077,271.8812483161258,843.3333333333334,270.77272612253824,844.5596076534923,400.3037967990273,727.4666666666667,401.41231899261476
277.66848397708907,477.95398238931864,350.53333333333336,474.9346707661947,354.4648493562443,569.8136890686078,281.6,572.8330006917319
506.87999999999994,739.51044921875,612.3212297209444,741.2437436274305,612.04,758.3517475891113,506.5987702790555,756.6184531804307
253.43630710597984,640.4251699698747,351.55999999999995,640.4041673570871,351.5636928940201,657.6572778337417,253.43999999999997,657.6782804465294
506.87999999999994,721.2326574707031,647.4289419646873,723.1924481123517,647.2399999999999,736.7426675415038,506.6910580353126,734.7828768998553
591.3599999999999,320.5183637237549,612.2727415472491,320.83706795685293,612.04,336.10910804748534,591.1272584527508,335.7904038143873
232.32,616.8986897408962,372.6892270236376,616.9834125515868,372.67999999999995,632.2707969665527,232.31077297636233,632.1860741558621
506.87999999999994,701.2388684082031,534.8048472362598,701.6153271870916,534.5999999999999,716.8104244995117,506.67515276374013,716.4339657206232
520.9430323600094,321.0914078012328,541.64,321.0673667144775,541.6569676399905,335.6748051962037,520.9599999999999,335.698846282959
577.1775273822366,336.64008199578717,626.1199999999999,336.2587924575805,626.2224726177633,349.41221731298964,577.28,349.79350685119624
302.64239843145776,280.63787046618603,365.64,280.17838079452514,365.7176015685422,290.81782058529706,302.71999999999997,291.277310256958
70.37487824288594,150.2477077150478,203.71999999999997,150.14765604734419,203.74512175711405,183.628994619833,70.39999999999999,183.72904628753662
98.47690518739894,1.3747208226195935,182.6,1.0201654577255248,182.68309481260104,20.735542775345646,98.55999999999999,21.090098140239714
242.24387973754565,235.71975045858414,365.64,224.96170059204098,369.7961202624543,272.6328977042576,246.39999999999998,283.39094757080073
513.8909868690478,336.1435450059279,562.76,336.04077399253845,562.7890131309522,349.83691193758403,513.92,349.93968295097346
502.67860094960685,208.36551126775237,605.0,196.71253036499022,609.2013990503931,233.60378011408352,506.87999999999994,245.25676101684567
556.16,237.52946327209472,605.0511420797524,237.7342656115526,605.0,249.94308458328246,556.1088579202475,249.73828224382459
2.783764123701128,68.63813763323616,48.839999999999996,47.40244018554687,60.13623587629887,71.90185233411003,14.079999999999998,93.13754978179931
49.11350011246904,33.459522340632184,98.11999999999999,5.061524047851562,105.32649988753094,17.497799741887345,56.31999999999999,45.89579803466796
183.04,31.312148895263668,225.39700605674938,60.76865468407517,210.76,81.81594924926758,168.4029939432506,52.35944346045606
520.7547771770268,350.6333777289243,555.7199999999999,350.1192578125,555.9252228229731,364.0764329857973,520.9599999999999,364.59055290222165
