17.53145265883435,363.81562960779377,45.03,363.4518935966492,45.738547341165656,417.0182769283086,18.240000000000002,417.38201293945315
39.92780313661093,376.2531413867271,116.4973076923077,357.0709195826604,125.70181224800446,393.81245873851236,49.13230769230769,412.9946805425791
116.68923076923078,369.4385436699711,319.19071734579785,369.55700189944724,319.1680769230769,408.2602585493143,116.66659034650989,408.1418003198382
138.1846153846154,470.3813554236522,190.22944255075686,470.6519142483333,190.19576923076923,477.1293304661604,138.15094206462777,476.85877164147934
85.88234253975924,452.86537603510976,233.18653846153848,451.97605454811685,233.2857343833177,468.4065307146339,85.98153846153846,469.2958522016269
6.141538461538461,1.5381273872892445,270.0502801241024,1.9963099176918238,270.03576923076923,10.354445258654081,6.127027568205244,9.896262728251502
116.45930908838109,212.17231975557053,217.83269230769233,210.20682896614076,218.06261398854198,222.06541349299337,116.68923076923078,224.03090428242317
110.54769230769232,285.4013587247408,143.52293596362387,296.73906700001015,134.9219230769231,321.7547481888991,101.94667942099152,310.41703991362976
141.17704841937325,71.6537072962409,199.40807692307692,71.18258269970234,199.4864131190883,80.86494124418257,141.25538461538463,81.33606584072113
294.7938461538462,471.24676953535817,334.62765483295686,483.6197504078041,328.3803846153846,503.7323303252,288.54657593627394,491.3593494527541
270.22769230769234,442.42550132164587,307.91770501496705,463.7715306170802,294.6019230769231,487.28278807419997,256.91191036964835,465.93675877876564
95.19384615384615,276.0681085395813,112.8967899631098,277.78216330734995,110.35576923076923,304.0261014175415,92.65282542150558,302.31204664977287
61.39513363979413,193.2750273227136,279.24807692307695,192.9134323673982,279.26832789866745,205.11419615542485,61.41538461538462,205.47579111074026
273.29846153846154,73.42221488246551,303.48374109477027,83.13185098288191,294.6019230769231,110.74361285163806,264.4166435206144,101.03397675122166
156.60923076923078,407.5199917499836,184.2772623922292,408.21800399378463,184.05423076923077,417.0586024973943,156.38619914623234,416.3605902535932
85.98153846153846,73.22112844027006,120.9467237951302,88.27032405749269,110.35576923076923,112.87726642315205,75.39058389717749,97.82807080592943
291.7230769230769,283.35529109661394,328.1810117972266,296.56644369668766,319.1680769230769,321.4388376969558,282.7101420489273,308.2276850968821
322.4307692307692,125.52597560882569,352.7210100672213,143.80536375176106,340.66346153846155,163.7855756700956,310.3732207020095,145.50618752716022
155.77249179018284,147.38388143962098,171.77115384615385,146.79937229303215,172.6078928252018,169.70184393606803,156.60923076923078,170.28635308265686
39.92,404.01279197252717,71.69207124468505,413.00442126100484,64.29423076923077,439.1448132969783,32.52215952454572,430.1531840085006
110.54769230769232,101.30251351283147,143.58342725533979,113.04628823470608,134.9219230769231,137.41146579155554,101.88618812927561,125.66769106968094
67.55692307692308,429.9178864640456,89.8987815189735,433.78532226095126,85.78961538461539,457.5236369763888,63.44775694256497,453.65620117948316
18.424615384615386,193.6735140169584,53.435752524249246,201.77921517411448,45.869615384615386,234.4598013290992,10.858478244981518,226.35410017194314
103.88873965593137,25.63003272962683,233.18653846153848,20.641083710010236,233.70395265176094,34.050825040999534,104.40615384615384,39.039774060616125
135.11384615384617,311.04593922248256,183.3750052136459,339.75498759045735,171.77115384615385,359.2615664702195,123.5099947863541,330.5525181022448
221.5171414541095,414.89692697355514,254.68192307692308,406.9751512850248,260.4017046997367,430.92121033911394,227.2369230769231,438.84298602764426
251.80307692307693,61.382228714869576,275.43330641648606,63.73948061619314,273.1065384615385,87.06412433477549,249.4763089681293,84.70687243345192
270.1868789365902,2.6331589162398856,337.5926923076923,2.279537712610685,337.63350567879445,10.05921395182118,270.22769230769234,10.41283515545038
107.47692307692309,470.35525234515853,143.66970471840634,479.11645419747606,137.99269230769232,502.56835885854866,101.79991066620904,493.8071570062312
316.28923076923076,308.3874066220797,350.2578700601894,323.8501990626059,340.66346153846155,344.9271813436655,306.6948222475029,329.4643889031393
38.24322635688926,37.33426365076053,70.43576923076924,35.42019513056829,72.11254287387997,63.62169723260011,39.92,65.53576575279236
227.2369230769231,34.86110158920288,255.79388088799308,36.016959074465895,254.68192307692308,63.48931851607103,226.1249652658531,62.33346103080802
251.80307692307693,429.5306285916842,274.3864378454953,433.6251903554522,270.03576923076923,457.6210964496319,247.45240830835084,453.5265346858639
251.80307692307693,245.31918788323037,275.95339446171903,248.2077327781649,273.1065384615385,272.0095011050885,248.95622092289636,269.1209562101539
64.48615384615385,61.363429852999175,86.95911670647934,62.456188120031115,85.78961538461539,86.50739922890297,63.31665252428989,85.41464096187103
291.7230769230769,103.1311360667302,328.8662914194763,112.37936240197129,322.23884615384617,138.99685770768386,285.0956316574468,129.7486313724428
61.41538461538462,245.1159966175373,88.1122106077122,247.69424121362385,85.78961538461539,271.7439068720891,59.092789392287806,269.16566227600254
