191.64212065100583,60.0479702247892,297.3333333333333,59.45113786061605,297.6912126823275,122.82689403556644,192.0,123.42372639973958
21.23495680270104,216.45764807401352,425.3333333333333,215.8516666094462,425.43170986396564,281.4539971124306,21.333333333333332,282.05997857699793
664.6468154920228,663.7190014073614,754.8,659.5368812561035,755.7531845079773,680.0845020106074,665.6,684.2666221618653
568.7668894748033,629.6328535736022,742.0,622.862353515625,742.8331105251967,644.1787003814759,569.6,650.9492004394531
217.58866423823346,123.82200372267278,262.0,123.7820699930191,262.01133576176653,136.38886445712535,217.6,136.42879818677903
204.77541514210796,137.44537648870042,274.8,137.28593587875366,274.82458485789203,148.08333854959915,204.8,148.2427791595459
210.91797759247106,431.32146048595285,370.8,430.21018142700194,371.08202240752894,470.78532996128223,211.2,471.89660902023314
211.2,373.8433985710144,371.06512401175684,374.87416962907605,370.8,415.9929832458496,210.93487598824316,414.96221218778794
556.0965078741461,267.9682588833542,607.6,266.95988006591796,608.3034921258538,302.89111993134304,556.8,303.8994987487793
12.797664200024279,303.3020791553723,242.8,303.28956297636034,242.8023357999757,346.2131620924157,12.8,346.22567827142774
19.17289094048653,430.307659129836,178.8,430.2039247870445,178.82710905951348,471.9195291183513,19.2,472.0232634611428
139.75761385223876,575.7767846081434,230.0,573.7515552520751,231.04238614776122,620.1993380572619,140.8,622.2245674133301
121.17567417325475,638.5791223348845,255.6,636.9391941070556,256.02432582674527,671.7210292039643,121.6,673.3609574317932
19.2,373.255832529068,179.30119645408575,375.34533646808177,178.8,413.74782543182374,18.69880354591426,411.65832149280993
268.09308490672703,304.6479821534814,402.8,302.39372634887695,403.506915093273,344.6366480497657,268.8,346.8909038543701
460.8,287.3998046875,479.64206832646687,287.5105308771398,479.6,294.66921920776366,460.7579316735331,294.5584930181239
562.6570029001616,353.3244037637975,671.6,351.4499771118164,672.1429970998385,383.0093509664271,563.2,384.8837776184082
563.1821604530485,313.38609198148487,601.2,313.2932417869568,601.2178395469515,320.5977071899629,563.2,320.69055738449094
569.6,305.2582847595215,594.923110153107,305.65076058902827,594.8,313.59400634765626,569.4768898468931,313.20153051814947
108.3578362516026,712.7343199584172,262.0,709.5273208618164,262.4421637483974,730.7106742050959,108.8,733.9176733016968
102.4,523.4409715652466,262.19171634934196,524.833896634317,262.0,546.8269565582275,102.20828365065805,545.4340314891572
684.7208756943885,364.59450320581027,735.6,364.3436923980713,735.6791243056116,380.39473667761257,684.8,380.6455474853516
