684.7494856003359,781.6688302117052,774.0,781.4179225921631,774.050514399664,799.3864329261122,684.8,799.6373405456543
12.784014729559852,31.2793430713377,153.2,31.137928318977355,153.21598527044014,47.01029991531753,12.8,47.15171466767788
659.1479965489397,764.9211794905407,793.2,764.4789113998413,793.2520034510603,780.2412215180652,659.2,780.6834896087646
19.116780251517504,8.436029531176617,153.2,7.946672582626343,153.2832197484825,30.748784325901937,19.2,31.23814127445221
659.1651690277693,742.4445381529129,793.2,742.2245718955994,793.2348309722308,763.4485702150071,659.2,763.6685364723205
429.2608904566656,523.6720684177748,658.8,456.7718872070312,664.7391095433344,477.14937933613146,435.2,544.049560546875
430.03241099011274,497.74071290187356,556.4,463.2152412414551,561.5675890098872,482.1292700082827,435.2,516.6547416687011
57.522503393927195,636.8220125169258,198.0,636.1227081298828,198.0774966060728,651.6903628139992,57.6,652.3896672010421
83.1086383173928,653.1832971572237,178.8,652.7574542045593,178.89136168260717,673.2873790503188,83.2,673.7132220029831
64.0,612.2616258144378,198.0708729069034,612.6692340256409,198.0,635.9808166503906,63.929127093096625,635.5732084391876
37.92599362262422,48.745925511288426,127.6,46.566988182067874,128.07400637737578,66.07468596560977,38.4,68.25362329483032
