515.0400000000001,-2.7530811882019046,627.2165280858562,0.6289299985135428,625.5300000000001,56.56868144989014,513.3534719141438,53.1866702631747
313.8461538461538,239.96327546926645,365.0520596855867,241.59566909872885,364.32692307692304,264.3421906691331,313.1210172374902,262.70979703967066
290.7692307692308,266.3021025290856,382.969432826658,267.38871599506115,382.78846153846155,282.74430458362286,290.58825948103424,281.65769111764735
32.30222619836669,437.2283080901514,239.71153846153845,437.1872174080748,239.71700457086408,464.7779488996251,32.30769230769231,464.8190395817017
124.50444108548601,405.12173026837627,299.71153846153845,404.2707548233179,299.8224819914371,427.11288729501814,124.61538461538461,427.9638627400765
27.133802634499048,403.0892820336212,105.86538461538461,401.44280433654785,106.42388967319326,428.1495048425804,27.69230769230769,429.7959825396538
32.272631440137104,472.8237554173734,313.5576923076923,472.4603734222742,313.5927531752475,499.6001282734835,32.30769230769231,499.96351026858275
193.84615384615384,9.321033696715649,502.8408763490854,9.67378230338426,502.78846153846155,55.58721628326636,193.79373903552994,55.234467676597745
161.53846153846152,101.5084015406095,383.2060703775509,104.55046143317193,382.78846153846155,134.98061601932233,161.1208526993722,131.9385561267599
403.6112491858352,113.13724271477071,516.6346153846154,104.31815991034874,519.1772123526263,136.90350632157808,406.15384615384613,145.72258912600003
