343.10220468942987,399.59992712261453,485.6,393.7113739013672,488.0977953105701,454.1558178114675,345.6,460.0443710327148
527.7538461538461,160.1312744140625,559.0942681488668,160.4803600340396,559.0153846153846,167.56241408128005,527.6749626203639,167.21332846130295
7.838712160446894,206.03048696256474,35.2,205.90909507458028,35.238210916476184,214.52169597960562,7.876923076923077,214.6430878675901
610.3329032900841,199.36621976517205,622.0307692307692,199.15842848557693,622.1594044022236,206.4001038526164,610.4615384615385,206.60789513221152
452.9230769230769,132.20826815091647,464.49471027736456,132.21224095594684,464.4923076923077,139.2102771465595,452.92067433802004,139.20630434152912
7.708848364805273,281.92459522085795,31.26153846153846,281.48631943922777,31.429613173656268,290.518558439256,7.876923076923077,290.9568342208862
7.876923076923077,242.99115540247698,39.16444521539578,243.1022980918421,39.13846153846154,250.4169030556312,7.850939399988835,250.30576036626607
606.5230769230769,163.78518629807692,622.0925876945464,163.9331638832481,622.0307692307692,170.43741408128005,606.4612584592998,170.28943649610886
7.876923076923077,135.75398629995493,19.49761953402649,135.83701533920114,19.446153846153845,143.04012333796575,7.825457389050434,142.95709429871954
503.97323816173696,276.39881433000664,527.5076923076923,275.9875079815204,527.6575310690323,284.561101535378,504.12307692307695,284.9724078838642
527.712634998166,135.31587509046025,547.2,135.20050189678486,547.2412111556803,142.16136349127052,527.7538461538461,142.27673668494592
141.7846153846154,35.39938777043269,385.1218732250751,60.357887341215864,381.7846153846154,92.8950664813702,138.4473575441557,67.93656691058702
401.7230769230769,394.57452486478365,626.3481199110429,396.63939744446867,625.9692307692308,437.85646362304686,401.34418778126485,435.79159104336185
492.3076923076923,140.93581355168268,507.8681614926402,141.09213410679195,507.81538461538463,146.3456528883714,492.2549154304367,146.18933233326214
606.5230769230769,135.14815579927884,622.0904262189397,135.27856465492198,622.0307692307692,142.4000225360577,606.4634199349064,142.26961368041455
441.0476639783043,316.3669492671413,452.67692307692306,316.2714376596304,452.7369514063111,323.5803398329188,441.10769230769233,323.6758514404297
610.3549034961131,235.32668411019966,625.9692307692308,235.10813269981972,626.0758657346561,242.7266296292835,610.4615384615385,242.94518103966345
527.7538461538461,141.20674720177283,543.3346538268197,141.41019071801176,543.2615384615384,147.00976186899038,527.6807307885649,146.80631835275145
492.3076923076923,132.93003680889424,507.8927536021441,133.10178834277315,507.81538461538463,140.12239755483773,492.2303233209328,139.9506460209588
563.1569563086263,135.4277640553909,578.7076923076924,135.32832970252403,578.7507359990661,142.06001811483148,563.2,142.15945246769832
456.8546518070157,140.69440513638287,472.3692307692308,140.6738980806791,472.3761174237535,145.8839851317962,456.8615384615385,145.9044921875
31.50769230769231,25.69760976938101,113.86309141709654,36.242350492565166,110.03076923076924,66.17314077524038,27.675370121365003,55.62840005205623
523.6126178601733,238.1843271281866,551.1384615384616,237.42112544133113,551.341228293673,244.73416746315957,523.8153846153846,245.49736915001503
19.692307692307693,-0.4446650395026574,283.3378904191773,-0.17070445791374383,283.32307692307694,14.085042806772085,19.67749419620727,13.81108222518317
448.9846153846154,432.1658588115986,610.7070390795524,435.6299667517978,610.2153846153847,458.5829326923077,448.4929609204476,455.1188247521085
23.630769230769232,77.769727736253,305.7784543935718,102.09952766574884,303.0153846153846,134.14227952223558,20.86769945258208,109.81247959273975
3.9384615384615387,320.67116887019233,15.546219388049819,320.73081414081986,15.507692307692308,328.2286930964543,3.8999344581040267,328.16904782582674
397.62079416067934,316.65478786512256,409.3538461538462,316.40226299579325,409.5176673777822,324.01388138067074,397.7846153846154,324.26640625
