256.0,32.52612280845642,788.2336701652627,34.66901955095777,788.0,92.70594088236491,255.76632983473732,90.56304413986356
234.66666666666666,315.66911746064824,489.3915968452311,315.82848619855866,489.3333333333333,408.95320560534793,234.60840315476887,408.79383686743745
262.4,200.30148329734803,390.0680949624621,200.6880233628618,390.0,223.17871685028075,262.3319050375379,222.79217678476698
625.7533530532448,609.8325686342135,722.8,603.8958198547364,724.2466469467552,627.5438199155911,627.2,633.4805686950683
134.4,190.68570362329484,236.4209017202953,190.75286330255773,236.4,222.50424114465713,134.37909827970472,222.43708146539424
626.1894297863141,652.0331807302297,722.8,647.9263397216797,723.8105702136859,671.6992991281688,627.2,675.8061401367188
625.9888203412668,635.4918412756658,722.8,628.7465270996094,724.0111796587332,646.1298139977716,627.2,652.8751281738281
12.143572159997843,42.83893949751,191.6,39.66015396118164,192.25642784000215,76.71839332815071,12.8,79.89717886447906
191.9432106222164,52.79885227862027,242.8,52.58506126403809,242.85678937778357,66.0941670161185,192.0,66.30795803070069
134.4,535.7880437374115,582.2227586646327,538.3873532972992,582.0,576.7653907775879,134.17724133536734,574.1660812177001
632.229731921416,428.80209168371186,729.2,422.2518440246582,730.570268078584,442.53737670007723,633.6,449.08762435913087
127.81360743621879,246.10253789358444,332.4,245.26290407180787,332.5863925637812,290.6795860058754,128.0,291.51921982765197
607.1042478533028,515.5048973570581,722.8,511.4982879638672,723.6957521466973,537.3642280091528,608.0,541.3708374023438
