522.6666666666667,169.77871894836426,652.5194799315776,170.6418693426486,652.1666666666667,223.7192881902059,522.3138534017558,222.85613779592157
230.62044436595963,296.217366932154,428.1666666666667,262.97385819753015,440.2128889673737,334.5573281463779,242.66666666666669,367.8008368810018
502.2908570370661,234.43789352428047,633.5,230.8604718844096,635.2091429629339,293.5467319741733,504.0,297.1241536140442
56.0,11.580794860919317,633.8905520148943,13.510541517170742,633.5,130.4669921199481,55.609447985105795,128.53724546369665
280.0,451.4702634215355,324.45621511293695,451.48661240766256,324.45,468.38676728755235,279.99378488706304,468.3704183014253
352.33277202693114,196.8483571969587,391.65,195.7755048751831,392.1172279730689,212.89818649658378,352.8,213.97103881835938
280.0,472.2364822551608,341.2536628160953,472.2567855443944,341.25,483.3072562083602,279.9963371839047,483.2869529191266
352.79367057876254,179.196611089835,391.65,179.17805119156836,391.6563294212375,192.42909778224487,352.8,192.44765768051147
249.96829364555686,574.5061250242871,363.65,563.2737972259521,365.6817063544432,583.8365736451465,252.0,595.0689014434814
280.0,483.02733273506163,324.58682894381275,483.5761653742787,324.45,494.69206533432003,279.86317105618724,494.14323269510305
475.78040862056986,657.304995767757,660.4499999999999,656.0171331882476,660.6695913794301,687.5048485353741,476.0,688.7927111148834
308.0,625.7412536621093,380.4977617517969,626.0985972211536,380.45,635.7884881258011,307.9522382482032,635.4311445667569
481.59999999999997,690.1942461967468,660.4694350601512,690.5521039336377,660.4499999999999,700.2664062142372,481.5805649398488,699.9085484773464
384.5166030255046,266.69832554316446,481.25,262.99531173706055,483.1333969744954,312.195070834399,386.4,315.89808464050293
