153.6,675.4017669677735,596.4997047959006,730.3065237604475,587.2,805.3243682861328,144.30029520409943,750.4196114934588
230.4,514.4511291503907,542.3041687450387,550.0815498993275,536.0,605.2674407958984,224.0958312549613,569.6370200469617
179.2,606.4260150909424,844.7294820144216,619.6463688987296,843.2,696.6424453735351,177.6705179855784,683.4220915657479
149.66153846153847,930.0536489633414,359.0686589169144,982.009777905778,353.96923076923076,1002.5628211388221,144.56211031385487,950.6066921963854
149.66153846153847,895.7195857121394,320.75886167355907,945.7928540568365,314.5846153846154,966.8898794320913,143.48729217259478,916.8166110873942
141.7846153846154,1005.6016179011418,220.64973703156977,1047.191589406965,212.1846153846154,1063.2436044546273,133.319493737661,1021.6536329488042
165.41538461538462,787.0159799429086,359.4197231342775,812.2013380546518,353.96923076923076,854.1868107722356,159.96489225033787,829.0014526604924
157.53846153846155,993.2030254657452,310.92648494781713,1035.8416291082829,306.7076923076923,1051.0183049128607,153.31966889833672,1008.3797012703229
425.3538461538462,506.9135986328125,495.8201833371467,507.16641231582986,495.75384615384615,525.6564650315505,425.2875089705456,525.4036513485331
212.6769230769231,861.2854771540715,283.57072429683603,862.3344355664316,283.0769230769231,895.707966026893,212.18312185701018,894.659007614533
