426.4419125355498,489.2291784490836,553.3333333333334,488.7121898333232,553.5580874644502,543.8765980198292,426.6666666666667,544.3935866355896
-36.517187737833446,77.3538727929837,148.0,-40.026885986328125,205.85052107116678,50.91148899290497,21.333333333333332,168.2922477722168
267.46719574205684,393.040495572527,332.4,387.50745315551757,333.73280425794314,403.1485257287426,268.8,408.68156814575195
197.8026688628167,639.460788405321,415.6,631.8701805114746,416.1973311371833,649.009404313185,198.4,656.6000122070312
265.80769903943553,288.5254776368125,338.8,281.13101348876955,341.7923009605645,310.66864162588274,268.8,318.06310577392577
71.73668812603738,207.58025802436788,102.0,180.42929382324218,119.86331187396263,200.34029861625712,89.6,227.49126281738282
59.52507287999144,221.07894141271805,140.4,191.1043930053711,151.27492712000856,220.44625084802414,70.4,250.4207992553711
210.49277123814235,612.8922621755098,396.4,605.6080467224122,397.10722876185764,623.657888886502,211.2,630.9421043395996
0.13768820782564858,321.2483226778389,31.6,296.01734619140626,44.26231179217435,311.80688972450486,12.8,337.0378662109375
33.97347740494907,226.74596011738686,76.4,187.9132553100586,93.62652259505093,206.73402645487877,51.2,245.56673126220704
633.000558114681,552.4303636228326,658.8,552.0002021789551,659.399441885319,587.9524389589544,633.6,588.382600402832
69.86750489811783,163.99679485601794,121.2,151.487109375,128.13249510188217,179.934049260193,76.8,192.44373474121093
505.6,493.36986541748047,615.2830559438635,496.33170989574865,614.0,543.845851135254,504.31694405613655,540.8840066569858
201.83616069872758,354.9958477281785,409.2,335.8415466308594,412.1638393012724,367.9279742933059,204.8,387.082275390625
6.4,387.0858102798462,102.85014723156522,390.18088179658326,102.0,416.6735897064209,5.54985276843478,413.57851818968385
358.4,555.0454346954823,614.0052908752559,555.0932016842625,614.0,583.4051330685616,358.39470912474405,583.3573660797813
