-0.15574127586653685,21.314151269073136,229.5,20.865994459390638,229.65574127586652,100.6748412371925,0.0,101.122998046875
423.9640290044167,405.8681344660522,531.9,397.246639251709,539.9359709955831,497.8521967259644,432.0,506.4736919403076
13.970912846060632,403.97315954237166,85.5,403.5103586196899,85.92908715393936,469.8287493716281,14.399999999999999,470.29155029430984
115.585304888111,411.8576152898061,224.37,408.34720064163207,225.424695111889,441.0312843416941,116.64,444.54169898986817
349.18344923504515,409.69426609460083,436.05,407.3294215393066,436.7865507649549,434.384740787113,349.92,436.7495853424072
116.64,443.41028207302094,194.2887365232484,443.93288554122387,194.13,467.5180533027649,116.48126347675161,466.99544983456195
417.834057186227,87.1253949210356,505.17,84.59154567718505,506.375942813773,126.15761472251907,419.04,128.69146396636964
405.89226746255184,30.86463324306534,513.81,30.470767350196837,513.9977325374482,81.90875711204482,406.08,82.30262300491333
349.0568962237615,454.5131237541024,479.25,452.0138334274292,480.1131037762385,496.9746602310355,349.92,499.47395055770875
345.35043191628876,438.3704628485388,440.37,436.5815027618408,440.6195680837112,449.8371654778772,345.6,451.6261255645752
