216.5590354287715,153.26052414850884,275.38461538461536,152.9849916604849,275.4409645712285,165.01541902071816,216.6153846153846,165.29095150874213
216.51503428626282,141.8199799593969,334.46153846153845,140.5972539461576,334.56188879066025,150.27723980120442,216.6153846153846,151.49996581444373
206.49719088820632,454.57790013943855,324.61538461538464,451.35983511117786,324.8874244964091,461.34498428814555,206.76923076923077,464.56304931640625
540.7213296823927,118.72214350586192,600.3076923076923,114.87007727989784,601.1248241637612,127.51002483848903,541.5384615384615,131.36209106445312
220.90835361527405,102.95968368798056,304.9230769230769,99.6125505887545,305.5531848462644,115.42857619971475,221.53846153846155,118.77570929894081
216.23701383040878,123.33371080481047,477.2307692307692,116.98501762977013,477.609140015745,132.53977974882534,216.6153846153846,138.8884729238657
211.5570352801769,408.59877777472946,364.0,406.04985134418195,364.1352724121308,414.14005249823856,211.69230769230768,416.68897892878607
206.5365554291531,465.9769690022064,290.15384615384613,463.89865200336163,290.3865214939238,473.25991958985344,206.76923076923077,475.3382365886982
201.50801638944915,480.81890178733977,393.53846153846155,474.7769247201773,393.87659899516626,485.52385169635915,201.84615384615384,491.5658287635216
123.03195473835316,228.81355445916125,738.1538461538462,228.22905188340408,738.1988144924161,275.5530682730746,123.07692307692308,276.1375708488318
575.8372328090002,458.184835440207,634.7692307692307,457.4260975764348,634.9319979602307,470.0684029443333,576.0,470.82714080810547
206.48741523718851,431.3189346444858,349.2307692307692,426.6937872079703,349.5125847628115,435.3913032987233,206.76923076923077,440.0164507352389
206.48050393357292,420.9309339156532,344.3076923076923,416.17988058236926,344.59641914335015,424.5557932853684,206.76923076923077,429.30684661865234
206.51036964341043,443.08721099741166,393.53846153846155,438.2118424635667,393.7973226642819,448.14223071870913,206.76923076923077,453.0175992525541
