25.6,409.17035907804967,287.63978327143093,409.6545340813688,287.6,431.18559155464175,25.560216728569078,430.70141655132255
639.9849970193952,223.25765945000722,793.2,223.1606038093567,793.2150029806047,246.84476788954663,640.0,246.94182353019715
640.0,194.0734010696411,774.0316555809183,194.24980620115485,774.0,218.30154371261597,639.9683444190817,218.12513858110225
11.906626168131883,209.12373387751558,223.6,5.479563903808594,237.2933738318681,19.714179635667985,25.6,223.358349609375
25.415900055772067,710.8184980301091,774.0,703.612198638916,774.1840999442279,722.7363403888514,25.6,729.9426397800446
532.5716768248178,677.4769064935922,646.0,603.6692199707031,657.4283231751822,621.2323708501578,544.0,695.0400573730469
25.599322552211163,741.1540029565717,434.8,741.143572858721,434.8006774477888,767.7216642721177,25.6,767.7320943699684
684.8,90.02450103759766,717.4545763727481,91.26056839448992,716.4,119.12049407958985,683.745423627252,117.88442672269757
550.3561411546518,735.8173375375231,754.8,735.551162147522,754.8438588453482,769.2382418863813,550.4,769.5044172763825
676.2021041122425,56.22788022327593,729.2,52.579742431640625,731.3978958877575,84.50941836070845,678.4,88.15755615234374
647.8207293231516,600.7801065368342,774.0,515.0436088562012,785.3792706768484,531.7905965881658,659.2,617.5270942687988
627.2,132.83513870239258,755.3311060954982,134.22898154806677,754.8,183.0517105102539,626.6688939045018,181.6578676645797
640.0,20.39939651489258,742.457411929226,21.56694029981926,742.0,61.70697021484375,639.542588070774,60.53942642991707
