20.0,13.599659972824156,738.8283107489019,14.526393046001964,738.75,75.26878476142883,19.921689251098133,74.34205168825102
480.0,490.7395935058594,583.8403533107916,496.42406644709655,578.75,589.4114184379578,474.90964668920844,583.7269454967205
460.0,586.6700291633606,588.1820400243305,595.6974183426566,578.75,729.6251916885376,450.5679599756694,720.5978025092414
180.0,499.4148826599121,356.7335297367499,601.5983931277475,258.75,771.0677623748779,82.01647026325008,668.8842519070425
48.0,98.09028010815382,113.84518441176411,98.50952943850442,113.625,133.0905821621418,47.77981558823589,132.6713328317912
46.635958741980055,134.92935313092812,113.625,132.24677753448486,114.98904125801997,166.30949555529017,48.0,168.9920711517334
312.0,286.4925684928894,348.16572915216847,287.65981555404636,347.625,304.41365003585815,311.4592708478316,303.24640297470125
522.0,211.20698189735413,569.7481429810559,211.70602613430566,569.625,223.48824548721313,521.8768570189442,222.9892012502616
41.96284397147372,364.745401458917,65.625,364.61781334877014,65.6621560285263,371.5086728761813,42.0,371.6362609863281
605.9798347886497,99.57350455170686,731.625,99.42959663271904,731.6451652113504,117.03572511726803,606.0,117.17963303625584
45.49713075306011,462.3517051295615,77.625,453.63228464126587,80.12786924693991,462.8544406338358,48.0,471.57386112213135
108.39234853726978,307.003503034688,149.625,295.1777193546295,155.23265146273025,314.72977142515094,114.0,326.55555510520935
612.0,133.25106525421143,636.9167302740799,135.48164527875954,635.625,149.91093921661377,610.7082697259202,147.68035919206568
282.0,257.7076506614685,343.9767213989291,264.848134411452,341.625,285.2601943016052,279.6482786010709,278.1197105516217
635.5168189616959,318.1989847430898,683.625,317.0485210418701,684.1081810383042,337.2533835163402,636.0,338.4038472175598
647.9839010316099,338.3048743989114,671.625,338.26788103580475,671.6410989683901,348.5561401460525,648.0,348.5931335091591
101.69341719554889,357.6599830672552,131.625,356.6549026966095,131.93158280445112,365.78502687956797,102.0,366.7901072502136
95.91696201746349,340.11142896497205,113.625,339.93208158016205,113.70803798253652,348.13091732180163,96.0,348.31026470661163
85.75731211692064,309.24956746938466,113.625,292.44342255592346,123.86768788307936,309.42768816110856,96.0,326.2338330745697
606.0,321.1710033416748,632.5058067603154,327.76241584008733,629.625,339.3468990325928,603.1191932396846,332.75548653418025
653.9184957296425,133.83712331103388,731.625,133.4603236913681,731.7065042703575,150.26875873757302,654.0,150.64555835723877
119.92099173153873,323.29318037886236,143.625,323.0299753546715,143.70400826846128,330.1453891072789,120.0,330.4085941314697
