336.0,574.9711949030559,391.0201418763939,575.15001708048,390.83333333333337,632.6274099349976,335.8131914569395,632.4485877575734
578.6666666666667,384.60004870096844,713.9236005274339,506.6220160933171,670.8333333333334,554.3860174814861,535.5763994725662,432.3640500891374
56.0,624.6115936835607,449.1529771218981,639.0260581214811,446.83333333333337,702.2940945625305,53.68035621143524,687.8796301246102
-0.03949234004394026,401.7295428449337,204.16666666666669,401.60896664112806,204.2061590067106,468.49263701742655,0.0,468.6132132212321
542.3087243666031,22.17958055955321,670.8333333333334,5.11130968729655,688.5246089667303,138.3271638252124,560.0,155.39543469746908
504.0,257.789634068807,704.0228125540036,264.3939731806312,698.8333333333334,421.5655253728231,498.8105207793298,414.96118626099894
0.0,466.82700634002686,206.04090823585958,472.70239161394005,204.16666666666669,538.4292192459106,-1.8742415691929122,532.5538339719975
0.0,536.3032115300497,224.94677450410234,543.1863926884397,222.83333333333334,612.2550055185955,-2.1134411707689935,605.3718243602054
263.1745086433188,326.53854111092596,442.05,326.2587544322014,442.0754913566812,342.55609557969063,263.2,342.8358822584152
631.6531481079373,535.4699145447299,688.4499999999999,534.2775714874267,689.5968518920625,588.9074673522426,632.8,590.0998104095459
207.2,582.5084170341491,303.96084069530554,587.3205915805991,302.05,625.7428371429443,205.28915930469446,620.9306625964945
263.2,289.34430860765275,481.25458597168125,289.3755059448109,481.25,321.4292723022401,263.1954140283187,321.398074965082
11.2,334.8835790038109,180.38893665289808,340.54502371558704,178.85,386.53523807525636,9.661063347101889,380.8737933634802
