251.2,-20.866943192481994,784.4973248977766,31.878168063381857,773.2249999999999,145.85082960923512,239.92767510222325,93.10571835337127
703.36,356.2923793923855,778.4066252687769,356.62480479966166,778.3275,374.4877125835419,703.2808747312231,374.15528717626574
722.189671355433,200.39641504359608,772.0475,200.366692969203,772.057828644567,217.69266369866963,722.2,217.7223857730627
678.24,463.1557259297371,778.3896306572606,463.5025816435107,778.3275,481.4419210577011,678.1778693427395,481.09506534392756
747.32,324.4658683729172,772.211543406284,324.78561516950816,772.0475,337.5560122823715,747.155956593716,337.23626548578056
703.3563776566187,264.37939272472,772.0475,264.3652285062522,772.0511223433813,281.9322289685783,703.36,281.94639318704606
715.9200000000001,337.83016666889193,772.3960978557187,339.15563610705465,772.0475,354.0088240003586,715.5714021442814,352.6833545621959
734.3255249542286,485.9606847774155,772.0475,484.96867678642275,772.4819750457714,501.48997196086583,734.76,502.48197995185853
678.2175290914628,506.4877141017232,772.0475,506.37236253857617,772.0699709085372,524.6507857936111,678.24,524.7661373567581
753.6,285.12569686412814,772.1701944256505,285.25352704845847,772.0475,303.07763761520386,753.4773055743497,302.94980743087353
747.32,182.03705206394196,772.2166085747702,182.3310267404278,772.0475,196.65277051448822,747.1508914252298,196.3587958380024
508.6199664638607,766.1315811946531,677.8475000000001,765.487646073103,677.9075335361393,781.2645883617263,508.68,781.9085234832764
709.4706117514509,310.7151956944416,772.0475,309.9586771965027,772.2168882485493,323.9699532313397,709.64,324.72647172927856
552.64,686.4635552114994,778.3444825751608,686.5312063039863,778.3275,743.1902076376975,552.6230174248393,743.1225565452105
55.080515819112854,113.41782574311912,150.32750000000001,110.68210053920747,151.76698418088716,160.79916887982668,56.52,163.53489408373832
558.9200000000001,635.5386107873917,766.5587008441901,640.1184922317642,765.7675,675.9892712879181,558.1287991558099,671.4093898435457
31.182185653166997,398.78929547547,169.16750000000002,397.6105611073971,169.385314346833,423.1084017838668,31.400000000000002,424.28713615193965
18.599820220952118,364.25323484431357,169.16750000000002,362.84169030189514,169.4076797790479,388.46136504423475,18.84,389.8729095866531
81.57983933905118,458.1827737116192,125.20750000000001,457.8532496023178,125.26766066094882,465.81827803856396,81.64,466.1478021478653
551.6759774365046,588.2515096292323,740.6475,584.2775551509858,741.6115225634954,630.1192507734472,552.64,634.0932052516938
546.3453644457693,748.1630757061421,778.3275,747.9476341611147,778.3421355542308,763.7068375452579,546.36,763.9222790902853
709.6299330318726,166.32746719632232,772.0475,166.2840045365691,772.0575669681275,180.74137232836404,709.64,180.78483498811724
741.0400000000001,221.65718848466875,772.1777871853905,221.8933135446774,772.0475,239.07427117586138,740.9097128146096,238.8381461158527
81.31919523189032,329.23250465144406,169.16750000000002,328.105947688818,169.48830476810969,353.1221306027006,81.64,354.2486875653267
678.2307015459254,243.11455762766053,778.3275,243.06276229262352,778.3367984540747,261.03244011737655,678.24,261.08423545241357
50.22680649944495,432.6868500258221,137.7675,432.5512845514715,137.78069350055506,441.0709182843374,50.24,441.20648375868797
49.802504237369305,65.10149588277376,150.32750000000001,64.2167223596573,150.7649957626307,113.92352137157883,50.24,114.8082948946953
