53.315143629692095,868.7276075952391,931.6666666666667,868.5862018540502,931.684856370308,981.5728017088943,53.333333333333336,981.7142074500832
533.3333333333334,24.958269596099854,960.5000658612399,33.626479005277794,958.3333333333334,140.40240128835043,531.1666008054268,131.7341918791725
26.666666666666668,204.22023085411638,318.36015474959413,204.30378365883925,318.33333333333337,297.94076556960744,26.639845250405894,297.85721276488454
26.666666666666668,27.743377089500427,453.12309757143294,33.71352837299807,451.6666666666667,137.7484675248464,25.210235761900435,131.77831624134876
836.2433957685624,474.7379778658542,943.5,425.38356494903564,955.2566042314376,450.9329205716458,848.0,500.28733348846436
479.9676606979415,599.9033764176577,535.5,599.7175784111023,535.5323393020585,609.3833284802229,480.0,609.5691264867783
496.0,590.2759194374084,519.6693857554957,590.6767235884424,519.5,600.6797556877136,495.8306142445043,600.2789515366796
415.3537451598698,549.2962258939381,479.5,547.9680137634277,480.1462548401302,579.1790129061108,416.0,580.5072250366211
336.0,262.6943706870079,943.5968993264714,264.46765617403116,943.5,297.6691517829895,335.9031006735286,295.89586629596624
167.8755052627011,695.8804793513831,311.5,693.9586606025696,311.6244947372989,703.2626044594232,168.0,705.1844232082367
383.9216132329895,590.6550582118796,407.5,590.4504346847534,407.5783867670105,599.482795410557,384.0,599.6874189376831
335.95918555788205,199.04800144940776,879.5,198.41005492210388,879.540814442118,233.1846232601984,336.0,233.8225697875023
631.9089782425262,587.4181979755701,695.5,586.982216835022,695.5910217574738,600.2584024806677,632.0,600.6943836212158
167.95284397478684,716.9976682261972,239.5,716.6982996463776,239.54715602521316,727.968284945056,168.0,728.2676535248756
440.0,696.7544860839844,471.6807158171959,697.094927125767,471.5,713.9119548797607,439.8192841828041,713.5715138379782
168.0,654.7034759521484,231.58011493912477,655.2329499282322,231.5,664.8532849550247,167.91988506087523,664.323810978941
495.93641148546624,607.5327425680069,519.5,607.3867645263672,519.5635885145338,617.6511410989852,496.0,617.797119140625
320.0,647.184244632721,343.76183250987395,647.8091457302974,343.5,657.7653136253357,319.73816749012605,657.1404125277593
639.8656614810916,668.7489822729374,719.5,668.0395894050598,719.6343385189084,683.12003294389,640.0,683.8294258117676
805.4677810943704,443.8010038291683,951.5,377.80522632598877,962.0322189056296,401.11040364153484,816.0,467.10618114471436
623.9919023704048,685.8365011516049,679.5,685.7966625392437,679.5080976295952,697.0792847868964,624.0,697.1191233992577
239.91750543809783,639.2302258699714,303.5,638.6553699970245,303.58249456190214,647.7797614843072,240.0,648.354617357254
168.0,621.553537607193,239.5412030618493,621.8484874950158,239.5,631.842444896698,167.9587969381507,631.5474950088752
343.8780756057552,607.7213709800799,383.5,607.2127056121826,383.6219243942448,616.7098710090559,344.0,617.2185363769531
207.49499889848212,553.4829986379418,343.5,551.5027546882629,344.00500110151785,586.186701269361,208.0,588.1669452190399
207.90833916059424,703.8919618158845,327.5,702.8422546386719,327.59166083940573,713.2850450248213,208.0,714.334752202034
834.4043821040432,407.8150553975876,871.5,379.4577531814575,885.0956178959568,397.2428669656936,848.0,425.60016918182373
408.0,634.1134796142578,522.8525181149053,643.7197747064079,519.5,683.802360534668,404.6474818850948,674.1960654425179
663.894476731213,567.3502837559215,719.5,566.9155173301697,719.605523268787,580.4116757968434,664.0,580.8464422225952
175.96371898042975,647.7273606792958,279.5,647.3202832937241,279.53628101957025,656.5480173095195,176.0,656.9550946950912
792.9090094244893,405.9478258628639,871.5,355.6537284851074,886.5909905755107,379.23534064104234,808.0,429.5294380187988
599.9620111335231,709.1159550176449,655.5,708.9226472377777,655.5379888664769,719.8369790090733,600.0,720.0302867889404
615.4799135115884,555.9730682802419,711.5,552.4000616073608,712.0200864884116,566.3767356443186,616.0,569.9497423171997
167.40737874076112,597.9476704777982,327.5,589.0352597236633,328.09262125923885,599.6804480372165,168.0,608.5928587913513
295.81780960607273,599.8732435178777,359.5,598.7423090934753,359.68219039392727,609.0013330507259,296.0,610.1322674751282
663.7240894174578,599.4009452823606,703.5,598.6004314422607,703.7759105825422,612.3098691936526,664.0,613.1103830337524
