40.61923421455451,428.06855232222983,254.66666666666666,423.28294436136883,256.71409911877885,514.8591167260795,42.666666666666664,519.6447246869405
42.666666666666664,176.51491531729698,361.5290500087943,177.2592906213449,361.3333333333333,261.09695323308307,42.47094999120571,260.3525779290352
42.28700680216697,275.3867744758017,361.3333333333333,273.93096892038983,361.712993197833,357.13513354914517,42.666666666666664,358.59093910455704
42.5972081173681,21.5708992226935,425.3333333333333,21.085443258285522,425.4027918826319,75.84694166540935,42.666666666666664,76.33239762981732
44.789520543803604,709.5300750535462,306.8,709.3880247950553,306.8104794561964,728.7172915745047,44.8,728.8593418329954
524.8,695.1133884429931,582.200574136912,696.1417468380323,582.0,707.3373287200927,524.599425863088,706.3089703250537
530.5550596808463,684.5012095003094,639.6,676.7401275634766,640.2449403191538,685.8016835660968,531.2,693.5627655029297
480.0,653.4993850708008,633.4504538281512,655.4630041109286,633.2,675.0351577758789,479.74954617184875,673.0715387357511
486.4,633.3242538452148,620.6465996098157,635.4258659457088,620.4,651.1781349182129,486.1534003901844,649.076522817719
512.0,617.6216346740723,594.9518511009074,618.6595561094133,594.8,630.7956672668457,511.84814889909256,629.7577458315047
556.8,284.14392189979554,652.4121278100911,284.213487866068,652.4,300.88206577301025,556.787872189909,300.8124998067378
524.8,723.8505477905273,582.093310192808,724.2377789451687,582.0,738.0436149597168,524.706689807192,737.6563838050755
44.8,591.5621350288391,332.63240823507186,593.420575405964,332.4,629.4156080245972,44.567591764928146,627.5571676474723
492.8,738.3081214904785,614.2867351162647,741.7095425282173,614.0,751.950707244873,492.51326488373536,748.5492862071343
51.2,751.2445100307465,102.08915261437815,751.6391788539845,102.0,763.1346422195435,51.110847385621845,762.7399733963055
473.6,671.9394817352295,519.5527611920096,679.8569614392455,518.0,688.8691303253174,472.04723880799037,680.9516506213014
51.18565442454322,738.5587400526389,121.2,738.4726177453995,121.21434557545676,750.1350558488981,51.2,750.2211781561375
50.959825435999704,116.37947317494789,114.8,115.55027914047241,115.0401745640003,134.04147113428672,51.2,134.8706651687622
51.2,539.7798484802246,79.10456325953193,545.4609706031072,76.4,558.7452575683594,48.49543674046808,553.0641354454768
587.8937490800147,492.04396846269464,620.4,491.36498565673827,621.3062509199852,534.7516804936042,588.8,535.4306632995606
51.2,529.1641868591308,128.37545583567035,533.4431489505146,127.6,547.4292877197265,50.42454416432965,543.1503256283429
44.7769614518509,385.97249675325565,191.6,385.8499974370003,191.62303854814908,413.4631282395918,44.8,413.58562755584717
51.128187450892895,141.89863901186584,198.0,141.34607124328613,198.0718125491071,160.43375577878356,51.2,160.98632354736327
486.4,706.6031227111816,620.664636803578,710.3588009435043,620.4,719.819506072998,486.13536319642196,716.0638278406753
