0.0,133.83781127929686,844.8881018929494,144.42252842180883,843.5999999999999,247.24076614379882,-1.2881018929495,236.65604900128682
152.02113689728347,524.9701990601473,690.0,511.40306167602535,691.5788631027165,574.0098557951993,153.6,587.5769931793212
880.2461538461538,364.28488311767575,903.5493640541042,364.40415298517905,903.5076923076923,372.54607086181636,880.2044820997419,372.42680099431306
827.076923076923,363.76201171875,850.4377011345191,364.03415758494907,850.3384615384615,372.5528031569261,826.9776834808655,372.280657290727
784.7724736707954,106.29112571510524,897.5999999999999,103.94367018479566,898.5506032522813,149.6332315377493,785.7230769230769,151.9806870680589
561.2307692307692,103.57352529672475,592.2226240023965,104.6558874555222,590.4,156.84405564528245,559.4081452283727,155.761693486485
880.2461538461538,464.5419996995192,903.5404990544758,464.6113111819963,903.5076923076923,475.637069936899,880.2133470993703,475.5677584544219
773.7688940591859,362.9936214526455,791.2615384615384,362.74472175011266,791.4003367100448,372.49944777061165,773.9076923076923,372.7483474731445
827.076923076923,510.5292216374324,844.5151938173238,510.6798268199133,844.4307692307692,520.4551796546349,826.9924984903683,520.304574472154
72.15217381496343,102.85475554794745,100.06153846153846,100.18329514723557,104.70936464657501,148.74021022541493,76.8,151.4116706261268
35.44615384615384,507.28359374999997,52.85058516047302,507.3890916494692,52.8,515.734337909405,35.39556868568083,515.6288400099359
314.13232266436734,398.9564831970078,466.3384615384615,335.178183218149,483.0369081048634,375.0288232933768,330.8307692307692,438.8071232722356
118.15384615384615,99.34288013164813,278.0375066049827,101.68728526320665,277.2923076923077,152.50833505483774,117.40864724117111,150.1639299232792
679.2899879267969,636.6008557359124,696.7384615384615,636.4361181405874,696.8330889962799,646.4587526061849,679.3846153846154,646.6234902015099
880.2053540250014,521.7029630565958,903.5076923076923,521.6169342041015,903.5484921288447,532.6682409088114,880.2461538461538,532.7542697613055
827.076923076923,565.2961388221154,844.5995537082833,565.5679914633268,844.4307692307692,576.447223839393,826.9081385994089,576.1753711981816
561.2094667248148,633.9425522496964,578.5846153846154,633.9084175696739,578.6059178905697,644.7517653772567,561.2307692307692,644.7859000572792
366.2769230769231,101.86798500647912,407.6741792843142,102.16192108773029,407.26153846153846,160.2772698035607,365.86428225414727,159.9833337223095
472.6153846153846,48.70169712946965,903.8331891967125,51.543195455987096,903.5076923076923,100.93968904935396,472.2898877263643,98.09819072283652
35.44615384615384,499.48146409254804,58.820965669188816,499.7791063115776,58.707692307692305,508.6748319185697,35.332880484657345,508.3771896995401
106.04624692892466,260.04668966996155,147.3230769230769,259.83728097768926,147.61529153261378,317.4360970955038,106.33846153846153,317.6455057877761
874.3384615384615,410.44593728872445,903.6517910375326,410.90758164421567,903.5076923076923,420.05751166710485,874.1943628086211,419.59586731161363
472.6153846153846,285.75030916654146,513.7007236658435,286.15701866527473,513.6,296.3320108266977,472.514660949541,295.9253013279644
720.7384615384615,365.67466947115383,738.1201109188183,365.7334495011209,738.0923076923076,373.95505018967845,720.7106583119509,373.8962701597114
797.5384615384615,397.9119985727163,844.4402513687537,397.9548191370074,844.4307692307692,408.3406991518461,797.5289794004769,408.297878587555
46.19021959472733,49.00684410340142,407.26153846153846,38.45963181715745,408.3328573283496,75.13496418634655,47.26153846153846,85.68217647259051
493.76063665626566,102.81746613775748,543.1384615384615,100.69597778320312,545.6239787283497,158.54660528276534,496.24615384615385,160.6680936373197
224.4923076923077,267.0031701894907,442.94360218883145,268.06406870591053,442.7076923076923,316.6406461275541,224.25639781116848,315.57974761113417
