618.0697519809913,742.2946090830172,766.6666666666666,740.7432155609131,767.263581352342,797.9174136983548,618.6666666666666,799.468807220459
192.0,246.4301167751352,681.3431170454152,246.50256011685497,681.3333333333334,312.58996101220447,191.9902162879181,312.5175176704847
192.0,536.6198647022247,274.8381845785738,536.8050109763612,274.8,553.8895630836487,191.96181542142614,553.7044168095122
371.2,378.6066047668457,505.9147940100296,382.14338614761493,505.2,409.369645690918,370.4852059899704,405.8328643101487
371.2,624.4828033447266,480.8587596760887,629.697324819616,479.6,656.1684066772461,369.94124032391125,650.9538852023567
198.4,217.26037483215333,684.4381759761702,218.35371975763456,684.4,235.32455978393554,198.3618240238297,234.2312148584543
236.8,175.2607072353363,646.0909476041595,176.31020539744011,646.0,211.7786153793335,236.7090523958406,210.7291172172297
191.8903202459831,518.4088217548143,249.2,518.0473059654236,249.3096797540169,535.4344070621718,192.0,535.7959228515625
249.6,497.00006408691405,678.2740112239991,499.2408808920809,678.0,551.6599319458007,249.32598877600094,549.419115140634
665.6034775895348,698.1393262677327,716.4,679.7158615112305,729.1965224104653,714.9979784197673,678.4,733.4214431762696
