618.6666666666666,276.8529478708903,788.5384342131456,278.304166762073,788.0,341.3303387959798,618.128232453521,339.8791199047971
533.3333333333334,615.5051192442576,788.1142452989928,615.9631667471106,788.0,679.5101161003113,533.2190880343406,679.0520685974583
596.3693105827768,217.70518138657482,788.0,214.49526850382486,788.9640227505565,272.04709344456126,597.3333333333334,275.2570063273112
639.1245422625763,526.9011502197853,702.6666666666666,526.1794827779134,703.5421244040904,603.2626948424705,640.0,603.9843622843424
209.69632661491298,233.5268805904278,382.6666666666667,222.1589330037435,386.303673385087,277.4982353763691,213.33333333333334,288.8661829630534
512.0,130.93679809570312,790.9120309352455,143.13178201995916,788.0,209.73297373453775,509.08796906475453,197.53798981028172
588.751096739473,380.60600578099286,793.2,380.26983003616334,793.248903260527,410.0108751127144,588.8,410.34705085754393
294.2137663859319,196.98494040600116,402.8,195.94063186645508,402.9862336140681,215.30503037341782,294.4,216.34933891296387
140.8,726.968843460083,466.9951955311168,730.4603977602284,466.8,748.6963577270508,140.60480446888323,745.2048034269054
140.8,685.3122492790222,294.11524951164495,686.261169976191,294.0,704.8818067550659,140.68475048835506,703.9328860578971
339.2,112.88781280517578,441.96822836040127,116.94044652327425,441.2,136.42147369384764,338.43177163959865,132.36883997574918
268.3629396769084,375.972662624867,345.2,375.3130069732666,345.6370603230916,426.2220385698962,268.8,426.88169422149656
531.2,343.9619625091553,793.3138794133517,344.9076088028726,793.2,376.47266120910643,531.0861205866482,375.52701491538915
332.8,77.2442626953125,448.6683954539768,81.70860699952158,447.6,109.43793487548828,331.73160454602316,104.97359057127922
