170.24440356120869,471.0164669335332,487.75,453.05561351776123,489.5055964387913,484.0904246985469,172.0,502.05127811431885
195.8126790857294,372.855596270512,315.75,371.13963413238525,315.9373209142706,384.2324455118671,196.0,385.9484076499939
176.0,445.59973526000977,299.92439713808267,446.8803966560643,299.75,463.7560987472534,175.82560286191733,462.4754373511989
199.8763499670182,324.50103528247666,311.75,323.3797035217285,311.8736500329818,335.71608870281386,200.0,336.837420463562
264.0,431.6339840888977,284.2199541515871,432.59014042603934,283.75,442.5283179283142,263.5300458484129,441.5721615911726
167.87595706336324,344.2106483964246,339.75,343.1894736289978,339.8740429366368,364.0671546073634,168.0,365.0883293747902
159.26264177270906,79.42517998037641,379.75,75.72686290740967,380.48735822729094,119.6869032162636,160.0,123.38522028923035
187.7387233807655,123.07047365845254,283.75,122.24622797966003,284.0112766192345,152.6807239180703,188.0,153.5049695968628
292.0,436.9578318595886,320.0469615554459,437.8709133496173,319.75,446.99262857437134,291.7030384445541,446.07954708434266
280.0,417.7826728820801,373.03650299002,424.0991986987779,371.75,443.0481815338135,278.71349700998,436.73165571711564
96.0,416.68663454055786,140.9178454412611,417.85993813507304,139.75,462.56882786750793,94.83215455873889,461.39552427299276
