500.0,79.67582657933235,699.0563503170881,80.60988919899143,698.75,145.89563637971878,499.69364968291194,144.96157376005968
459.82091437653116,147.68578244055297,738.75,146.83869421482086,738.9290856234687,205.80798181091757,460.0,206.6550700366497
191.57199139397156,366.8309929380944,257.625,365.34658312797546,258.05300860602847,384.3920353640984,192.0,385.8764451742172
78.0,679.107013463974,121.6307803585365,683.6900330080651,119.625,702.7852520942688,75.9942196414635,698.2022325501778
102.0,216.38039343059063,179.7094579994579,216.8291110998071,179.625,231.45564758777618,101.91554200054213,231.00692991855973
71.30754493235044,396.7656781330258,107.625,395.1009088754654,108.31745506764956,410.2070298538059,72.0,411.8717991113663
64.48602963541585,436.46681984231515,107.625,432.7661118507385,109.13897036458415,450.41438965036826,66.0,454.1150976419449
359.81927149973876,203.26932220587832,395.625,202.51319468021393,395.80572850026124,211.07142777314087,360.0,211.82755529880524
143.51980179832512,345.1610740488725,305.625,340.47312569618225,306.1051982016749,357.07796406090694,144.0,361.7659124135971
53.17996137432846,460.20665263204,125.625,455.70347571372986,126.44503862567154,468.8958798739491,54.0,473.3990567922592
345.7645673593843,434.28007823715535,389.625,427.73125290870667,391.8604326406158,442.7029520820585,348.0,449.2517774105072
46.58515363232928,417.87283348247803,125.625,411.6023190021515,127.03984636767072,429.4364600260517,48.0,435.7069745063782
356.52194868382594,409.2143139383348,389.625,398.6508135795593,393.1030513161742,409.5500522115676,360.0,420.113552570343
143.58460238609942,390.43107329561076,305.625,384.8312895298004,306.0403976139006,396.8516098384682,144.0,402.45139360427856
72.0,661.4894166402519,101.672387673486,661.5660017877777,101.625,679.9260293394327,71.952612326514,679.849444191907
137.51546949947965,692.7888159515201,317.625,690.3327190876007,318.1095305005204,725.864119434184,138.0,728.3202162981033
119.19078530755284,252.3124381366717,335.625,214.85824728012085,342.4342146924472,254.20623480644355,126.0,291.6604256629944
331.4891373833503,353.57347996635485,365.625,337.1571396589279,370.1358626166498,346.5369517047877,336.0,362.95329201221466
88.53854039708077,308.4527528420237,353.625,296.5568890571594,355.08645960291926,329.12393580524656,90.0,341.0197995901108
348.0,424.3342294692993,371.8766892486182,424.89263723123526,371.625,435.65449690818787,347.7483107513818,435.0960891462519
462.0,209.2877461463213,725.660849609361,209.65329756658684,725.625,235.51050379872322,461.9641503906391,235.1449523784577
