21.333333333333332,467.39069239298504,159.31501317131173,491.1164177021995,148.0,556.9211298624674,10.018320162021595,533.195404553253
42.666666666666664,546.5265731811523,230.6946107447934,702.042179635548,126.66666666666667,827.818369547526,-61.36127741146007,672.3027630931304
672.0,71.26586303710937,778.1481020468572,80.13477284102032,774.0,129.781591796875,667.8518979531428,120.91268199296405
441.6,218.00042114257812,516.3746094777259,226.08258966694544,511.6,270.2563232421875,436.825390522274,262.1741547178202
670.687655938919,142.18116947323304,774.0,139.2356170654297,775.312344061081,185.26478999942321,672.0,188.21034240722656
425.9264177273535,285.4622587218604,550.0,274.55310211181643,552.8735822726464,307.2353395447411,428.8,318.14449615478514
733.7889595352204,25.572141424020053,774.0,23.399964904785158,776.2110404647796,64.33044951836277,736.0,66.50262603759765
734.2199141280972,205.96914526607156,774.0,204.16590728759766,775.7800858719028,243.43524926517844,736.0,245.23848724365234
530.689710132618,455.4151200910469,582.0,454.1003707885742,582.510289867382,474.01528609791796,531.2,475.3300354003906
386.3100658217393,345.3796374716964,620.4,318.7378402709961,624.4899341782607,354.6743206581864,390.4,381.31611785888674
472.9634899405581,385.54036693194763,588.4,383.7005554199219,589.036510059442,423.6375268973981,473.6,425.47733840942385
