372.0,405.6919853389263,395.6858647562991,405.74514985202995,395.625,432.86162853240967,371.9391352437009,432.8084640193061
420.0,457.6489677429199,443.973919275331,457.95301348926716,443.625,485.4651975631714,419.651080724669,485.16115181682414
479.4995382577101,512.1125420500574,509.625,511.54663252830505,510.12546174228993,538.1880663464729,480.0,538.7539758682251
23.812324847963232,399.57288874651346,215.625,398.802899569273,215.8126751520368,445.55482029204217,24.0,446.3248094692826
48.0,459.5978656411171,186.28762060928068,462.91410219378037,185.625,490.54549276828766,47.337379390719335,487.22925621562445
17.709096663709097,621.3097661451828,41.625,620.7778292298317,41.9159033362909,633.8568539603223,18.0,634.3887908756733
329.4205063019801,355.36812617519126,347.625,354.96392369270325,348.20449369802,381.0631928231456,330.0,381.46739530563354
24.0,38.10576242208481,173.87126799194758,39.49278078640172,173.625,66.10273575782776,23.753732008052427,64.71571739351086
545.8111625177073,40.26610929621473,695.625,39.17258548736572,695.8138374822927,65.0435063158153,546.0,66.1370301246643
47.70389337202771,588.7305224145755,167.625,587.3811181783676,167.9211066279723,613.6960159336226,48.0,615.0454201698303
41.47640129278936,623.5952663927453,197.625,620.0935399532318,198.14859870721062,643.4417956859692,42.0,646.9435221254826
563.8493478362996,721.1497321471331,713.625,720.3074069023132,713.7756521637006,747.0951901331784,564.0,747.9375153779984
24.0,720.8850678107701,173.6448771748438,720.9966443753784,173.625,747.655624229461,23.98012282515622,747.5440476648527
65.79087383220103,497.97193359010487,179.625,497.06329357624054,179.83412616779898,523.2625520361158,66.0,524.1711920499802
