67.95596340605067,69.01368311829806,87.75,68.93039751052856,87.79403659394933,79.39633484892606,68.0,79.47962045669556
40.0,412.1803694218397,71.83664791215348,412.34045124557247,71.75,429.5727578699589,39.91335208784652,429.4126760462261
31.958809471392794,56.9164792218869,127.75,56.49843692779541,127.7911905286072,65.93693114131042,32.0,66.35497343540192
211.767642248114,411.5226831150339,283.75,410.56783056259155,283.982357751886,428.08431389805816,212.0,429.0391664505005
15.77760318772001,455.38093561761787,167.75,454.2569706439972,167.97239681227998,484.3274598485906,16.0,485.45142482221127
280.2675796289599,285.2047841249679,343.75,268.09873819351196,347.4824203710401,281.95016124856727,284.0,299.0562071800232
273.8495046102012,198.37414843588988,351.75,187.5995979309082,353.9004953897988,203.14777844399293,276.0,213.9223289489746
116.0,411.97639656066895,171.80154012192511,412.1407047579976,171.75,429.64450693130493,115.94845987807487,429.4801987339763
374.38097160008,382.2638790425265,475.75,378.2325687408447,477.36902839992,418.94373299513217,376.0,422.97504329681396
285.1184662566484,241.6063544044704,347.75,229.0626926422119,350.6315337433516,243.45042736432842,288.0,255.9940891265869
220.0,170.74639511108398,235.83571130271793,170.92910668441124,235.75,178.35775184631348,219.91428869728207,178.17504027298622
163.8129189953018,328.917499161961,331.75,325.662148475647,331.9370810046982,335.31328620791203,164.0,338.5686368942261
199.9339443810627,454.96455000711103,307.75,454.722956597805,307.8160556189373,484.2016427330909,200.0,484.4432361423969
196.0,140.94673013687134,260.07239864931296,141.98066833108646,259.75,161.9594783782959,195.67760135068707,160.92554018408077
23.031296703598834,29.71786938489552,119.75,26.49514102935791,120.71870329640117,55.56731726347332,24.0,58.790045619010925
196.0,162.01666140556335,267.8260810085985,162.84282910214577,267.75,169.45722556114197,195.9239189914015,168.63105786455955
273.00197452111604,265.23193464927635,343.75,249.8144292831421,346.74802547888396,263.5718029911045,276.0,278.98930835723877
268.66769108457595,306.59397449450375,343.75,287.5338034629822,347.08230891542405,300.66051921887515,272.0,319.72069025039673
371.85882468268227,434.14342919792415,467.75,433.29442167282104,467.89117531731773,449.23947127853154,372.0,450.08847880363464
273.8373064648071,220.68603288918513,343.75,210.71319389343262,345.9126935351929,225.87434613913518,276.0,235.8471851348877
