459.96648920397865,152.97875151694447,718.75,152.85053871572018,718.7835107960213,220.4884138823983,460.0,220.6166266836226
480.0,418.92068955115974,718.7596914585254,418.9554224012417,718.75,485.576204797253,479.99030854147463,485.54147194717103
80.0,121.85758175328374,199.00133624682462,122.27929536123847,198.75,193.20266291499138,79.74866375317536,192.78094930703662
80.0,44.67490367591381,199.14076558390042,45.36151025584563,198.75,113.16760502755642,79.60923441609957,112.4809984476246
480.0,270.30084550380707,679.2369740547887,271.7235535795899,678.75,339.91972029209137,479.51302594521115,338.4970122163085
408.16355008104176,860.2492754101833,436.53846153846155,833.9718393179086,446.83644991895824,845.0918172130138,418.46153846153845,871.3692533052885
256.44124063631017,571.7048760832142,411.9230769230769,563.6262834989108,413.9433747483052,602.5092463955643,258.46153846153845,610.5878389798678
258.41276882972835,717.1977448966475,411.9230769230769,716.6716865392831,411.97184655488695,730.9032657927212,258.46153846153845,731.4293241500854
270.7692307692308,650.6745614455297,393.5361846218281,651.0755120407888,393.46153846153845,673.9313995838165,270.6945846089411,673.5304489885574
289.2307692307692,826.8315241887019,307.8698539099242,827.7032404140073,307.3076923076923,839.723410973182,288.6686076285373,838.8516947478768
276.9230769230769,784.1880918466128,387.3629815065899,784.6549682323996,387.3076923076923,797.7336632288419,276.8677877241793,797.2667868430552
258.37137767228705,607.9765199990561,411.9230769230769,606.662593621474,412.0132377123283,617.1992132004302,258.46153846153845,618.5131395780123
300.90158368718295,798.03835265062,331.9230769230769,797.5341397065382,332.5599547743555,836.717786591112,301.53846153846155,837.2219995351937
252.3076923076923,893.5037832993727,572.6567162108045,902.3833510078089,571.9230769230769,928.8509266193096,251.57405301996482,919.9713589108735
375.38461538461536,514.4582119354835,399.6742891664787,514.6156560247202,399.6153846153846,523.7031507492065,375.3257108335213,523.5457066599697
270.57682794745926,758.1260163171261,399.6153846153846,755.9007552953866,399.80778743715604,767.057820546465,270.7692307692308,769.2830815682045
325.81166893626613,828.1023192135434,375.0,826.6888288351205,375.34217721757994,838.5963214631017,326.15384615384613,840.0098118415245
258.4454542573717,742.8512681806741,399.6153846153846,742.6372679838768,399.6314688195514,753.2475665540225,258.46153846153845,753.4615667508199
233.84615384615384,853.4007907830752,590.5116769071335,854.5872174057591,590.3846153846154,892.7846613297096,233.71909232363572,891.5982347070255
484.051947868303,556.7149089820856,695.0,546.4611112154447,697.1018982855431,589.7027821753287,486.15384615384613,599.9565799419696
252.08689274904683,681.6471732121895,411.9230769230769,680.2283793229323,412.14387648172243,705.102858405782,252.3076923076923,706.5216522950392
