47.34612864804196,367.78635385291307,396.27000000000004,367.4679258561134,396.283871351958,382.6677382932451,47.36,382.9861662900448
213.12,351.2744638317823,396.28343708956544,351.43847121833267,396.27000000000004,366.445011844635,213.1065629104346,366.2810044580847
24.449009512408406,616.6901802589341,100.27,555.1937593841553,111.3409904875916,568.8435531852798,35.52,630.3399740600586
426.23859117546044,383.6737073779298,650.83,383.655115968287,650.8314088245396,400.6742605202453,426.24,400.69285192988815
563.1544517270996,595.8935632132205,638.99,534.1567299461365,650.0755482729004,547.7738623238888,574.24,609.5106955909729
224.91827897157157,317.23047024562266,396.27000000000004,316.7811639595032,396.3117210284285,332.6922923927078,224.96,333.1415986788273
688.3641662621366,274.008673083672,739.63,234.26726697921754,749.8258337378635,247.41974366437486,698.5600000000001,287.1611497688294
-5.000300164743621,361.76711921471303,70.67,302.14916530609133,81.59030016474362,316.0097951529628,5.92,375.6277490615845
141.59573858717857,387.5713531963268,159.47,380.92005294799804,165.87426141282143,398.1304386432728,148.0,404.78173889160155
137.0288501541815,518.395017565776,212.75,456.86285499572756,223.72114984581853,470.36389326186077,148.0,531.8960558319092
492.80756836203545,262.5056610880313,573.87,198.50254762649536,584.2624316379646,211.66496635337498,503.2,275.66807981491087
421.06782897639613,65.14527821354454,455.47,40.62415920257568,466.5621710236039,56.18604136653359,432.16,80.70716037750245
620.5267402910816,408.7759989646748,650.83,394.4041806030273,657.8232597089184,409.14960528337207,627.52,423.5214236450195
610.7397435235051,186.28608502465832,692.27,122.34676382064819,703.130256476495,136.19488543432607,621.6,200.1342066383362
410.03013526182883,727.8072788382195,485.07,665.6553381347657,495.35986473817115,678.0789253854133,420.32,740.2308660888672
492.48323991213323,484.6943159032535,573.87,422.4645536994934,584.5867600878668,436.4803935694028,503.2,498.71015577316285
557.5927050096361,334.9024828278024,633.07,275.89425357818607,643.7972949903639,289.6155127776664,568.32,348.62374202728273
426.2317551857122,339.1988162566942,721.87,339.1275534668565,721.8782448142879,373.33169324887575,426.24,373.40295603871346
462.93629720836185,178.41260312327748,514.67,143.19014255523683,525.3337027916382,158.85267214527724,473.6,194.07513271331788
224.24644616603442,567.2881448684141,248.27,558.8433703422546,254.9035538339656,577.7143937363223,230.88,586.1591682624817
5.92,400.5624242120981,396.31627906459727,401.8246934059506,396.27000000000004,416.1379434680939,5.873720935402766,414.8756742742414
131.1519835664136,157.3108108913188,212.75,93.34480279922485,223.67801643358638,107.2850890720601,142.08,171.25109716415406
720.1325450288218,612.8440874631827,739.63,602.3358135986329,747.6574549711781,617.2302619020517,728.16,627.7385357666016
30.81726468966929,124.50895348047936,112.11,60.96347320556641,122.73273531033072,74.55297172093664,41.44,138.09845199584962
-9.728619113396356,227.45750398201454,23.310000000000002,208.90618717193604,33.03861911339636,226.23218859153283,0.0,244.78350540161134
281.69372287411346,668.5142073852841,313.39,650.6801843261719,321.7762771258865,665.5850525634464,290.08,683.4190756225586
306.8956001912598,225.945410376148,455.47,220.04497913360595,456.4143998087402,243.8252129835322,307.84000000000003,249.72564422607422
230.88,385.69928240895274,396.2963230539774,386.02939349464816,396.27000000000004,399.21968909263614,230.8536769460226,398.88957800694067
593.0169208448292,728.520623480719,674.51,664.4901981925965,685.3330791551708,678.2649941950623,603.84,742.2954194831848
119.46630710235532,673.5395995590175,200.91,609.7037683105469,211.6836928976447,623.4491730239904,130.24,687.2850042724609
527.9789233324383,124.91296817920585,609.39,60.932300891876224,620.1310766675617,74.59959529735666,538.72,138.5802625846863
119.59896807244542,276.3115764932888,200.91,211.79323347091676,211.55103192755456,225.2038892049534,130.24,289.72223222732543
242.71285536499857,334.4162730816161,396.27000000000004,334.34250280559064,396.2771446350014,349.2144784763301,242.72,349.28824875235557
-10.362032012058883,491.8395956024965,35.15,457.80722204208377,45.51203201205888,471.66453151847526,0.0,505.69690507888794
