104.2102600407184,469.32426729640326,212.1153846153846,466.3999535487248,212.52050919005083,481.3487659777337,104.61538461538461,484.27307972541223
166.15384615384616,130.76289690457858,184.8970157114471,131.45340010956585,184.4230769230769,144.3180979215182,165.67990736547597,143.6275947165309
221.53846153846152,25.918116936316856,291.4743198008656,31.44863398231164,289.03846153846155,62.25114969106821,219.10260327605744,56.72063264507342
160.0,152.81470500505887,270.6415312349305,153.36818645228067,270.5769230769231,166.28342610139111,159.9353918419926,165.72994465416932
27.69230769230769,31.26949390539756,206.28223019448188,33.41024663795072,205.96153846153845,60.16359879420354,27.37161595936426,58.02284606165038
132.3076923076923,390.4144472342271,236.81227018905338,391.11344766723374,236.73076923076923,403.2983088493347,132.2261913494081,402.5993084163281
159.9899045302138,174.33750484113622,289.03846153846155,174.2491185435882,289.0485570082477,188.98902556955701,160.0,189.07741186710504
160.0,197.1424487920908,236.7655200248508,197.34058289504827,236.73076923076923,210.80450828258807,159.96524920591844,210.6063741796306
212.25505833320145,465.5315307939589,236.73076923076923,465.32836327186,236.78340320526007,471.6692091399353,212.3076923076923,471.87237666203424
132.3076923076923,411.88749267504767,292.2623924607877,413.73638066048335,292.1153846153846,426.4546177937434,132.1606844622892,424.6057298083077
165.62092921469676,458.14747572780647,230.57692307692307,453.914889555711,231.10984001607247,462.09337618799316,166.15384615384616,466.3259623600886
14.604678022990779,108.53228283811006,285.96153846153845,102.02521764315091,286.74147582316306,134.55007292708592,15.384615384615383,141.05713812204507
221.33138536444318,53.470912752641176,276.7307692307692,53.11486225861769,276.9378454047876,85.33470929316923,221.53846153846152,85.6907597871927
15.384615384615383,52.91493599231426,43.5347219481022,57.11014875736467,39.80769230769231,82.11872100830078,11.65758574420549,77.92350824325038
