640.0,19.435887972513836,788.3749196988466,20.47622470167128,788.0,73.94802729288737,639.6250803011533,72.90769056372993
362.6666666666667,708.0794429779053,683.1369548261378,716.7172413467955,681.3333333333334,783.6332626342773,360.8630451738623,774.9954642653871
588.8,75.79210486412049,780.4273711765811,76.00370234657119,780.4,100.79164667129517,588.7726288234189,100.58004918884447
383.9999159452437,670.5021470551789,774.0,670.498067946732,774.0000840547563,678.5344716018587,384.0,678.5385507103056
64.0,258.9265167236328,166.20817794053062,259.9564100144404,166.0,280.616305732727,63.79182205946937,279.58641244191944
390.3990930471672,658.5905163477439,774.0,658.5522566974163,774.0009069528328,667.6455946196538,390.4,667.6838542699813
288.0,22.873477935791016,307.5122107994294,23.536245198588983,306.8,44.50409927368164,287.2877892005706,43.841332010883676
30.298227505609255,36.3477762595049,274.8,27.242410278320314,276.50177249439076,72.9392435654768,32.0,82.04460954666138
57.444892457313905,224.63563468922308,108.4,224.1632375717163,108.5551075426861,240.8939101887829,57.6,241.36630730628968
377.59936153182247,682.4690398321611,767.6,682.440758562088,767.6006384681775,691.2452781691093,377.6,691.2735594391822
236.56206398832146,178.01370607884382,313.2,177.12515602111816,313.4379360116785,197.64726918665912,236.8,198.53581924438475
