186.66666666666669,39.57770000398159,484.2227790232907,39.84181084304143,484.1666666666667,103.0598701685667,186.61055431004272,102.79575932950686
-8.397108432250235,112.4467370722157,129.5,0.0875542958577474,175.23044176558358,56.211989619984024,37.333333333333336,168.57117239634198
522.6666666666667,-6.647780100504558,721.1123426473579,158.22196408071918,689.5,196.2722002665202,491.05432401930886,31.402456085296446
74.66666666666667,612.6814405340701,652.1801219051067,612.7880729544778,652.1666666666667,685.6606684823831,74.6532114282267,685.5540360619755
261.33333333333337,200.3525937795639,354.3644782362547,201.82185604447534,353.5,256.5591224829356,260.4688550970787,255.08986021802417
-62.7392500939382,545.6108939410498,129.5,237.0114237467448,266.9059167606049,322.6071973878891,74.66666666666667,631.2066675821941
587.8483841903256,165.7715234535812,632.4499999999999,161.33903579711912,638.2016158096743,219.21429197610627,593.6,223.64677963256835
268.8,564.0856292247772,453.46257228204706,567.2896634587825,453.25,579.5411381721497,268.5874277179529,576.3371039381443
401.65624622503617,206.23798943524312,442.05,204.88282947540281,443.59375377496383,250.8980687999253,403.2,252.25322875976562
330.1337103299499,208.42050877696164,380.45,208.1185233592987,380.7162896700501,252.4872491013419,330.4,252.78923451900482
563.1195107702531,513.4566543820723,610.05,506.88249855041505,618.1304892297469,564.5661498781816,571.1999999999999,571.1403057098388
567.0030535316473,430.22642127428384,626.85,425.5842933654785,631.0469464683526,479.6918999537435,571.1999999999999,484.3340278625488
217.5197772450441,444.25503233893124,290.84999999999997,428.04480628967286,302.9302227549559,482.6921272374848,229.6,498.90235328674316
431.2,309.32834281921384,472.0406642988765,322.17321539128466,458.84999999999997,364.1133350372314,418.0093357011235,351.2684624651606
495.0207015283605,46.91074607623303,537.25,40.00411186218262,546.2292984716395,94.90632087933336,504.0,101.81295509338379
173.6,38.83148739337921,204.82822124265113,51.04201616405163,184.45,103.1589730501175,153.2217787573489,90.94844427944507
246.4,130.86346611976623,453.28027894126006,131.2596533323033,453.25,147.0706528186798,246.3697210587399,146.67446560614275
