256.0,19.267327070236206,596.154151075443,20.003514924222834,596.0,91.2287163734436,255.84584892455703,90.49252851945698
42.39749893446188,105.89140815543247,745.3333333333334,103.83235756556194,745.6025010655381,195.7230791250158,42.666666666666664,197.78212971488634
277.3333333333333,195.5095418294271,630.1543473554059,237.20731164718714,596.0,526.2005004882812,243.1789859779274,484.5027306705212
518.3579892425821,585.3363592689506,652.4,585.1167969703674,652.442010757418,610.7642165596017,518.4,610.9837788581848
288.0,574.4991587638855,358.0798738802927,574.7508361669619,358.0,596.991813659668,287.9201261197073,596.7401362565915
518.4,612.4060823440552,652.4380857444423,612.8932723571536,652.4,623.3716075897216,518.3619142555576,622.8844175766233
537.5918281873937,624.8214918379122,633.2,624.7358512878418,633.2081718126062,633.858773350305,537.6,633.9444139003754
307.1982754112735,607.8535330524986,332.4,607.8486685216427,332.4017245887265,616.7832629153187,307.2,616.7881274461746
409.6,618.6477637290955,486.01816833467694,618.8054951878571,486.0,627.6077396392823,409.5818316653231,627.4500081805206
390.4,606.1024547576905,486.0918911179705,606.9111414805459,486.0,617.7846164703369,390.30810888202944,616.9759297474815
288.0,598.9379779815674,364.49469637650566,599.7429654496322,364.4,608.7415782928467,287.9053036234944,607.9365908247819
601.2510068682019,541.2638339905759,633.2,540.2699867248535,633.5489931317982,551.4889934630374,601.6,552.4828407287598
390.4,580.4704345703125,486.7010011480435,583.2201571212239,486.0,607.7706748962403,389.69899885195656,605.0209523453289
606.5475769252795,713.7652788181704,646.0,708.8092975616455,647.4524230747205,720.3714094142515,608.0,725.3273906707764
