21.333333333333332,736.5944258129845,788.0200380279192,736.8620101014152,788.0,794.2752823233604,21.313295305414087,794.0076980349298
170.30736142703628,31.296188212706625,596.0,28.82671896616618,596.3593052396303,90.7645607617756,170.66666666666666,93.23403000831604
436.5771044628584,251.67258636475336,617.3333333333334,152.99453989664713,650.0895622038082,212.9966641235279,469.3333333333333,311.6747105916341
441.58771097003,414.84697013790867,588.4,414.7809258460999,588.41228902997,442.09866323773605,441.6,442.16470752954484
3.0655664548621515,29.96699736678528,70.0,5.191346740722656,79.73443354513785,31.490102929235228,12.8,56.26575355529785
262.4,622.4720359802246,313.50093574270653,623.7234002249353,313.2,636.0124664306641,262.09906425729343,634.7611021859534
-3.7348020822688994,72.83267865542842,134.0,0.0537567138671875,150.5348020822689,31.346026941495403,12.8,104.12494888305665
320.0,297.16006622314455,359.351283482284,299.1318462089111,358.0,326.09973297119143,318.648716517716,324.1279529854248
537.4820144389543,619.5730093885397,562.8,619.2383964538574,562.9179855610457,628.1655968736674,537.6,628.5002098083496
499.2,561.7385321617127,620.4240210833116,561.9973746130884,620.4,573.2471997261048,499.17597891668845,572.988357274729
499.2,547.9468013763428,588.5332008019903,548.8332477054428,588.4,562.2567947387695,499.0667991980096,561.3703484096695
296.5377023395018,369.4518620863062,415.6,341.09620361328126,426.2622976604982,385.86602121447504,307.2,414.2216796875
505.6,524.352446937561,601.2659803073399,524.6978204471079,601.2,542.9738914489747,505.53401969266014,542.6285179394278
505.4207503568161,573.2368453594127,620.4,571.6904113769531,620.5792496431839,585.0178406147085,505.6,586.5642745971679
499.2,464.2727416992187,524.4093721969748,464.2955330704143,524.4,474.6620529174805,499.1906278030252,474.6392615462849
652.7423891529028,35.06105217890682,684.4,34.90538291931152,684.4576108470972,46.62138762517033,652.8,46.77705688476563
248.18540496182965,283.42637770555325,306.8,276.8602207183838,308.2145950381704,289.487989970228,249.6,296.05414695739745
