92.61538461538461,294.1506881438769,133.46414769773492,294.4212244476013,133.40384615384616,303.52626301692084,92.55508307149584,303.2557267131964
107.56806522255341,51.684860956127196,144.1730769230769,42.231445165780876,148.6050117005235,59.392546293910364,112.0,68.84596208425668
8.077342855616129,236.34320549890552,210.94230769230768,228.97957530388464,211.48034945207615,243.80240314631354,8.615384615384615,251.1660333413344
18.65852225397974,289.54540794863357,139.8653846153846,247.8586045045119,144.89917005371257,262.4946352953615,23.69230769230769,304.18143873948316
205.55245117591593,119.73659621024728,230.32692307692307,114.60528094951923,233.69754882408407,130.87897855312409,208.9230769230769,136.01029381385217
-0.20912031970669018,0.2910391716914254,32.17307692307692,-0.6216839551925659,32.38219724278361,6.797625625944753,0.0,7.710348752828745
1.841474758799894,41.78395855344886,126.9423076923077,0.17053692157451922,131.56237139504626,14.059657180211321,6.461538461538462,55.67307881208566
75.38461538461539,77.89437961578369,128.14877686819267,80.76885406507827,126.9423076923077,102.91493173745963,74.1781462087304,100.04045728816503
36.358562845205505,334.1380617641366,77.40384615384615,321.01944453899677,81.96836023171757,335.30081049984517,40.92307692307692,348.419427724985
128.17357762502107,32.06137329177606,142.01923076923077,29.933293966146614,143.0764223749789,36.81156589138575,129.23076923076923,38.93964521701519
84.3269231722817,167.1135107955731,124.78846153846153,154.47123703589807,128.76923067387213,167.2116701384526,88.3076923076923,179.85394389812762
-0.43499148120698855,183.49803869640974,217.40384615384616,177.15849861731894,217.83883763505312,192.10564580230383,0.0,198.4451858813946
66.64590372169735,284.2706311385396,159.25,282.9605455765357,159.3733270475334,291.67798366968964,66.76923076923077,292.98806923169354
154.64776497508367,38.14430211001885,230.32692307692307,13.387434372535118,235.06377348645478,27.867491173296955,159.3846153846154,52.624358910780686
16.47694387934188,137.29591612155534,150.6346153846154,91.5601021693303,155.69613304373505,106.40714138764687,21.538461538461537,152.14295533987192
-0.7490575733112272,92.35336650661208,75.25,66.86750404651349,80.30674988100353,81.94677499298062,4.3076923076923075,107.43263745307922
80.78986489122106,317.96732782996014,204.48076923076923,274.76379357851465,209.84475049339434,290.1207708427599,86.15384615384615,333.3243050942054
19.384615384615383,214.9575117115791,217.47760096604975,216.01275218058507,217.40384615384616,229.85823231477002,19.310860572411777,228.80299184576404
168.2332732933552,81.39745602525211,217.40384615384616,68.88710968311017,221.4782651681832,84.90117608299607,172.3076923076923,97.41152242513803
73.23076923076923,338.84267405363227,189.58596567497784,341.6801526788861,189.40384615384616,349.14824511454657,73.0486497096375,346.31076648929275
157.64638964239606,136.8412163668102,200.1730769230769,126.3473115334144,204.0651488191424,142.1199840538629,161.53846153846152,152.61388888725867
114.11318701617584,320.9771351596662,144.1730769230769,320.7348325252533,144.21373606074724,325.7789757927845,114.15384615384615,326.0212784271974
21.49422050375069,197.65745438432762,202.32692307692307,197.08683767685523,202.37116411163393,211.1071524812251,21.538461538461537,211.6777691886975
