256.0,718.2218767007192,766.9522062384758,720.5895062067525,766.6666666666666,782.2110875447592,255.71446042819082,779.8434580387258
21.333333333333332,379.9668664634228,362.14896657929984,382.048476687776,361.3333333333333,515.5895969072977,20.517700087366826,513.5079866829445
42.666666666666664,178.36007340749106,382.30618815296293,215.95518816021158,361.3333333333333,405.42689005533856,21.693811847037086,367.83177530261804
149.33333333333334,38.71942456563314,661.6097557969623,51.5059199469812,660.0,115.99895858764648,147.72357753637098,103.21246320629842
320.0,143.96345233917236,530.8403007103153,144.2501071011727,530.8,173.89208416938783,319.95969928968475,173.60542940738748
473.54595524060744,342.0756446419934,505.2,341.9153602600098,505.25404475939257,352.5884851874133,473.6,352.748769569397
697.6,575.7853561401367,729.2390439598913,575.9495716982317,729.2,583.4720840454102,697.5609560401087,583.3078684873151
697.6,369.0762748718262,742.3141879435927,369.8233946882599,742.0,388.62715072631835,697.2858120564072,387.8800309098846
627.2,612.706689453125,678.095926708658,613.1459179443193,678.0,624.2614963531494,627.1040732913419,623.8222678619552
454.2989995941972,306.08918873004677,479.6,305.8633903503418,479.7010004058028,317.1806164152169,454.4,317.4064147949219
128.0,700.02373046875,147.90956828927443,701.0908895264915,146.8,721.7916702270508,126.89043171072555,720.7245111693093
512.0,612.8886665344238,569.3939834367361,614.0275086384424,569.2,623.8036506652832,511.8060165632639,622.6648085612646
454.4,290.55933990478513,493.0344923556166,292.66554096346783,492.4,304.3041687011719,453.76550764438343,302.1979676424892
550.4,480.03375854492185,704.2338619487707,485.43740206376526,703.6,503.48252868652344,549.7661380512293,498.0788851676801
588.3247093669032,505.5753552460874,665.2,504.0005615234375,665.6752906330968,527.2023974394594,588.8,528.7771911621094
627.2,595.6177612304688,729.4862747625602,597.6402169483124,729.2,612.1186447143555,626.9137252374397,610.0961889965117
447.85357244765163,329.98975700795296,511.6,329.2305461883545,511.74642755234834,341.5251988941467,448.0,342.2844097137451
556.8,388.1917751312256,582.0711973405507,388.3654719665477,582.0,398.72399139404297,556.7288026594493,398.5502945587208
550.3819247916592,400.65452282293313,588.4,400.577649974823,588.4180752083408,409.5168872608376,550.4,409.5937601089478
576.0,584.31474609375,602.0427168250327,584.8457849725389,601.2,626.1735229492188,575.1572831749673,625.6424840704299
646.4,567.5039588928223,735.6223572552312,567.7355970985566,735.6,576.3471601486206,646.3776427447688,576.1155219428863
