53.333333333333336,139.51035600310814,638.3541721126135,139.667595700045,638.3333333333334,217.19967170308036,53.312494554053195,217.04243200614343
26.660696157535284,859.3767735767289,211.66666666666669,859.3566095270216,211.67263717579806,914.1362719622254,26.666666666666668,914.1564360119326
53.333333333333336,256.2583798309788,291.686701299966,256.3424434080976,291.6666666666667,313.1485238360862,53.313298700034,313.0644602589674
26.255577648339212,696.6921173419682,291.6666666666667,695.9576460222404,292.0777556849941,844.5101913798721,26.666666666666668,845.2446626996001
63.97926644061575,444.76545662635687,263.5,444.5517067313194,263.52073355938427,463.9050494635689,64.0,464.11879935860634
439.9624267412459,812.3550809190306,535.5,812.2192441821098,535.5375732587542,838.6455117895571,440.0,838.7813485264778
63.998511537545276,471.07007062546705,263.5,471.046016741544,263.50148846245474,483.39123617420177,64.0,483.4152900581248
55.867320162513074,407.6301273785133,199.5,406.92456924915314,199.63267983748693,433.9346196271878,56.0,434.6401777565479
48.0,335.8978181537241,351.52590430280145,336.0674118001362,351.5,382.42897722125053,47.97409569719856,382.2593835748384
56.0,487.48548616841435,295.5077961077189,487.65689600158817,295.5,498.5502534210682,55.99220389228108,498.3788435878944
