21.09293848125196,205.05044927386862,382.6666666666667,204.20251886049905,382.9070615187481,306.7114765923379,21.333333333333332,307.55940700570744
21.333333333333332,9.381117979685465,405.06422140070305,16.394343341566028,404.0,74.62356058756511,20.269111932630253,67.61033522568454
725.3333333333334,12.211901346842447,815.9227199757293,61.67603480862875,788.0,112.81414031982422,697.4106133576041,63.350006858037915
467.2,425.99097099304197,626.9856056897974,428.41913867077164,626.8,440.6329235076904,467.01439431020265,438.2047558299608
498.98464434964734,555.3476487631785,678.0,553.2597541809082,678.2153556503526,571.7242727761281,499.2,573.8121673583985
467.2,452.53018417358396,588.9514678433918,458.1529545071238,588.4,470.09404678344725,466.6485321566082,464.4712764499074
531.087215037651,347.8240845887121,665.2,346.741641998291,665.312784962349,360.71550586538945,531.2,361.79794845581057
467.2,440.5302429199219,671.7563776709293,443.1544765516951,671.6,455.34395904541014,467.0436223290707,452.7197254136369
467.2,412.35753593444826,607.8318557718644,415.1313778882254,607.6,426.8863040924072,466.9681442281356,424.11246213863006
63.836714575786104,525.3762878235602,223.6,524.6416735649109,223.76328542421388,560.1528490248895,64.0,560.8874632835389
524.8,379.64737396240236,646.3948576009768,382.1284647670593,646.0,401.4798942565918,524.4051423990231,398.9988034519348
70.33680310799551,341.82904892156245,338.8,341.448906993866,338.8631968920045,386.079710451864,70.4,386.45985237956046
