85.33333333333333,164.50183498859406,468.27973687004584,165.64686526480622,468.0,259.2026694615682,85.05359646328749,258.057639185356
21.242717508418497,68.15472659826996,404.0,67.78012351195018,404.0906158249149,160.3684340778915,21.333333333333332,160.74303716421127
234.36961473999338,377.8056492354654,361.3333333333333,377.21276235580444,361.63038526000656,440.82492602406114,234.66666666666666,441.4178129037221
115.2,513.1230122566224,210.81749615053067,513.2152631999073,210.8,531.3499081850052,115.18250384946934,531.2576572417202
121.57327795593301,559.4676101848443,204.4,559.2761599540711,204.426722044067,570.8368632629555,121.6,571.0283134937287
70.4,273.0000674024224,338.80633780752044,273.07533297043454,338.8,295.6767395794392,70.39366219247952,295.60147401142706
134.4,610.2690168380738,191.80246697758977,611.2636507377304,191.6,622.9484565734863,134.19753302241023,621.9538226738297
134.39631653809747,548.2354967164683,191.6,548.2110784888267,191.60368346190253,556.8401891601395,134.4,556.8646073877811
147.2,639.3472948551178,178.82648142116486,639.4434251323403,178.8,648.1557080745697,147.17351857883514,648.0595777973473
140.77627000215145,491.802635523498,178.8,491.7173715591431,178.82372999784855,502.29983787852535,140.8,502.38510184288026
242.44797374962317,446.3228423734514,364.4,444.01574630737304,365.1520262503768,483.76750453511795,243.2,486.07460060119627
390.3428080054796,273.60520378340186,473.2,273.3917922973633,473.25719199452044,295.596633088699,390.4,295.81004457473756
