124.38792353960129,462.1445355263449,273.5833333333333,460.3271807607015,274.2620764603987,516.0484746443135,125.06666666666666,517.8658294099569
125.06666666666666,65.01791669947794,798.8657048536368,65.04748266309012,798.8633333333333,119.09368661735827,125.06429514636324,119.06412065374607
49.861432496254594,400.2570680926302,373.63666666666666,399.34554401516914,373.80190083707873,458.03706247416045,50.026666666666664,458.94858655162153
550.0196848696049,1032.3819633388885,873.9033333333333,1030.898717183272,874.1769817970618,1090.6529680156343,550.2933333333333,1092.1362141712507
842.8307692307692,527.879833984375,897.6340738657514,528.2784779578947,897.4769230769231,549.8826739971454,842.6736184419409,549.4840300236258
850.6271179000557,853.7135055020519,889.6,853.5587106557992,889.6805744076366,873.8450248652857,850.7076923076924,873.9998197115384
165.41538461538462,1175.0284073462853,338.2697657667963,1175.5475173240932,338.2153846153846,1193.6554726233849,165.36100346397296,1193.136362645577
850.6845630191485,747.2031621358425,889.6,747.1608239980844,889.6231292885439,768.4202940268303,850.7076923076924,768.4626321645883
850.5432287767362,640.4975621251779,889.6,640.1831937349759,889.764463530956,660.6159557534279,850.7076923076924,660.9303241436298
157.52480756051682,1130.6488055403363,472.12307692307695,1130.520451443012,472.1367309010217,1163.9866042256408,157.53846153846155,1164.114958322965
362.33846153846156,138.97857428330641,582.4174953950243,139.18321628276763,582.4,157.99836490337665,362.32096614343726,157.79372290391544
630.0609290597525,1098.3494748855398,787.2,1098.047713294396,787.2929170940937,1146.4332808048146,630.1538461538462,1146.7350423959585
504.12307692307695,163.30568659855768,545.0620223420326,169.5186701069568,543.0153846153846,183.0044921875,502.0764391964289,176.7915086791009
866.4615384615385,486.658103121244,889.6546740817015,486.78400274888185,889.6,496.85602135291464,866.406864379837,496.73012172527683
441.10769230769233,168.19901507450984,487.88645337204997,168.23079389828007,487.87692307692305,182.25948803241437,441.0981620125654,182.22770920864414
267.8090904910703,163.69042290473362,322.46153846153845,163.66663727393518,322.46783258585276,178.1287007155197,267.81538461538463,178.15248634631817
677.3444856219511,163.7205772818967,724.1846153846154,163.491209763747,724.2555143780489,177.96979888246628,677.4153846153846,178.19916640061598
