-0.8182918417507893,695.4684201876404,738.75,685.1066291332245,739.5682918417507,743.5118504365204,0.0,753.8736414909363
491.85971187088387,267.5333845081294,515.625,267.24923729896545,515.7652881291161,278.9825491247213,492.0,279.2666963338852
23.804193530701685,658.7421150115654,269.625,657.3709777593613,269.82080646929836,692.4756356755869,24.0,693.8467729277909
486.0,255.44177162647247,527.7623503656364,255.9792400809752,527.625,266.65163218975067,485.8626496343637,266.114163735248
479.9792031052227,381.99427015761404,731.625,381.51451313495636,731.6457968947774,392.4230583192918,480.0,392.90281534194946
492.0,280.52079847455025,515.646094038593,280.58782802210175,515.625,288.02919736504555,491.9789059614071,287.9621678174941
480.0,227.8302662372589,527.6484948842691,227.98839713094452,527.625,235.06794905662537,479.97650511573096,234.90981816293976
504.0,197.81746673583984,521.6435829540035,197.86505131968872,521.625,204.75530576705933,503.9814170459966,204.70772118321045
498.0,70.37345051765442,588.904973949806,76.27762349969072,587.625,95.98504042625427,496.72002605019406,90.08086744421799
491.9600018246033,172.87052882281867,521.625,172.7203558087349,521.6649981753968,180.62154769333276,492.0,180.77172070741653
360.0,31.697221755981445,451.28950137024833,38.408153273754245,449.625,61.05053901672363,358.3354986297517,54.33960749895083
474.0,344.8490357995033,737.7683597528279,346.4415948262337,737.625,370.1856232881546,473.8566402471722,368.5930642614242
