-28.399589055507455,56.78227661925124,203.57500000000002,-8.468447278340658,244.74792238884078,137.90650737129087,12.773333333333333,203.15723126888275
272.072,172.5478823046684,421.3010783915031,172.8748467790409,421.28049999999996,182.2669815199375,272.0514216084968,181.940017045565
394.2746738019762,267.21804968621626,474.9285,266.4429021606445,475.3498261980238,310.2817442223797,394.69599999999997,311.05689174795145
272.072,231.19581858944892,383.0260547245113,231.69658989639106,382.96049999999997,246.22130884504315,272.00644527548866,245.72053753810098
210.76,353.74443820190425,225.91407534915118,353.84808832207113,225.84849999999997,363.4354750080108,210.6944246508488,363.33182488784394
272.072,194.65196078407763,444.283984801402,195.03958986085226,444.2725,200.14194302010534,272.0605151985979,199.75431394333071
272.072,218.6696240519285,382.99435953070724,219.02177588400033,382.96049999999997,229.68700234770773,272.03814046929267,229.3348505156359
272.072,107.77755950641631,317.8589871817709,107.9762521486237,317.81649999999996,117.76705278182028,272.0295128182291,117.5683601396129
126.45599999999999,415.30090098571776,153.23632336688118,415.86046123129,153.04049999999998,425.2324870843887,126.2601766331188,424.6729268388164
436.82970279000284,113.58991953835239,509.4164999999999,113.35450220632552,509.4347972099971,118.9961253618265,436.84799999999996,119.23154269385337
272.072,258.93456482106444,333.1483317694299,258.9613666314768,333.1445,267.69325516301393,272.06816823057005,267.6664533526016
481.162014779918,322.8082250828206,497.92049999999995,321.42376409912106,499.5904852200818,341.63843461566563,482.83199999999994,343.0228955993652
272.072,187.08493766367434,440.4494191428134,187.3379786391007,440.4405,193.27291564035414,272.06308085718655,193.01987466492778
436.8316712539177,107.18149307254492,505.58449999999993,106.93754930329322,505.60082874608224,111.53962414404212,436.84799999999996,111.78356791329382
272.072,250.15024901121294,440.4408142716702,250.15727747529607,440.4405,257.6857428495213,272.0716857283297,257.6787143854382
126.36570300440873,407.10588093769263,153.04049999999998,406.84280464124674,153.13079699559125,415.99852889025493,126.45599999999999,416.26160518670076
440.6538041747992,101.58842963165954,505.58449999999993,101.30562940597534,505.61069582520076,107.3201690121202,440.67999999999995,107.6029692378044
268.23999999999995,149.985399418056,428.9719912568411,150.19311170450175,428.94449999999995,171.46640530610082,268.2125087431589,171.25869301965508
272.072,201.4724877898693,444.29417434642306,202.1601514939235,444.2725,207.58839068484303,272.0503256535769,206.90072698078882
344.88,260.1025874714851,429.02222188864545,260.8840590409297,428.94449999999995,269.25249195098877,344.8022781113545,268.4710203815442
456.008,118.80398886418341,501.7579331774664,118.85895911386237,501.75249999999994,123.38081425333021,456.0025668225336,123.32584400365126
45.983999999999995,264.1694121924638,383.28357664712627,266.5301668019372,382.96049999999997,312.6906681361198,45.6609233528737,310.3299135266465
