299.58267999819935,215.86202070863638,438.75,214.87493246793747,439.1673200018006,273.7119278237065,300.0,274.69901606440544
399.95176217611146,684.1713061822973,718.75,683.9243142306805,718.7982378238885,746.1859917932726,400.0,746.4329837448895
16.713815970038013,30.357339707936543,418.75,14.72943663597107,422.036184029962,99.26828240064214,20.0,114.89618547260761
516.0,115.06463384628296,613.529252732711,124.90359333297758,611.625,143.7796082496643,514.0957472672891,133.9406487629697
498.0,90.09381580352783,595.7380547966997,100.54543761277796,593.625,120.3056116104126,495.8869452033004,109.85398980116248
564.0,173.22346472740173,582.0658602952573,173.65160479268758,581.625,192.2542097568512,563.5591397047427,191.82606969156538
540.0,342.0525770187378,593.6309882159669,342.07040327152464,593.625,360.0861884057522,539.9940117840331,360.0683621529654
349.1107794474134,138.81580589562682,413.625,112.80108618736267,418.5142205525866,124.9259238407013,354.0,150.94064354896545
443.54291633210397,115.25010123344906,473.625,114.16693782806396,474.08208366789603,126.86126360801214,444.0,127.94442701339722
366.0,149.84755754470825,451.10013254867533,157.50768737016114,449.625,173.89565706253052,364.52486745132467,166.23552723707766
527.789013158246,363.77485029611773,599.625,363.0110914707184,599.8359868417541,382.8556385764104,528.0,383.6193974018097
390.0,134.1214084625244,450.44939896530957,137.1109933684036,449.625,153.78033828735352,389.1756010346905,150.79075338147433
342.0,95.65175414085388,414.6250281161093,99.6373861236927,413.625,117.85960793495178,340.99997188389074,113.87397595211297
