575.8790844239182,18.79375341585235,788.0,18.35034974416097,788.1209155760818,76.19543390422109,576.0,76.63883757591248
469.29315311580376,504.9531100305491,745.3333333333334,504.8067098458608,745.3735135508629,580.5672323591934,469.3333333333333,580.7136325438818
447.66398933613544,405.40917693035686,745.3333333333334,404.04577382405597,745.6693439971979,477.40637673480427,448.0,478.76977984110516
211.16687647942769,426.0287703698017,377.2,425.5647466659546,377.23312352057235,437.4167308146618,211.2,437.8807545185089
268.73063843210144,701.839173741404,300.4,701.6411195755005,300.46936156789855,712.7322095441184,268.8,712.930263710022
198.28189139807412,402.76553277477615,326.0,401.93402767181396,326.1181086019259,420.07535620227463,198.4,420.9068613052368
460.8,340.5309973239899,588.436687551686,340.6769608434598,588.4,372.7581109046936,460.76331244831397,372.6121473852237
198.20202721939694,381.6414403438695,364.4,379.9480327606201,364.5979727806031,399.3778942584865,198.4,401.0713018417358
198.350132365536,618.8734418852301,364.4,618.1986416816711,364.44986763446394,630.4697021501092,198.4,631.1445023536683
166.4,696.7435768127441,204.83159345931386,697.8112041944767,204.4,713.347359085083,165.96840654068615,712.2797317033504
441.56886647280953,293.6522755620694,761.2,293.25623750686646,761.2311335271904,318.38322834990265,441.6,318.7792664051056
415.9860575092769,478.4559276276035,530.8,478.31364049911497,530.8139424907231,489.56407716937827,416.0,489.7063642978668
198.4,482.95783977508546,383.6375809240396,483.59255011071355,383.6,494.56038703918455,198.36241907596042,493.92567670355646
198.37429467554063,632.3392100934723,364.4,631.9794096946716,364.4257053244594,643.840832411792,198.4,644.2006328105927
217.5487034641554,568.7456912466027,358.0,568.082855796814,358.0512965358446,578.9523181489966,217.6,579.6151535987854
236.75018352309183,555.4874547966779,332.4,555.060441493988,332.44981647690815,566.219196604842,236.8,566.6462099075318
172.8,196.32697219848632,390.66579686135435,199.71180735836813,390.0,242.5659957885742,172.13420313864563,239.18116062869245
358.4,694.2477279663086,396.4980066943133,694.481738119778,396.4,710.4377111434936,358.3019933056867,710.2037009900242
223.8168012429485,668.1642255153328,338.8,666.3548004150391,338.9831987570515,677.9964975986809,224.0,679.8059226989747
164.86038478618974,275.88057350768645,210.8,268.98081359863284,218.73961521381025,321.8439382110636,172.8,328.7436981201172
588.8,86.11385402679443,754.9168910328201,86.6508972708301,754.8,122.80734310150146,588.6831089671798,122.27029985746579
607.932769800615,341.13639471537107,735.6,340.8621660232544,735.667230199385,372.1612006902075,608.0,372.43542938232423
198.37969421702502,469.1310827190854,377.2,468.8340456008911,377.220305782975,481.0583977048419,198.4,481.3554348230362
381.5400699331009,453.06759466681035,486.0,445.0064208984375,488.45993006689906,476.8831835314319,384.0,484.94435729980466
217.1751106904256,683.5378238859471,345.2,680.3064544677734,345.62488930957437,697.1403102693264,217.6,700.3716796875
172.75391002354908,243.31661987626575,390.0,242.84506196975707,390.0460899764509,264.0786518064735,172.8,264.55020971298217
