458.34737428293846,334.29826586148795,654.6333333333333,331.6707016150157,655.4859590503949,395.36408487258706,459.2,397.9916491190593
414.7577609812301,249.15210314556208,720.2333333333333,245.81436381340026,720.9422390187699,310.69461611942205,415.4666666666667,314.0323554515839
43.702917237511556,62.29619547641002,523.4333333333334,62.09820851633946,523.4637494291551,135.79763952630165,43.733333333333334,135.9956264863722
118.08,472.1901185745001,314.4875547844741,472.2798264703343,314.47,510.7144844374061,118.06244521552586,510.62477654157186
432.96000000000004,551.8547280597687,682.0646714153446,554.2131019889672,681.83,579.0004120445252,432.7253285846555,576.6420381153266
118.08,563.9601345992088,314.6248093484928,564.754592542629,314.47,603.0536291837692,117.92519065150715,602.2591712403491
492.0,517.1328878593445,622.888748231342,517.7150381368211,622.79,539.9172647619248,491.901251768658,539.3351144844481
465.76,580.488230175972,649.0939017723568,581.269919291459,649.03,596.2571578550339,465.6960982276432,595.475468739547
648.3599752398501,738.2506740015384,688.39,737.2308918380737,689.47002476015,779.6256496984129,649.44,780.6454318618775
280.4755038101715,737.7482416083234,321.03000000000003,736.2485584640503,322.6344961898285,779.6374135468586,282.08,781.1370966911317
129.64771258045477,738.2047660817612,170.15,736.7400062847138,171.70228741954526,779.6625327978622,131.20000000000002,781.1272925949097
492.0,601.3272885036469,622.8475998308702,601.9392982882748,622.79,614.2541334581375,491.9424001691298,613.6421236735096
492.0,614.5346866607666,616.3338052388724,615.6125748006423,616.23,627.5864521217346,491.8961947611276,626.508563981859
57.99904669629089,736.4909213337307,97.99000000000001,735.5638500261307,99.03095330370911,780.4673160472507,59.04,781.3943873548508
596.8092439532994,154.76749060136572,642.47,154.16757340431215,642.6207560467006,165.64188203352197,596.96,166.24179923057557
417.1338923952204,209.26956676758175,458.79,203.55672552108766,461.49610760477964,223.2887475939905,419.84000000000003,229.00158884048463
472.32,449.4084527397156,649.2177088889813,450.6560099575367,649.03,477.2722420024872,472.13229111101873,476.0246847846661
577.0815070943341,422.4296427865602,649.03,421.6427963256836,649.2284929056659,439.79279905838,577.28,440.5796455192566
492.0,628.2728725814819,616.302153048371,629.139924412925,616.23,639.4839187812805,491.927846951629,638.6168669498375
352.55574599972573,737.2317979261799,393.19,735.688970336914,394.8742540002743,780.0480454042035,354.24,781.5908729934692
576.4311848982346,737.835265198238,616.23,737.0488697242737,617.0788151017654,780.0066898150372,577.28,780.7930852890015
465.63812240051186,81.0707824450334,786.79,80.12537793636322,786.9118775994882,121.52693626825014,465.76,122.47234077692032
98.4,211.13925763487816,327.8507668781544,212.6589189846844,327.59000000000003,252.0316122341156,98.13923312184566,250.51195088430939
564.16,205.0322353553772,623.7861323532034,208.18180252431137,622.79,227.0401142692566,563.1638676467967,223.89054710032244
576.1865394511209,179.26036173904754,629.35,175.21339458465576,630.4434605488791,189.57776783858918,577.28,193.62473499298096
425.19192580218606,737.7552777705287,465.35,736.6414574050904,466.55807419781394,780.1977926793005,426.40000000000003,781.3116130447388
202.28335847432575,738.2673515105763,248.87,737.097384634018,249.94664152567424,779.9679255127392,203.36,781.1378923892975
497.9001216240173,738.6785963984295,544.07,737.9532919311523,544.7298783759827,779.9584163121418,498.56,780.683720779419
524.8000000000001,641.3572411394119,590.0521979445475,641.7370227241022,589.99,652.4235666561127,524.7378020554524,652.0437850714225
426.40000000000003,174.20616465568543,485.2286267670546,175.1078934057226,485.03000000000003,188.0662691307068,426.2013732329454,187.16454038066965
675.6800000000001,185.6943370819092,755.4278119820224,188.88602999213157,753.99,224.81127807617187,674.2421880179777,221.61958516594953
718.9512729138976,737.3853723463403,767.11,734.5413710403443,769.7587270861025,779.3934337297095,721.6,782.2374350357056
662.5600000000001,149.59524736404418,760.6267690358108,149.84697575703458,760.5500000000001,179.75417539596558,662.4832309641894,179.5024470029752
137.48805859037813,377.46269224151246,288.23,376.3983168935776,288.50194140962185,414.91196352735886,137.76,415.9763388752937
