405.3333333333333,315.30676651000977,767.2852288674826,318.02558650615833,766.6666666666666,400.37372334798175,404.71477113251734,397.6549033518332
217.6,343.64154558181764,287.64728958960353,343.88582823617105,287.6,357.4459706306458,217.55271041039646,357.20168797629236
569.6,523.3183465003967,710.055204828692,523.5396394753509,710.0,558.5782823562622,569.5447951713079,558.356989381308
211.19880284655764,632.9445669994078,294.0,632.9339491933584,294.0011971534424,642.2697514995613,211.2,642.2803693056106
217.6,434.26708755493166,294.0531874901111,434.67769835725824,294.0,444.5808794975281,217.54681250988892,444.1702686952015
191.38007297692468,676.0000073990523,313.2,672.9609664916992,313.8199270230753,697.8107355513872,192.0,700.8497764587403
198.4,368.1697165966034,306.8416841457147,368.3744630108014,306.8,390.4520118713379,198.3583158542853,390.2472654571399
531.1789263278115,467.86363740581527,678.0,467.7782155513763,678.0210736721885,503.99914750438677,531.2,504.08456935882566
382.8072526556351,141.9483226694032,716.4,131.58595123291016,717.5927473443649,169.98371239529405,384.0,180.3460838317871
390.2787447947918,223.86585828074453,786.8,222.7349977493286,786.9212552052082,265.2515281557179,390.4,266.3823886871338
202.65706484895134,467.6352249269215,236.4,463.03652877807616,238.54293515104868,478.7603164549144,204.8,483.35901260375977
215.5128401786463,311.61828554810876,281.2,302.04489669799807,283.2871598213537,316.36580258665686,217.6,325.9391914367676
198.4,329.0479763031006,300.5483618712102,330.1426539985841,300.4,343.98684043884276,198.2516381287898,342.8921627433593
198.4,609.8448435783387,268.4689236181011,610.2592624156506,268.4,621.9126992225647,198.3310763818989,621.4982803852528
204.74522946817797,393.1297666864642,300.4,392.8917867183685,300.454770531822,414.9065079374066,204.8,415.14448790550233
595.2,578.2396247863769,748.6459894760272,579.2946241627919,748.4,615.0729377746582,594.9540105239728,614.0179383982432
27.285578030157843,92.88846124036999,185.2,37.38404846191406,196.31442196984216,69.00545355455189,38.4,124.5098663330078
198.4,649.8301086425781,294.16503604447286,650.9845315050045,294.0,664.6750804901124,198.23496395552718,663.5206576276859
198.4,580.1605450630188,300.48490053868284,580.8223466243445,300.4,593.9185125350953,198.31509946131717,593.2567109737695
