361.29679695800337,35.5194911031879,393.4,35.21988716125488,393.70320304199663,67.70874147127499,361.6,68.008345413208
3.7436359645025106,294.95883210027586,41.4,291.55945816040037,44.05636403549749,320.98517386591067,6.4,324.38454780578616
358.24812042918,246.94191702850748,393.4,246.78728008270264,393.55187957082,281.3123565768392,358.4,281.46699352264403
9.423734100126936,110.22935940791722,38.2,110.09305275678635,38.37626589987306,147.3052824003542,9.6,147.44158905148507
361.6,313.80527954101564,397.10881952699265,317.70341324499503,393.4,351.48773498535155,357.89118047300735,347.58960128137215
361.6,206.0619110107422,398.56642317237703,215.47066874427986,390.2,248.34182434082032,353.233576827623,238.93306660728263
6.4,146.66070672869682,38.54631804888716,146.97766118059545,38.2,182.10210912227632,6.0536819511128375,181.7851546703777
124.8,107.7477352142334,272.50324816673077,113.44723240479189,271.8,131.67200469970703,124.0967518332692,125.97250750914854
7.6046131351636514,221.9126726789338,35.0,220.18366298675537,36.99538686483635,251.7996772604125,9.6,253.52868695259093
357.88374574082115,107.29262694575444,393.4,106.72584419250488,393.91625425917886,139.0758361890112,358.4,139.64261894226075
4.836963283385173,254.52753032820405,38.2,252.8424955368042,39.76303671661483,283.79001758916195,6.4,285.4750523805618
44.158515593409575,295.3681420315719,134.2,291.28994903564455,134.84148440659044,305.4531355868363,44.8,309.53132858276365
6.4,182.84065188169478,41.78135252405926,183.24139737341446,41.4,216.9105673789978,6.018647475940744,216.50982188727812
47.37662071099498,269.3573837395405,195.0,265.42463035583495,195.62337928900502,288.82435778420216,48.0,292.75711116790774
358.4,137.58801879882813,391.4584001913851,138.66695659026982,390.2,177.22404251098632,357.14159980861484,176.14510471954463
358.4,282.90831384956834,393.4042140781402,282.91305054229707,393.4,314.0551367640495,358.3957859218598,314.05040007132084
358.13598898954405,71.590279985508,393.4,71.2959976196289,393.66401101045597,102.93257615462872,358.4,103.22685852050782
41.59971400176257,-0.2457824294493006,396.6,-0.25421670377254485,396.60028599823744,11.783506067752878,41.6,11.791940342076122
