89.58199689376086,256.4819762893309,268.6,256.2819349050522,268.61800310623914,272.3930018238435,89.6,272.59304320812225
118.4,300.3934501647949,291.22067325607134,302.63300951570295,291.0,319.66176147460936,118.17932674392864,317.42220212370137
118.4,326.1921996116638,287.8625248667514,326.8143196938837,287.8,343.84579334259035,118.33747513324855,343.22367326037045
131.121496357567,209.3452699335882,147.0,205.8882843017578,150.278503642433,220.94699080859928,134.4,224.4039764404297
3.8800553999117993,234.775306070872,223.8,152.61468811035155,232.71994460008818,176.490770970754,12.8,258.6513889312744
120.43366726255934,237.861599910401,271.8,197.4475296020508,279.3663327374407,225.7863737224115,128.0,266.20044403076173
221.28850910422142,143.4300416456828,361.4,94.62939758300782,370.5114908957786,120.78939194806722,230.4,169.59003601074218
165.60113378713703,95.54182811952164,223.8,94.3194538116455,224.59886621286296,132.3545364739842,166.4,133.57691078186036
79.56563773223809,274.6791692153485,134.2,273.121049118042,134.6343622677619,288.3516501053302,80.0,289.9097702026367
76.60086413361856,152.8433757054267,95.8,143.74602661132812,102.39913586638144,157.67290847426082,83.2,166.77025756835937
