31.810646487752333,329.4913326984485,92.5,323.5815842946371,100.68935351224766,407.681030900693,40.0,413.5907793045044
26.666666666666668,136.96289071192345,106.2472874164134,137.40137801167714,105.83333333333334,212.52948984503746,26.2527125835866,212.09100254528377
26.666666666666668,424.4293417533239,110.35007159502888,429.20588762519554,105.83333333333334,508.33755453427636,22.14992840497112,503.5610086624047
50.334197620842914,243.6755759472689,91.66499999999999,240.19400202311002,95.65080237915708,287.51065076987305,54.32,290.9922246940319
275.7010959904787,328.6461615150546,288.05269230769227,328.52120563800514,288.13005785567515,336.16860918642715,275.7784615384615,336.29356506347654
225.18242716082128,396.12437328948977,292.23115384615386,393.54405722544743,292.6856497622556,405.35399511753957,225.63692307692307,407.9343111815819
179.5751823073711,408.05499356533124,329.83730769230766,407.0349361243615,329.9359715387827,421.5688620333752,179.67384615384614,422.58891947434495
37.606153846153845,247.79293150094838,72.40816934632542,260.47501303732514,54.058846153846154,310.8290048745962,19.25683065367458,298.14692333821944
179.10784741688934,339.17675720796024,321.4803846153846,336.6479962525001,322.0463833523414,368.51446273589323,179.67384615384614,371.04322369135343
225.63692307692307,328.00707245239846,242.16127656131314,328.1627951695402,242.08961538461537,335.76704608807194,225.5652619002253,335.6113233709302
179.333622506569,440.31935227505596,325.6588461538461,438.2266988651569,325.9990698011233,462.0162576341483,179.67384615384614,464.10891104404743
208.9230769230769,369.1385928940773,283.8999872198692,369.32919701460867,283.87423076923073,379.46087246683925,208.89732047243848,379.2702683463079
