338.7302167498882,297.9237821512659,364.4,297.01865539550784,364.8697832501118,310.341909987406,339.2,311.2470367431641
287.9664798550134,260.59778138631225,313.2,260.53574295043944,313.2335201449866,274.1697303629553,288.0,274.2317687988281
12.512196852816045,23.058526630704847,172.4,20.87058734893799,172.68780314718396,41.90234692543224,12.8,44.0902862071991
230.17398360514204,126.6466228184731,249.2,126.28969993591309,249.42601639485798,138.337657195565,230.4,138.694580078125
211.1156828331992,732.2280286264522,588.4,731.4927947044373,588.4843171668008,774.7600376176731,211.2,775.4952715396881
230.0972753726537,363.15713099287717,262.0,362.2661708831787,262.30272462734627,373.10587102128295,230.4,373.99683113098143
287.86863784278887,336.35005521726157,319.6,336.0377941131592,319.73136215721115,349.38655939150306,288.0,349.69882049560545
294.2812922521475,299.38275102901537,313.2,299.18760566711427,313.3187077478525,310.69593549442214,294.4,310.89108085632324
243.2,301.9262130737305,262.1315295113247,302.10701097157136,262.0,315.879598236084,243.0684704886753,315.69880033824313
6.16912182390628,732.8126170239955,185.2,731.842833328247,185.4308781760937,774.4650415577382,6.4,775.4348252534867
230.381401796156,151.78664847487545,249.2,151.74659118652343,249.21859820384398,160.48388069992924,230.4,160.52393798828126
230.3407709227816,183.4492657875429,249.2,183.3280071258545,249.25922907721844,192.53984172588483,230.4,192.66110038757324
351.8042155797864,223.45498929358405,370.8,223.05814476013182,370.9957844202136,232.42977099083978,352.0,232.82661552429198
275.2,408.25084228515624,294.03193433069436,408.30579845338053,294.0,419.248796081543,275.16806566930563,419.1938399133187
268.61743088722307,150.37800017181198,287.6,150.0576099395752,287.78256911277697,160.87451523956497,268.8,161.19490547180175
614.0752511225767,732.711977003335,793.2,731.3478847503662,793.5247488774232,773.9920394914159,614.4,775.3561317443848
313.5994306836775,375.6882038431362,332.4,375.6871639251709,332.4005693163225,385.97977482507673,313.6,385.980814743042
275.1662731576997,440.4758852999865,294.0,440.4133083343506,294.0337268423003,450.56404237335335,275.2,450.62661933898926
275.2,376.24339599609374,294.0149016697034,376.2689831254778,294.0,387.2265800476074,275.18509833029657,387.2009929182234
