587.3562103282142,758.6420902661091,761.2,748.1553970336914,762.6437896717858,772.089907414555,588.8,782.5766006469727
150.7240675524899,738.7669303117494,454.0,719.4409271240235,456.8759324475101,764.5718880476255,153.6,783.8978912353516
203.2773758635215,101.27311321961277,268.4,96.16719207763671,269.9226241364785,115.58724902403958,204.8,120.69317016601562
587.125185334968,340.5968799602019,793.2,326.8196044921875,794.874814665032,351.8707927692903,588.8,365.6480682373047
580.8098675428315,734.2759549981954,774.0,722.0312889099121,775.5901324571685,747.1195924871562,582.4,759.3642585754394
572.0827603350089,128.33454683231807,633.2,114.83091201782227,637.1172396649911,132.56027738643192,576.0,146.06391220092775
581.7260332285505,783.2426803062182,786.8,776.028279876709,787.4739667714496,795.1862183143874,582.4,802.4006187438965
587.4777693269396,365.31658520934695,774.0,355.5216743469238,775.3222306730605,380.7006083941687,588.8,390.4955192565918
101.9497001210873,782.6303734473375,473.2,774.8215202331543,473.6502998789127,796.2297808953138,102.4,804.038634109497
671.5083287122765,387.07329689682695,786.8,383.08313751220703,787.2916712877235,397.2894884425285,672.0,401.27964782714844
