41.41055575445221,289.06379716613975,163.84550000000002,247.16447501754763,168.9709442455478,262.1416500231913,46.536,304.04097217178344
246.27762165132805,66.54618619983007,274.6455,57.356980316162115,278.775878348672,70.10781776745509,250.40800000000002,79.29702365112306
26.82163112658322,242.3208530081886,72.9895,230.59102243804932,77.19186887341678,247.1312796860558,31.024,258.8611102561951
35.010420185829005,329.6135376758346,64.1255,328.00794216918945,64.571079814171,336.08786752989204,35.456,337.6934630365372
130.95740918522569,7.679053033005266,154.9815,-1.5144802551269532,159.2000908147743,9.509334601272078,135.17600000000002,18.7028678894043
77.3663877525244,227.11757722883706,214.8135,181.3500441684723,219.4391122474756,195.2414864918661,81.992,241.00901955223085
-1.3515897062274875,303.46409298930814,33.1015,295.71785782623294,36.66908970622749,311.58550005449604,2.216,319.3317352175713
181.3953713333193,34.99340511609491,274.6455,6.76151078414917,279.39412866668073,22.44626183031622,186.144,50.67815616226196
10.936068529130681,198.9435412261853,108.44550000000001,168.1056667804718,113.02143147086933,182.57477284547002,15.512,213.41264729118348
15.437695246592245,35.17428022725734,210.38150000000002,6.8845416469573975,212.67180475340777,22.666968246863757,17.728,50.9567068271637
63.442202632237716,329.27246827941104,141.68550000000002,324.30900566101076,142.50729736776228,337.263698939751,64.26400000000001,342.22716155815124
-1.344181876329213,151.56775262574044,35.3175,143.04172790145876,38.87768187632922,158.35041625186122,2.216,166.8764409761429
261.0442965577389,260.3204294226526,274.6455,258.2212335357666,277.30520344226113,275.45410248347537,263.704,277.55329837036135
75.34400000000001,319.3852795676589,108.46455784782952,319.4836501253189,108.44550000000001,325.90027077388766,75.3249421521705,325.8019002162277
225.5561853927879,122.2508066351959,276.86150000000004,105.48191679000855,281.76931460721215,120.49763785332951,230.46400000000003,137.26652769851685
103.758761793715,317.70126582951167,250.26950000000002,269.7772200336456,255.09473820628503,284.5286709991017,108.584,332.45271679496767
1.9664675630346005,0.7295574109017253,59.6935,-1.0680368294715883,59.9430324369654,6.945321668931902,2.216,8.742915909305216
246.28346476128416,220.01456003504967,274.6455,210.04005996704103,278.7700352387159,221.7679874808195,250.40800000000002,231.74248754882814
105.64005049717288,164.5798329062016,148.33350000000002,155.77139126586914,151.27744950282712,170.04035785154989,108.584,178.84879949188235
57.348902519702634,16.60131163265322,68.5575,14.794602186203004,71.04059748029736,30.199425698737166,59.832,32.00613514518738
248.0636688809038,162.11012632513345,276.86150000000004,157.67870645332337,279.2058311190962,172.91347400140467,250.40800000000002,177.34489387321474
167.945064460186,321.77145843628466,276.86150000000004,317.22533433723453,277.332435539814,328.50804885360185,168.416,333.054172952652
-0.5009156021102616,100.06851788013988,99.5815,67.05809949874879,104.51441560211028,82.01392658692785,4.432,115.02434496831894
175.439969881323,238.64550159605938,241.40550000000002,221.92237293052673,245.46153011867702,237.92166243592308,179.496,254.6447911014557
129.09712625205663,52.63630011183651,174.9255,41.22175461959839,178.7883737479434,56.73084536545842,132.96,68.14539085769654
171.69829164677944,343.27150616577677,212.59750000000003,338.13526860046386,213.7472083532206,347.29025041076136,172.848,352.4264879760742
39.17433836395879,137.14790108503325,161.6295,95.2830389289856,166.77516163604122,110.33415327440281,44.32,152.19901543045046
175.87097614436001,131.02921048885537,228.10950000000003,126.59195498085023,229.51852385564,143.17998471301843,177.28,147.61724022102356
125.93433757042847,72.05319607550925,241.40550000000002,70.17494466876984,241.78316242957155,93.39288002722438,126.31200000000001,95.27113143396379
