63.70830611316078,566.4202866557829,258.75,481.33206844329834,295.0416938868392,564.5209469791658,100.0,649.6091651916504
578.38537839076,379.48948977578397,738.75,218.18302154541016,860.36462160924,339.0875518501926,700.0,500.3940200805664
179.26559761367017,129.71545287491824,558.75,125.85164487361908,559.4844023863297,197.98107019541712,180.0,201.8448781967163
80.0,666.8180116616895,658.7501726968584,666.8194321887731,658.75,737.1794680846506,79.99982730314163,737.1780475575669
600.0,150.0393772125244,780.2047157029276,515.4010871694641,658.75,575.3053188323975,478.54528429707227,209.9436088754578
297.46209757944285,346.0403246217307,558.75,338.1101131439209,561.2879024205571,421.7299764818612,300.0,429.660187959671
186.0,90.97892689704895,234.25896879784557,93.04766584176113,233.625,107.83671426773071,185.36603120215443,105.76797532301855
442.2767104562954,539.3473706263812,551.625,531.6576504707336,553.3482895437047,556.1629328709332,444.0,563.8526530265808
222.0,475.00695276260376,265.1355848264386,477.984206619473,263.625,499.8701333999634,220.48941517356138,496.8928795430942
269.60203045853865,589.5556682794428,341.625,587.2865252494812,342.0229695414614,599.9181433469915,270.0,602.1872863769531
311.8514250262667,599.8089134015061,341.625,599.2342804670334,341.7735749737333,606.9324262820268,312.0,607.5070592164993
317.9315145290344,42.7269424313206,431.625,42.138663947582245,431.69348547096564,55.37449036897237,318.0,55.962768852710724
193.862748938,67.17655876531653,221.625,62.606080055236816,225.76225106200002,87.73679610834071,198.0,92.30727481842041
669.3623039320789,625.0696367712451,713.625,622.6445331573486,716.2626960679212,670.7874408273268,672.0,673.2125444412231
438.0,599.2706856876612,473.6313664613798,599.3045654482091,473.625,606.0001770704985,437.9936335386202,605.9662973099506
347.8031950192241,587.9932282100343,473.625,585.9083329439163,473.82180498077594,597.7853602041579,348.0,599.8702554702759
0.0,80.92232036590576,114.70236925271398,85.59007895040949,113.625,112.06462848186493,-1.077369252713986,107.39686989736121
12.0,361.10706447064877,98.79018699459364,366.18276535893625,95.625,420.30478262901306,8.834813005406357,415.22908174072563
