520.0,497.36421287059784,600.9739210440106,498.48692867446124,598.75,658.883358836174,517.7760789559894,657.7606430323107
209.81884742346335,434.73014032188854,293.625,433.8541488647461,293.8061525765367,451.185026175342,210.0,452.06101763248444
77.91010006205327,98.07289832865112,209.625,97.2988186776638,209.71489993794674,112.59590253199227,78.0,113.36998218297958
520.9407996581673,646.1592332075766,551.625,645.2507786750793,552.6842003418327,681.0266093064616,522.0,681.9350638389587
59.704177079545836,54.57801334579154,233.625,53.29957866668701,233.92082292045416,93.54392325858907,60.0,94.8223579376936
600.0,507.7121901512146,637.5607042721076,509.0892109545549,635.625,561.8890056610107,598.0642957278925,560.5119848576705
77.92374685352047,116.47330151563101,167.625,115.83566039800644,167.70125314647956,126.56270199949331,78.0,127.20034311711788
186.0,385.3289566040039,204.18388368854355,386.02421213611706,203.625,400.64139318466187,185.44111631145645,399.9461376525487
156.0,505.9591827392578,174.73579223477554,507.8411669964833,173.625,518.8994808197021,154.88920776522446,517.0174965624767
228.0,465.3189252912998,275.6392646127155,465.380994524708,275.625,476.3293440118432,227.98573538728454,476.267274778435
197.6266744975784,403.90281272183944,257.625,403.06789433956146,257.99832550242166,429.8955525730939,198.0,430.73047095537186
