63.997337170886006,723.0370093161596,724.0,723.0040064056715,724.002662829114,776.2561068991464,64.0,776.2891098096346
639.8796552316652,350.2012313000864,735.6,349.1803066253662,735.7203447683348,360.46364907100735,640.0,361.4845737457275
223.4343074341688,309.1884556342526,370.8,306.4127067565918,371.3656925658312,336.4455665062504,224.0,339.22131538391113
31.34160689439446,255.8141115940159,172.4,252.73329734802246,173.05839310560555,282.87853366965595,32.0,285.9593479156494
729.3392882022702,530.7656440922526,754.8,529.9817489624023,755.0607117977298,538.4496009638997,729.6,539.23349609375
415.5698656872595,260.4560419034233,562.8,258.38953323364257,563.2301343127405,289.0348112154732,416.0,291.10131988525393
339.0479416153381,530.9268500778697,364.4,530.4359870910645,364.5520583846619,538.2894882705189,339.2,538.7803512573242
83.19811200837309,344.1181006880063,127.6,344.1090207219124,127.60188799162692,353.3414773060423,83.2,353.3505572721362
57.485323770398246,296.541371495604,153.2,295.6495831489563,153.31467622960176,307.95765852224883,57.6,308.8494468688965
96.0,331.5634033203125,114.8551032535707,331.6534553118647,114.8,343.19098510742185,95.9448967464293,343.1009331158697
492.75844631273384,600.8743294852402,678.0,600.6729662418365,678.0415536872662,638.8997521263931,492.8,639.1011153697967
665.4291733314501,362.8493644005956,710.0,362.10509567260743,710.1708266685499,372.3351181738673,665.6,373.07938690185546
134.3808926688538,74.23835752004662,294.0,74.12313787937164,294.01910733114624,100.59340912109336,134.4,100.70862876176834
331.69899339855715,506.7360962559539,370.8,504.8832069396973,371.9010066014429,528.1174422572296,332.8,529.9703315734863
473.6,351.88059959411623,511.62387785793254,351.99862844369085,511.6,359.6910592079163,473.57612214206745,359.5730303583416
473.5649755208741,316.20814297836415,511.6,316.09014987945557,511.6350244791259,327.38027560073743,473.6,327.498268699646
281.6,401.915744638443,319.6006842615581,401.91921128018333,319.6,409.41995966136454,281.5993157384419,409.4164930196242
435.1034115925061,646.3036964409916,742.0,645.5358531951904,742.0965884074939,684.1409368521602,435.2,684.9087800979614
467.1110726697501,345.15524496646105,518.0,344.55921401977537,518.0889273302498,352.15180039791886,467.2,352.7478313446045
531.0759453603746,484.37084511055684,556.4,483.9845848083496,556.5240546396254,492.11787330374983,531.2,492.504133605957
492.66376190613835,291.1370254135095,543.6,290.4842559814453,543.7362380938616,301.1150478744544,492.8,301.76781730651857
703.9579972932742,255.60057501012497,754.8,255.35476112365723,754.8420027067258,264.0422350484688,704.0,264.2880489349365
479.95072143217857,338.16757930957345,505.2,337.9980976104736,505.2492785678214,345.3395881251189,480.0,345.5090698242187
607.6265494992012,308.34573573390134,761.2,306.438890838623,761.5734505007988,336.51584263523927,608.0,338.4226875305176
114.50944664125613,25.087671655174756,306.8,21.744606018066406,307.49055335874385,61.464701849463914,115.2,64.80776748657226
243.2,350.11955509185793,351.6207858653658,350.31478390346524,351.6,361.85826377868653,243.17921413463418,361.66303496707917
300.74153086831893,337.269797813008,370.8,336.84664096832273,370.8584691316811,346.526876343181,300.8,346.9500331878662
725.2942745894723,508.90800434877053,748.4,504.472371673584,752.7057254105277,526.9013950652919,729.6,531.3370277404786
665.5978282571551,402.02177205908845,703.6,402.0105723381042,703.6021717428449,409.37959025275165,665.6,409.3907899737358
140.71609638161524,473.3664212176256,172.4,473.03996620178225,172.48390361838477,481.18318357973766,140.8,481.50963859558107
422.3784228869219,459.6000598587269,466.8,459.4699547767639,466.8215771130781,466.836995156837,422.4,466.96710023880007
498.3714221991301,460.7669581318034,562.8,458.4071792602539,563.6285778008698,481.0296757793294,499.2,483.3894546508789
114.26353150109617,452.8866198094226,178.8,450.0599700927734,179.73646849890383,471.4408894984387,115.2,474.2675392150879
620.8,504.74316215515137,658.9479734950593,505.43648336926645,658.8,513.57829246521,620.6520265049407,512.8849712510948
684.7206621852541,337.3621292612393,761.2,336.71010360717776,761.2793378147459,346.01603121544525,684.8,346.6680568695068
230.4,504.9620754241943,268.52148395277396,505.57109439117676,268.4,513.1753707885742,230.27851604722605,512.5663518215918
441.58044720345254,303.1763093710673,543.6,303.00003652572633,543.6195527965475,314.31639983646744,441.6,314.4926726818085
224.0,194.41104316711426,422.37847339202733,196.41836401499367,422.0,233.8219379425049,223.62152660797264,231.81461709462548
