560.0,636.8019890785217,698.9604289264789,637.3236941919263,698.75,693.3731618523598,559.7895710735211,692.8514567389552
99.8671432046024,85.51133050025437,718.75,84.17206376791,718.8828567953976,145.56595274805093,100.0,146.90521948039532
339.82706812759244,636.7429473587212,498.75,636.2630772590637,498.9229318724075,693.5344934127394,340.0,694.0143635123968
125.67457824216407,228.25964107648355,239.625,227.07820200920105,239.95042175783595,258.46530235274815,126.0,259.6467414200306
120.0,297.3296581953764,209.71833281903577,297.72917027666904,209.625,318.6888991892338,119.90666718096425,318.28938710794114
575.8863589833516,278.15840717389653,629.625,277.6302777528763,629.7386410166486,289.1935680286639,576.0,289.72169744968414
24.0,12.362696439027786,726.2404856049131,21.261416896478433,725.625,69.83232235908508,23.384514395086914,60.93360190163443
372.0,326.4805008172989,497.95308795675834,327.6953392550855,497.625,361.71113097667694,371.6719120432417,360.4962925388904
420.0,529.1659698486328,455.7493292092932,529.5358130676865,455.625,541.5535697937012,419.8756707907068,541.1837265746475
84.0,318.9108917713165,213.22804641006886,345.1249305046572,209.625,362.88696455955505,80.39695358993116,336.67292582621445
390.0,540.4078062772751,443.7576179557643,540.9791013708275,443.625,553.4581607580185,389.86738204423574,552.8868656644662
419.9887877301355,500.595752399256,461.625,500.5588585585356,461.6362122698645,513.2123649159172,420.0,513.2492587566376
587.8304692041271,499.15475217518735,635.625,498.5305438041687,635.7945307958729,511.5112169581897,588.0,512.1354253292084
402.0,276.86356115341187,461.64445223603656,276.9563846826021,461.625,289.4555642902851,401.98054776396344,289.3627407610949
371.8731499424902,302.9043351286682,515.625,301.8807495832443,515.7518500575098,319.69550920784155,372.0,320.7190947532654
384.0,572.5259752348065,479.6281389003575,572.545647905538,479.625,587.8037286959589,383.9968610996425,587.7840560252275
587.9467374293961,526.6158454519513,623.625,526.4426772594452,623.678262570604,537.4164938229321,588.0,537.5896620154381
557.8439021452658,569.913028618311,653.625,568.9289774894714,653.7810978547343,584.1225212607632,558.0,585.1065723896027
156.0,539.4663907885551,281.8024737819009,540.3763727915639,281.625,564.9116281270981,155.82252621809917,564.0016461240895
53.20125514165747,243.52255456804528,107.625,204.85531568527222,126.42374485834253,231.31435758710612,72.0,269.98159646987915
593.9705417961184,549.6824654263768,617.625,549.6224053502083,617.6544582038817,561.2244194822994,594.0,561.2844795584679
539.4213338927941,304.4435156938327,665.625,300.5478672981262,666.203666107206,319.2943702581632,540.0,323.19001865386963
557.9744992968172,538.2655111185039,647.625,538.0674087703228,647.650500703183,549.607659704355,558.0,549.805762052536
539.8194017596305,328.36825942395774,671.625,327.6595870256424,671.8055982403696,361.2489566266671,540.0,361.95762902498245
102.0,260.01301431655884,215.77750874602518,260.5750965070415,215.625,291.44614255428314,101.84749125397482,290.8840603638005
126.0,187.92639838904142,185.68820524627702,188.06468634573702,185.625,215.34549808502197,125.936794753723,215.20721012832638
