24.818993573040785,90.56066675820064,161.69549999999998,83.6432785167694,162.3085064269592,95.77302679906177,25.432,102.69041504049301
66.06630173190425,213.24133204232464,207.9355,205.36925961875914,208.91719826809575,223.0612648166536,67.048,230.93333724021912
22.6697072161247,105.6950403370341,150.13549999999998,100.10530916404724,150.5857927838753,110.37358949904834,23.119999999999997,115.96332067203521
22.57188398140914,129.00543224481018,115.4555,123.39964607906342,116.00361601859085,132.481511904684,23.119999999999997,138.08729807043076
25.001296327651477,161.5725364083657,256.4875,150.53831833457946,256.9182036723485,159.57402502018118,25.432,170.60824309396742
36.594217252847464,243.31120631033681,258.79949999999997,231.93934429550168,259.19728274715254,239.71198765748238,36.992,251.08384967231748
25.36539910133901,64.74181080419402,129.3275,64.34279080462456,129.39410089866098,81.69522765993496,25.432,82.0942476595044
84.92861671785433,178.33084590195617,189.43949999999998,173.63367918395994,190.05488328214565,187.32581621790925,85.544,192.02298293590545
109.33334244695068,55.91048586443626,127.01549999999999,53.35234088897705,128.6581575530493,64.70655651685036,110.976,67.26470149230957
18.08837473866213,254.4521233982038,265.7355,241.88165278339386,266.14312526133784,249.91215754709722,18.496,262.4826281619072
