204.8,322.43753280639646,477.2760168583852,324.7109227641007,476.8,381.763685353597,204.3239831416148,379.49029539589276
153.50192795943815,-1.0191886805696975,562.1333333333333,-1.6473260243733725,562.2314053738952,62.152917915900915,153.6,62.78105525970459
188.97230769230768,498.04275723915833,493.20381579841353,500.2558197412858,493.0996153846154,514.5803356574132,188.86810727850948,512.3672731552857
178.47384615384615,460.320342772924,498.45850667529123,462.6012859251813,498.3488461538461,477.98513479159425,178.36418563240107,475.70419163933695
183.72307692307692,525.1332227299763,451.31746929025115,527.92801109412,451.1057692307692,548.1977923440933,183.511376863595,545.4030039799496
377.8999251070366,759.2414749955688,592.835,758.9848824422176,592.8796902775788,796.4197496389869,377.94461538461536,796.6763421923381
10.498461538461537,775.7631938502035,267.4544079120056,776.1782172220096,267.3826923076923,820.5799358429817,10.426745934148272,820.1649124711755
178.37265369967105,414.7511567700957,445.85653846153843,414.07447004932624,445.95773091571357,454.07429555286416,178.47384615384615,454.75098227363367
398.47707838642333,405.04549164857843,419.6103846153846,404.4203695121178,420.07484469049973,420.1222242794259,398.94153846153847,420.7473464158865
293.7662690912722,808.4448012837926,629.5796153846154,806.5249960781978,629.7702693702662,839.8742925167155,293.9569230769231,841.7940977223103
261.5270926322234,402.3148017916917,283.1303846153846,401.38262805792,284.0648304446997,423.0385762591858,262.46153846153845,423.97074999295745
