360.0,242.41943068802357,1117.5824468032292,243.06336109142634,1117.5,340.06181091070175,359.91755319677065,339.41788050729895
480.0,122.45571501553059,997.6076360247624,123.0394815891124,997.5,218.476991802454,479.89236397523746,217.89322522887218
640.0,569.2993769049644,918.1967038963057,571.4543117311063,917.5,661.3970446586609,639.3032961036943,659.242109832519
639.0169351881738,796.0073175183302,837.5,792.9986953735352,838.4830648118261,857.852873588466,640.0,860.8614957332611
560.0,726.4867177605629,877.8122428669443,727.8231181602945,877.5,802.0782634615898,559.6877571330557,800.7418630618582
647.8649136310414,1001.7937630459813,827.25,1001.1375975608826,827.3850863689586,1038.068037386224,648.0,1038.7242028713226
563.7755291517788,1130.417860059622,899.25,1127.7354440689087,899.4744708482214,1155.8087329579562,564.0,1158.4911489486694
564.0,1154.8355040550232,793.1263745099689,1170.7001486878582,791.25,1197.799834728241,562.1236254900313,1181.9351900954061
636.0,940.4844460487366,839.3426945292007,941.079716479929,839.25,972.7439053058624,635.9073054707994,972.14863487467
647.62120736502,1068.1662315573483,827.25,1066.2438833713531,827.6287926349802,1101.6391692910404,648.0,1103.5615174770355
