86.82666666666667,315.1265138367067,280.84216954740054,315.1678334246662,280.83,372.30975993803395,86.81449711926612,372.2684403500744
390.72,261.9705593792597,781.059994989059,265.55032755960946,780.0833333333334,372.0460799646378,389.74333834427443,368.46631178428805
367.2467827786946,134.0763177796787,780.0833333333334,125.1806922976176,781.8498838879722,207.16443125202397,369.0133333333333,216.0600567340851
195.36,8.981372130115828,758.830586474628,11.446402197352471,758.3766666666667,115.20597243706385,194.90608019203862,112.74094236982721
234.19140494814187,210.64773852605958,325.19300000000004,209.84551180315017,325.43359505185816,237.13771344070295,234.43200000000002,237.93994016361236
136.74257210503404,759.015113999744,181.929,758.9806025611163,181.93842789496597,771.3247097041411,136.752,771.3592211427689
104.16417374473976,440.8104487378057,149.369,440.7047167079449,149.39682625526027,452.60159446608463,104.19200000000001,452.7073264959455
136.70072004178553,771.2313669741194,155.881,771.1500053129197,155.9322799582145,783.2387943112811,136.752,783.3201559724808
104.19200000000001,426.96449297189713,195.0114045606354,427.39575731181895,194.953,439.69509887456894,104.13359543936461,439.2638345346472
76.61445921316407,192.10116742591808,221.001,187.6696843547821,222.53054078683596,237.5051682455068,78.144,241.93665131664278
318.17412617765757,634.8920504793324,396.82500000000005,632.2141651191712,397.7388738223425,659.0551105008923,319.088,661.7329958610535
631.5729440379283,771.9121928423586,761.4970000000001,770.9110117406846,761.5880559620717,782.7274152785596,631.664,783.7285963802339
306.4462138655408,524.1804910301203,383.80100000000004,490.257375328064,396.4427861344592,519.0844049964911,319.088,553.0075206985474
351.648,697.6352965078354,416.4634187731713,697.8752081189066,416.361,725.5450472054482,351.5455812268287,725.305135594377
