238.30732205642803,11.062933068893903,748.75,2.0445334911346436,750.4426779435719,97.85034193453932,240.0,106.86874151229858
359.99305349025735,503.4198471415933,419.625,503.36065605282784,419.6319465097427,510.35890369525595,360.0,510.4180947840214
270.0,415.2221083827317,425.6317413442482,415.27811640588965,425.625,434.0105601735413,269.99325865575184,433.95455215038334
330.0,443.8784073293209,419.66760553054485,444.15488418861054,419.625,457.97280701994896,329.95739446945515,457.69633016065933
270.0,520.5875535160303,413.63169678970525,520.7256153074815,413.625,527.692577406764,269.99330321029487,527.554515615313
270.0,485.73234333470464,335.62977016631186,485.7753638973856,335.625,493.0524634793401,269.9952298336882,493.0094429166591
270.0,460.6395250707865,383.6334722878949,460.77714423206635,383.625,467.7727942764759,269.9915277121051,467.6351751151961
12.0,9.258808493614197,198.10356756087558,11.745805504678739,197.625,47.55732035636902,11.521432439124446,45.07032334530448
269.992639634679,467.9401510421784,377.625,467.8349192664027,377.63236036532106,475.36319185154133,270.0,475.46842362731695
12.0,47.15070971567184,191.68950868681705,47.60382220818594,191.625,73.18584528565407,11.935491313182965,72.73273279313997
269.9989255249653,478.1301030860791,401.625,478.11139758490026,401.6260744750347,485.67221777331594,270.0,485.6909232744947
258.0,370.62670361995697,449.8112349798717,371.6024315414688,449.625,408.2130078077316,257.8137650201284,407.2372798862198
