182.4,348.8312135696411,245.07543747549767,350.6427190332328,244.5,370.5520133972168,181.8245625245023,368.7405079336251
350.4,351.497492980957,414.6192908719153,358.1701593798945,412.5,378.5667068481445,348.28070912808465,371.894040449207
177.6,405.9491947174072,244.85103959415392,408.76041634974746,244.5,417.15810985565184,177.24896040584605,414.34688822331157
345.59999999999997,293.8926218032837,433.9023184018782,306.24788325771163,431.7,321.987721824646,343.3976815981218,309.632460370218
182.4,377.79149322509767,244.89599066954935,379.9361323198216,244.5,391.4755233764648,182.00400933045063,389.33088428174085
158.4,319.9974423408508,273.88253258106386,323.45394067172845,273.3,342.91650981903075,157.8174674189361,339.4600114881531
340.8,263.07627868652344,355.0075866673613,263.34658942605387,354.9,269.00136623382565,340.6924133326387,268.7310554942952
345.59999999999997,380.00368309020996,413.83244799353105,387.59379013063733,412.5,399.5720386505127,344.2675520064689,391.98193161008527
326.4,319.6509979248047,443.66535468554434,333.51523852770583,441.29999999999995,353.5216827392578,324.03464531445564,339.6574421363567
355.2,482.7923978805542,542.790855032775,487.6420147138636,542.1,514.365380859375,354.5091449672249,509.51576402606554
172.79999999999998,292.77898063659666,264.5312182257755,297.873613820524,263.7,312.84008102416993,171.96878177422448,307.7454478402426
340.8,409.2210310935974,408.6857331149513,417.34947562148903,407.7,425.58195047378535,339.8142668850487,417.45350594589377
