216.6080597885594,334.6647603885234,558.75,318.55565786361694,562.1419402114406,390.5972258671223,220.0,406.7063283920288
100.0,30.993157625198364,599.2716491952506,34.184580625259024,598.75,115.79226911067963,99.47835080474935,112.60084611061895
372.0,214.5315681695938,425.77674761830997,214.87914705897805,425.625,238.357251226902,371.8482523816901,238.0096723375178
298.97310075604133,426.82608402786195,491.625,417.72195053100586,492.6518992439587,439.45208989563054,300.0,448.5562233924866
371.6436526510736,241.1939265482602,419.625,240.40745043754578,419.9813473489264,262.1474952943149,372.0,262.9339714050293
233.94760904138005,547.4751106060447,257.625,547.3844453394413,257.67739095862,561.0664346658289,234.0,561.1570999324322
95.22915925101296,595.4552441713408,185.625,590.7165620326996,186.39584074898704,605.4212405803606,96.0,610.1599227190018
222.0,506.0918927192688,285.6283121121951,524.3236257334039,281.625,538.2950892448425,217.99668788780494,520.0633562307074
269.3019385913108,304.0336207977407,503.625,293.91227674484253,504.3230614086892,310.0733602413066,270.0,320.1947042942047
113.82658760187293,609.0266601403259,173.625,608.1853993535042,173.79841239812708,620.5118815342881,114.0,621.3531423211098
342.0,216.00669997930527,371.93373452591965,216.2009683260702,371.625,263.77216297388077,341.6912654740804,263.5778946271159
239.47098755274956,581.163457765459,263.625,579.8201451301575,264.15401244725047,589.3322816945325,240.0,590.675594329834
