511.41125491353915,390.56627810535366,617.3333333333334,389.9789759318034,617.9220784197942,496.16128893159294,512.0,496.74859110514325
21.293729663702212,73.06539009969389,254.66666666666666,72.94636102517445,254.70627033629776,150.59482410216376,21.333333333333332,150.7138531766832
524.8,348.9506088256836,601.3983105840596,349.65784373446144,601.2,371.1362174987793,524.6016894159404,370.42898259000145
512.0,498.6023549079895,620.408222683984,498.63496816764246,620.4,525.9676103472709,511.99177731601594,525.9349970876181
537.6,526.4633422851563,588.4539768808396,526.602397884815,588.4,546.3422649383544,537.5460231191604,546.2032093386957
83.2,45.7134485244751,198.51129017752086,48.09777378716979,198.0,72.82490768432618,82.68870982247914,70.44058242163149
185.44630157176036,580.217738921108,274.8,579.7720878601074,274.9536984282396,610.5888505869486,185.6,611.0345016479492
581.5207481081263,756.2245071534178,793.2,751.4716751098633,794.0792518918736,790.6313552733401,582.4,795.3841873168946
198.34910326096917,636.5698043281748,268.4,636.2363537788391,268.45089673903084,646.9286804740713,198.4,647.2621310234069
531.2,263.4051963806152,595.3077588098311,265.4997539395297,594.8,281.04063949584963,530.6922411901689,278.9460819369352
529.0872148133192,582.59963873506,601.2,570.7486839294434,603.3127851866809,583.6049327981431,531.2,595.4558876037597
179.09330765894708,616.8444660646014,281.2,616.0614294052124,281.30669234105295,629.973935176701,179.2,630.7569718360901
497.86695940478756,280.3820796552545,626.8,276.3481918334961,628.1330405952124,318.9554691728705,499.2,322.9893569946289
