341.3333333333333,720.3356793721517,660.4383281129309,722.1077347111413,660.0,801.0401964187622,340.8950052204024,799.2681410797726
-16.07953860055854,454.36464261190457,233.33333333333334,351.60496520996094,292.0795386005586,494.19065778278946,42.666666666666664,596.950335184733
13.040019140852332,203.88073582177117,148.0,195.82093493143717,156.293314192481,334.6910559065664,21.333333333333332,342.75085679690045
21.333333333333332,690.7649001181126,276.1626404491498,691.5210383269206,276.0,746.3331778049469,21.170692884183534,745.5770395961389
198.11743788540818,203.08725253740948,242.8,202.53446350097656,243.08256211459184,225.37427833875017,198.4,225.9270673751831
703.8686440601032,763.283767820657,780.4,762.9902111053467,780.5313559398968,797.2352059113376,704.0,797.5287626266479
44.8,365.6929440498352,166.4202406166046,368.3739515507555,166.0,387.43759269714354,44.37975938339542,384.7565851962232
197.9881007306879,186.52184720255678,242.8,185.368892288208,243.2118992693121,201.3781814076727,198.4,202.5311363220215
197.71027458100951,228.56717270512982,242.8,227.29316024780275,243.48972541899053,251.7038554320772,198.4,252.9778678894043
274.21944132887404,166.238970739007,313.2,159.74881896972656,320.58055867112597,204.0772585090399,281.6,210.56741027832032
32.0,344.4556969642639,121.69238449950142,346.74280724856925,121.2,366.05238761901853,31.507615500498595,363.76527733471323
339.5067921576649,359.3617757642253,364.4,347.11178359985354,370.4932078423351,359.4937906420247,345.6,371.7437828063965
454.4,469.6806076049805,537.6265642368419,470.6576838557527,537.2,506.99208030700686,453.97343576315814,506.01500405623466
696.6638766616909,718.0894247554855,780.4,715.8491638183593,781.3361233383091,750.8394357181472,697.6,753.0796966552734
25.10931086659098,747.9155319622836,255.6,745.534349822998,256.090689133409,793.0314625569501,25.6,795.4126446962357
373.2942361810135,422.11799853853626,518.0,368.33758239746095,522.3057638189865,379.9230048794324,377.6,433.7034210205078
51.2,141.56418991088867,108.08320740956927,148.35848016521825,102.0,199.2883544921875,45.11679259043073,192.4940642378579
