30.582638686864346,690.1004708597975,382.6666666666667,651.6224568684896,394.75069464646896,762.1945161829475,42.666666666666664,800.6725301742554
21.333333333333332,70.19925753896435,553.3806487549864,70.63341755302795,553.3333333333334,128.6167468627294,21.286017911680272,128.1825868486658
553.5136683427712,662.1810495146535,745.3333333333334,660.5368919372559,746.4863316572287,795.0542613577422,554.6666666666666,796.69841893514
32.0,206.43723503649235,518.0282559412583,206.8177871214169,518.0,242.90531992912292,31.971744058741688,242.52476784419838
32.0,153.75685027241707,543.627159652032,154.14085738676135,543.6,190.32668600082397,31.972840347968052,189.94267888647968
44.617631319879834,334.1140327582896,242.8,333.2522252082825,242.98236868012017,375.1899606098592,44.8,376.05176815986636
38.4,251.92839362621308,108.47125207808051,252.38235515101763,108.4,263.380472946167,38.328747921919486,262.9265114213624
428.0396191486099,749.8861333709239,524.4,748.4057243347168,525.1603808513901,797.8991998810293,428.8,799.3796089172363
617.4623340330486,184.9210519880127,710.0,162.56614837646484,719.7376659669515,202.87501734792482,627.2,225.22992095947265
31.996153010522754,265.31588710356607,262.0,265.23323501944543,262.0038469894772,275.93861998956544,32.0,276.02127207368613
414.21834325303024,700.3102275459917,530.8,695.9874664306641,532.5816567469698,744.0374256522505,416.0,748.3601867675782
600.355079574522,141.71814125268625,690.8,123.09327545166016,698.444920425478,160.21806480200127,608.0,178.84293060302736
