47.6054900529496,17.699867750411055,76.72500000000001,15.482310733795167,78.71950994705041,41.67291228651522,49.6,43.890469303131106
294.6413412382389,0.03673818598599483,304.885,-0.403658447265625,305.36365876176114,10.729980296985197,295.12,11.170376930236817
177.1684762146903,187.59094158836686,220.56500000000003,181.1838499736786,221.95652378530974,190.60892123511948,178.56,197.01601284980777
89.28,130.1669032096863,169.16307254800665,134.17527525236483,168.485,147.68862131118775,88.60192745199336,143.68024926850921
76.79719699780028,26.818506454208382,170.965,26.49028663635254,171.04780300219974,50.246855785867695,76.88000000000001,50.575075603723526
212.34085351088143,142.0569598730782,228.00500000000002,140.73472639083863,228.9441464891186,151.86054371273724,213.28,153.1827771949768
181.30013730322926,175.2966593784932,232.965,163.55495651245118,235.18486269677078,173.32261140397753,183.52,185.06431427001954
62.00000000000001,101.12043985366822,140.42338801867152,111.4113604033683,138.72500000000002,124.35416196823121,60.30161198132849,114.06324141853112
190.4793494335737,126.15049395061813,232.965,124.53185167312623,233.4456505664263,137.1478276016585,190.96,138.7664698791504
37.2,156.94730575561525,120.43471817223453,167.42989164811883,118.885,179.73509540557862,35.65028182776549,169.25250951307507
285.20000000000005,3.6791802310943607,296.36497092804524,4.420370169396163,294.96500000000003,25.508938570022586,283.8000290719548,24.76774863172078
27.28,16.93190402984619,58.61452787749975,25.922708542931236,49.445,57.88011863708496,18.11047212250026,48.889314123999924
192.31029843248217,145.67992471600806,205.685,142.96689809799196,206.81470156751786,148.53611044024194,193.44000000000003,151.24913705825807
57.040000000000006,128.4022095489502,67.14207175767963,128.6582450285264,66.805,141.95766387939454,56.702928242320375,141.70162839981833
272.8,27.79902286052704,295.01458743867715,27.859158220111468,294.96500000000003,46.17724095821381,272.7504125613229,46.11710559862939
127.57887086408881,164.3188617132309,235.44500000000002,152.42320896148684,236.8261291359112,164.94686418551183,128.96,176.84251693725588
194.9064300840088,118.63505857736821,225.525,113.5154973602295,226.53856991599125,119.57735696523434,195.92000000000002,124.69691818237305
157.22220324232813,106.54221833072391,232.965,97.76855066299439,234.4627967576719,110.69898291744505,158.72,119.47265058517456
185.33071977857975,195.52383870828157,223.04500000000002,191.30534039497377,223.7142802214203,197.28884920370575,186.0,201.50734751701356
