108.79975216273363,22.220062983011065,259.0,22.218215527385475,259.00024783726633,42.36766773380974,108.8,42.36951518943533
355.2,342.860636138916,390.5325590772113,352.44749609955414,387.0,365.4668113708496,351.66744092278867,355.87995141021145
355.2,253.4208251953125,391.4175084990215,266.66586030086603,387.0,278.7451904296875,350.7824915009785,265.50015532413397
143.59855774161727,318.97480418150656,220.6,317.70107650756836,221.00144225838272,341.96971219117415,144.0,343.2434398651123
137.6,93.41939849853516,233.84630287025797,117.1530287209636,230.2,131.9397750854492,133.953697129742,108.20614486302077
47.9413241980702,94.18488043832255,121.4,94.0069194316864,121.4586758019298,118.22709436131046,48.0,118.40505536794663
112.0,199.14671001434326,253.28140906030694,203.14226504364564,252.6,227.23664779663085,111.31859093969304,223.24109276732847
214.4,57.49171752929688,340.09215303120106,64.64516336937739,339.0,83.83522491455078,213.30784696879897,76.68177907447027
176.0,279.28854904174807,305.11814732867714,308.13288374269916,300.6,328.3578193664551,171.48185267132286,299.513484665504
265.6,318.74466094970705,341.47055216136357,330.58221443955125,339.0,346.41674957275393,263.12944783863645,334.5791960829097
291.2,232.57027740478514,346.22250401588263,248.23210487533697,342.2,262.36380462646486,287.1774959841174,246.70197715591303
355.2,80.30462112426758,390.6789214959321,90.23544126087742,387.0,103.37878341674805,351.5210785040679,93.4479632801382
316.8,157.96301383972167,339.5232755098368,158.91131011011996,339.0,171.45014839172364,316.2767244901632,170.50185212132536
352.0,168.66704406738282,389.6275100601882,175.8069270937869,387.0,189.65402526855468,349.3724899398118,182.51414224215063
137.6,353.5649932861328,256.92330413710016,387.7704456153501,252.6,402.85198669433595,133.27669586289989,368.6465343651186
