289.79690508719654,101.60153169190929,505.71250000000003,101.55040641613304,505.7155949128035,114.62104376772002,289.8,114.67216904349625
367.89725680856776,63.17743852992218,441.3125,62.87488616704941,441.41524319143224,87.80583138804276,368.0,88.10838375091554
427.54619167899483,121.40128258702747,501.1125,119.28118793964386,501.3663083210052,128.0882198429347,427.8,130.20831449031832
289.8,120.09606455564499,381.588170789601,120.86284744538175,381.5125,129.92106125354766,289.72432921039905,129.1542783638109
289.8,30.778500813245774,399.98573849950577,31.218052498582026,399.9125,49.577299940586094,289.7267615004942,49.137748255249846
367.4288102857295,448.4907803298837,381.5125,448.0953642368317,382.0836897142705,468.4396517990226,368.0,468.8350678920746
285.12938639378694,386.901906212643,307.9125,382.19125900268557,312.5831136062131,404.78074950329943,289.8,409.49139671325685
391.0,122.82094443142414,409.12469394910016,122.85792409204902,409.1125,128.83449585437776,390.98780605089985,128.79751619375287
387.7447643423395,400.2815634438177,409.1125,396.91464920043944,412.3677356576605,417.57362950357003,391.0,420.94054374694826
299.0,443.85524811744693,312.8515880944683,444.09466441404743,312.5125,463.71283025741576,298.66091190553175,463.4734139608153
443.6481740837908,458.30514145772577,464.3125,439.65194633007053,471.4643259162092,447.57486037332893,450.8,466.2280555009842
317.40000000000003,330.71862251758574,358.70281804786515,330.96989035150614,358.5125,362.2539253175259,317.2096819521349,362.0026574836055
423.0494338643207,448.2908179366155,436.71250000000003,448.1870460987091,436.86306613567933,468.0112595951991,423.2,468.11503143310546
