17.49968938183986,272.2290772443967,358.5,239.3311529159546,365.0003106181602,306.7095053547664,24.0,339.60742968320847
17.590939204740845,190.39574933812082,358.5,158.49577617645264,364.90906079525917,226.98821299508154,24.0,258.8881861567497
10.439353950689677,442.47619290421466,273.15,404.7944518089294,277.1106460493103,432.4073978178693,14.399999999999999,470.08913891315456
10.766326810626394,407.30718321573767,121.94999999999999,392.8872676849365,125.5836731893736,420.9044312738177,14.399999999999999,435.3243468046188
64.65637288419583,484.34645304556744,100.35,484.1499191343784,100.49362711580416,510.2348460776005,64.8,510.43137998878956
770.3695015907658,429.7460369832415,805.9499999999999,429.63038249015807,805.9804984092341,439.0130581848722,770.4,439.1287126779556
259.17835246758733,518.1309169646624,316.34999999999997,518.0594189465046,316.3716475324127,535.3693406048889,259.2,535.4408386230468
20.577674627030138,22.69335205414789,337.95,13.286945056915282,338.97232537296986,47.7802198006819,21.599999999999998,57.1866267979145
20.410342912733178,354.6738986042199,323.55,320.5061399459839,324.73965708726683,331.0608926030936,21.599999999999998,365.2286512613296
13.069346387680758,369.206734271912,208.35,346.2927055835724,209.68065361231925,357.63295965585286,14.399999999999999,380.54698834419247
193.76850957693884,60.53591601761223,316.34999999999997,57.99226942062378,316.98149042306113,88.4245776423609,194.39999999999998,90.96822423934937
187.1742421644403,812.5031726207416,244.35,812.354599392414,244.37575783555965,822.2670431409199,187.2,822.4156163692473
