239.92367376348673,460.57549343088095,638.75,460.20327914506197,638.8263262365132,541.986578883441,240.0,542.35879316926
80.0,618.4923664981034,518.7619360274058,618.5867718957145,518.75,674.0610840171576,79.98806397259423,673.9666786195463
96.0,463.3662087712437,191.63244086809547,463.4118656668679,191.625,478.997427681461,95.99255913190454,478.95177078583674
311.9281596238436,392.06728893895496,353.625,391.89540097117424,353.69684037615644,409.3225468955482,312.0,409.49443486332893
525.3437111249383,345.8326978896218,653.625,334.6659107208252,656.2812888750618,365.18070028084946,528.0,376.347487449646
83.72581229126013,380.0445300949852,125.625,379.38619047403336,125.89918770873987,396.8365184055527,84.0,397.4948580265045
119.91097426238456,446.6775904873356,161.625,446.4355705976486,161.71402573761546,461.77985455300967,120.0,462.02187444269657
113.29340506632681,492.05546061665274,173.625,489.04975175857544,174.33159493367322,503.2327619346931,114.0,506.2384707927704
95.96836143815625,423.8413448226721,191.625,423.49897849559784,191.65663856184375,432.33874524709876,96.0,432.681111574173
102.0,412.75471276044846,179.69280099200287,413.4132830635332,179.625,421.41189604997635,101.93219900799714,420.7533257468916
312.0,412.26261377334595,419.9974554642899,415.6164817707059,419.625,427.6098704338074,311.6275445357102,424.2560024364475
225.3826258974957,111.07858046913114,263.625,76.41657543182373,278.24237410250436,92.54383316612277,240.0,127.20583820343018
527.9076983612989,374.8438679130857,647.625,373.8275499343872,647.7173016387012,384.7002328483279,528.0,385.71655082702637
84.0,400.8127768021077,197.6350214315048,400.92381542415313,197.625,411.17957655340433,83.98997856849523,411.0685379313589
132.0,364.9858050942421,198.2479416359771,366.1750676141667,197.625,400.87606966495514,131.37705836402293,399.68680714503057
72.0,165.51804645359516,317.7091463395822,166.49556007276394,317.625,187.64669787883759,71.91585366041777,186.6691842596688
588.0,388.2177811861038,623.7799353089732,388.82999604407337,623.625,397.8849467039108,587.8450646910269,397.27273184594134
347.9748627567756,444.7986813134053,401.625,444.70073832571507,401.6501372432244,458.47014214633913,348.0,458.5680851340294
359.86021844297284,374.3458196769076,425.625,374.08838778734207,425.7647815570272,409.797652785985,360.0,410.05508467555046
