19.273684706287412,15.13120912506071,338.75,12.363132238388062,339.47631529371256,96.19047637538226,20.0,98.95855326205492
14.656575374610647,664.0177507510066,738.75,618.3042001724243,744.0934246253893,702.9429689238191,20.0,748.6565195024014
414.3328788043087,423.53227501161126,598.75,409.5206594467163,604.4171211956913,484.10978669874635,420.0,498.12140226364136
377.6041220858327,422.8038081302,478.75,309.41800594329834,521.1458779141672,347.23727615935076,420.0,460.62307834625244
456.0,397.3070454597473,498.3370697969389,407.8380134844683,491.625,434.82217741012573,449.28793020306114,424.2912093854047
558.0,348.87237310409546,650.3294873996853,426.9251822380366,641.625,437.2218117713928,549.2955126003149,359.1690026374517
481.2708331395437,394.00329057692323,539.625,363.46559858322144,550.3541668604563,383.96785505295964,492.0,414.5055470466614
546.0,493.40229892730713,629.3815924722603,515.4482440009075,617.625,559.9137182235718,534.2434075277397,537.8677731499715
288.0,392.71094369888306,446.05592346759045,402.15008344957846,443.625,442.85526037216187,285.56907653240955,433.41612062146646
288.0,457.945903301239,322.58494470407203,473.8825916108899,317.625,484.64639711380005,283.040055295928,468.70970880414916
643.2304077559359,530.8584617017592,707.625,520.0775184631348,712.3945922440643,548.566301024071,648.0,559.3472442626953
516.0,552.8423001766205,539.4611469749658,565.0521215056875,533.625,576.2662661075592,510.1638530250342,564.0564447784922
288.0,486.23563385009766,438.9316986079974,500.3997519076766,437.625,514.323826789856,286.6933013920026,500.159708732277
371.90662868467035,0.26741622586457026,725.625,-1.2045260667800903,725.7183713153297,21.23327584366592,372.0,22.705218136310577
