179.99082047237837,697.6559116375505,254.93333333333334,625.1090983072917,296.8091795276216,668.3678025551578,221.86666666666667,740.9146158854167
430.09662554712577,809.0458403119527,493.8666666666667,688.8189778645833,524.5700411195409,705.1044852088805,460.8,825.33134765625
116.59692520717383,536.3025548066062,254.93333333333334,530.8677286783854,257.8030747928262,603.9132532988625,119.46666666666667,609.3480794270833
135.93862638646385,414.8419512538888,476.8,412.01256357828777,477.39470694686946,483.65796889178176,136.53333333333333,486.4873565673828
264.356036573086,823.7176494513683,472.24615384615385,813.819880089393,473.7362711192217,845.1179072831569,265.8461538461538,855.0156766451322
307.07386418936704,246.34288366580577,330.46153846153845,246.05416893592246,330.5876742721714,256.2719477597876,307.2,256.56066248967096
230.78287185089243,602.6717779757031,442.7076923076923,572.316057410607,448.2325127644921,610.8869284545852,236.3076923076923,641.2426490196815
242.0359348511426,125.30199490319931,283.2,124.78011368971603,283.379449764242,138.93444918859754,242.2153846153846,139.45633040208082
53.15667270566685,-0.3296255320119982,539.4461538461538,-0.5914788172795222,539.4587119097176,22.730184718030426,53.169230769230765,22.992038003297953
131.87347769295548,781.9757805463009,466.3384615384615,656.6510516826922,482.1572915378137,698.868136596127,147.69230769230768,824.1928654597356
