76.79486960901858,83.91557836054244,396.6,83.71598365306855,396.6051303909814,91.93626853705965,76.8,92.13586324453354
22.205581738606504,64.41803119057434,47.8,64.05081100463867,47.9944182613935,77.60132508403046,22.4,77.96854526996613
163.2,366.3011604309082,268.66469757734836,366.63642268939674,268.6,386.9885806083679,163.13530242265168,386.6533183498794
334.56840297278853,320.2830124972354,390.2,318.2378219604492,391.63159702721146,357.17895115632905,336.0,359.22414169311526
73.59868787272805,64.13363868880066,223.8,64.11992120444775,223.80131212727196,78.48722302553264,73.6,78.50094050988555
307.67886799235725,339.38029005848034,335.8,333.54183807373045,341.7211320076427,362.06120164073843,313.6,367.89965362548827
15.893556782936377,366.348767819778,153.4,365.62782249450686,153.5064432170636,385.92981720887036,16.0,386.65076253414156
284.8,360.1953861236572,390.7484208336556,361.9434463728291,390.2,395.1827590942383,284.2515791663444,393.4346988450664
6.289288873009623,9.595863942691125,396.6,8.149428558349609,396.71071112699036,38.02407015871164,6.4,39.47050554305315
281.03771186723395,302.1073480420266,383.8,290.68080749511716,387.562288132766,324.5161871142234,284.8,335.94272766113284
19.06425017251808,81.74209209810905,47.8,81.45169157981873,47.93574982748192,94.88442615140266,19.2,95.17482666969299
