552.006903768287,267.54604215433443,617.3333333333334,265.2963218688965,619.993096231713,342.5293960272248,554.6666666666666,344.7791163126628
384.0,55.149468739827476,788.9793294156292,59.154509418359375,788.0,158.18176078796387,383.0206705843709,154.17672010943195
255.97032571683525,559.7473264628045,383.6,559.4893534660339,383.6296742831647,574.1704214162238,256.0,574.4283944129944
70.4,133.57114352583886,166.0118087950513,133.69537841254632,166.0,142.78348791599274,70.3881912049487,142.65925302928525
415.9509346587305,168.50815292569183,754.8,167.95483598709106,754.8490653412695,198.00225342539764,416.0,198.5555703639984
115.07669450492384,53.56401946630147,204.4,53.15374155044556,204.52330549507616,79.99909193430278,115.2,80.4093698501587
256.0,528.5610511779785,364.5389608370948,529.9213254319668,364.4,541.0092842102051,255.86103916290523,539.6490099562168
256.0,668.986572265625,282.00302616228186,670.8995616081268,281.2,681.8149963378906,255.19697383771813,679.9020069953889
255.98140914736592,542.2569893300346,377.2,542.0664381504059,377.21859085263407,553.8929561674782,256.0,554.0835073471069
319.7604576617483,422.013429890097,390.0,421.3813144683838,390.2395423382517,447.9988334079377,320.0,448.6309488296509
256.0,576.1847434997559,320.27896810596695,579.2201445620553,319.6,593.5982673645019,255.32103189403307,590.5628663022025
530.6754312213693,353.3888348275011,626.8,352.3856536865234,627.3245687786307,402.64970429603403,531.2,403.6528854370117
57.6,81.52765655517578,188.37639343635243,91.18070048028679,185.2,134.2134765625,54.42360656364758,124.560432637389
268.8,450.77579803466796,378.9142671898278,455.0965132664276,377.2,498.7849456787109,267.0857328101722,494.4642304469513
351.8969180835778,642.9193267117096,370.8,642.7419372558594,370.90308191642214,653.7266144503998,352.0,653.90400390625
351.80596596487237,632.2132062022907,377.2,631.6846420288086,377.3940340351276,641.0067019397991,352.0,641.5352661132813
492.8,404.5947090148926,646.2958151558798,405.7123517368437,646.0,446.3392780303955,492.50418484412023,445.2216353084444
