144.5385996793277,110.58350303109124,224.4230769230769,110.1276145531581,224.4998618591338,123.58249392390003,144.6153846153846,124.03838240183316
6.153846153846153,1.4829152038034337,344.4261114214842,1.6090758343637017,344.4230769230769,9.745422693399282,6.15081165543884,9.619262062839015
101.53846153846153,128.25111279120813,264.4847473496097,129.05467487660889,264.4230769230769,141.5602013697991,101.47679111192878,140.75663928439832
240.0,230.41357920720026,272.38555269228357,244.35385665304875,261.3461538461538,270.0001922020545,228.96060115387027,256.059914756206
120.0,468.04174771675696,230.81592518160159,470.1874011520262,230.57692307692307,482.53107180962195,119.76099789532145,480.3854183743527
61.53846153846153,245.29715904822714,112.41278439656178,276.6553685814935,101.34615384615384,294.6094336876502,50.47183098805361,263.25122415438386
256.654376583497,253.18107895584777,276.7307692307692,249.0246538015512,281.6148541857337,272.6157936966462,261.53846153846155,276.77221885094275
150.76923076923077,327.3117975088266,181.91613177160966,334.27886451548807,175.19230769230768,364.33832608736475,144.04540668992877,357.37125908070334
52.30769230769231,422.01716202955976,82.34442718433324,427.7859516188357,76.73076923076923,457.0149524395282,46.694034354128284,451.2461628502523
120.0,307.2320820735051,144.8628707725533,311.26971949196354,141.34615384615384,332.9248780470628,116.48328307360056,328.88724062860433
39.873952214124024,63.871024512306086,332.1153846153846,62.61519918074974,332.24143240126057,91.94761075883966,40.0,93.203436090396
101.53846153846153,279.23877716064453,134.05066294168424,284.80550910169984,129.03846153846155,314.07900443443884,96.52626013523881,308.51227249338353
236.10276107330398,286.69001522579185,304.4230769230769,262.78499749990607,311.397238926696,282.7170869188896,243.07692307692307,306.6221046447754
98.16165450851982,467.80792687496483,119.8076923076923,467.6040539374718,120.10757626071094,499.4439806203871,98.46153846153845,499.64785355788007
205.490077676681,229.81688112251618,239.8076923076923,219.70723959115836,246.62530693870357,242.84992678576205,212.3076923076923,252.95956831711987
165.99330996937312,293.6511548310751,212.1153846153846,289.9844624445989,215.35284387678075,330.7073598079724,169.23076923076923,334.3740521944486
104.79197987376173,269.51967237573695,119.8076923076923,261.11320128807654,125.78494320316135,271.7898192953117,110.76923076923076,280.1962903829721
287.82917636190496,468.33556946392594,313.65384615384613,467.20293338482196,315.0554390227104,499.1599526683607,289.2307692307692,500.29258874746466
63.74429213126529,299.23818874057207,110.57692307692308,298.1324868935805,111.4480155610424,335.0281047667838,64.61538461538461,336.1338066137754
76.92307692307692,447.90461760300855,106.89548208354175,455.4260363230328,101.34615384615384,477.5397784893329,71.373748685689,470.01835976930863
101.53846153846153,94.04662939218375,140.41421044921628,106.95429443388274,132.1153846153846,131.9489831190843,93.23963570462985,119.04131807738528
224.6153846153846,294.17842131394605,336.9547661553162,300.761984506453,335.1923076923077,330.8358955383301,222.8529261523761,324.2523323458231
224.57917753311824,279.18664505822017,239.8076923076923,279.13058611062854,239.84389938995866,288.9663056688024,224.6153846153846,289.02236461639404
21.538461538461537,199.55746283897986,56.51043041466522,225.08176919953252,42.88461538461538,243.75109452467697,7.912646508411697,218.22678816412432
18.46153846153846,388.45841612953404,323.26338573677924,391.2770571331588,322.88461538461536,432.236477961907,18.082768109374623,429.41783695828224
307.6923076923077,114.66508571918193,348.48207983685444,127.28839773941532,341.3461538461538,150.34675157987155,300.5563817016071,137.72343955963817
270.7692307692308,454.5640475933368,289.8851586387139,455.33957365021513,289.03846153846155,476.2097952916072,269.9225336689784,475.4342692347289
40.0,228.2997967646672,69.70768512648677,239.54143480145717,61.34615384615385,261.6380133995643,31.63846871966708,250.39637536277434
284.89536718753567,93.8912790933605,310.5769230769231,92.8740670130803,311.83540204323356,124.64688856669247,286.15384615384613,125.66410064697266
141.53846153846155,139.1756175114558,184.25939942230306,158.58371783825925,175.19230769230768,178.54211953970102,132.47136980846614,159.1340192128976
15.384615384615383,34.215146532425514,311.0309539639326,42.175124659429535,310.5769230769231,59.03855910668006,14.930584497605878,51.07858097967604
