537.5853077398187,491.5010168090232,626.85,491.35818161964414,626.8646922601813,500.54009322973405,537.6,500.6829284191131
548.7904974169536,525.244390841165,626.85,525.1622656047344,626.8595025830464,534.1944089275213,548.8,534.2765341639519
397.59999999999997,519.5078275680542,454.15383803944695,521.236023061225,453.25,550.8134119033813,396.696161960553,549.0852164102106
397.59999999999997,426.9014358282089,458.9224252414698,427.0450411269501,458.84999999999997,457.9721134185791,397.5275747585302,457.8285081198379
526.4,501.99421176910397,626.9353720823477,503.0505511665732,626.85,511.1756992816925,526.3146279176523,510.1193598842233
554.4,580.7993412017822,626.9095732805105,581.1797174880722,626.85,592.5359279155731,554.3404267194894,592.1555516292831
582.4,430.52694854736325,626.9978354450427,430.87511394591627,626.85,449.8119206428528,582.2521645549573,449.46375524429976
548.8,514.1344069153071,626.8556652425681,514.1813245493632,626.85,523.6064434051514,548.7943347574319,523.5595257710951
515.1999999999999,546.4396909713745,627.0350360130145,548.6577901022572,626.85,557.9871788978577,515.0149639869854,555.769079766975
39.19557485857405,167.85776514399524,374.84999999999997,167.80021441206335,374.8544251414259,193.6090660398108,39.199999999999996,193.6666167717427
537.6,328.05843288898467,649.3103598853544,328.40151746941547,649.25,348.055051612854,537.5396401146455,347.7119670324232
543.1999999999999,536.5661585703492,626.8509357719286,536.5740495320248,626.85,546.4940314956009,543.1990642280714,546.4861405339253
576.7397843682694,474.4389384978484,621.25,474.17968063354493,621.3102156317306,484.5176920182038,576.8,484.7769498825073
39.160937705895336,209.08648860768952,285.25,208.89376479685305,285.28906229410467,258.77241386233294,39.199999999999996,258.96513767316935
162.4,270.50319068431855,397.71570755060384,272.8709897354084,397.25,319.1537609577179,161.9342924493962,316.785961906628
644.0,547.3565560817718,660.5500723752363,547.5187460839537,660.4499999999999,557.7302574634551,643.8999276247637,557.5680674612732
532.0,449.0268098413944,626.8651880658844,449.10656934611256,626.85,467.1711088836193,531.9848119341157,467.0913493789011
543.170823586581,349.8414713740978,638.05,349.540687084198,638.079176413419,358.7440735935536,543.1999999999999,359.04485788345335
604.5444268661954,-0.07538940937212353,666.05,-0.7966150283813477,666.3055731338045,20.998467755624564,604.8,21.71969337463379
313.59999999999997,472.58948318958284,374.9561476244892,472.8143718834092,374.84999999999997,501.7745174884796,313.49385237551087,501.5496287946532
