426.40164396971653,110.99120297053439,656.01,23.181751098632812,673.6083560302834,69.19877444645778,444.0,157.00822631835936
35.42960978118305,597.9927918003059,389.61,597.391571599245,389.70039021881695,650.64068551135,35.519999999999996,651.2419057124108
393.7087866306975,445.74341696059804,447.21900000000005,443.2016234893799,447.78221336930255,455.0584749232521,394.27200000000005,457.6002683944702
490.17600000000004,194.12702557182314,553.9653583663711,195.06389120815393,553.779,207.75266978645325,489.98964163362893,206.81580415012246
436.896,312.6623610563278,521.95408304295,313.4032243636747,521.811,329.8305048465729,436.7529169570501,329.089641539226
458.01636763726987,470.3984001882385,628.371,468.88343677139284,628.5626323627301,490.43211599275367,458.208,491.9470794095993
10.563440436617883,30.94300558684657,180.81900000000002,30.524902253508568,180.91155956338216,68.21601590895763,10.656,68.63411924229563
575.2969479802954,500.3938257477883,596.403,500.24287947463995,596.5300520197047,518.0079191882012,575.424,518.1588654613495
436.6982652855365,599.7336146358548,702.9630000000001,598.6637047777176,703.1607347144636,647.8732534981671,436.896,648.9431633563042
479.52000000000004,207.98241201782227,553.9767032084477,209.20755792527902,553.779,221.22272201728822,479.3222967915524,219.99757610983147
442.22400000000005,204.48300367927553,468.6084535325981,204.69899579536803,468.531,214.16030933189393,442.14654646740195,213.94431721580142
282.938688288855,281.51826851659615,308.69100000000003,266.2107464904785,324.12031171114506,292.16794870752494,298.368,307.4754707336426
436.8723289972166,228.99064377487286,452.547,228.93129810619357,452.57067100278346,235.1834002257528,436.896,235.2427458944321
193.7147852353524,202.8418799469091,452.547,105.9284605407715,466.6242147646476,143.52528353575693,207.792,240.43870294189455
223.56104460496968,484.00464929326574,250.08300000000003,483.40046325016027,250.29795539503036,492.8363604609152,223.776,493.44054650402074
208.43886402028525,425.9219537644776,527.139,372.3802085151673,531.8201359797148,400.24404945512697,213.12,453.7857947044373
81.43019634119672,448.1573119866898,170.163,436.6522229232788,173.9808036588033,466.096968687291,85.248,477.60205775070193
73.16205575570808,396.97767255966284,676.3230000000001,291.79260540390015,683.080944244292,330.54457031448277,79.92,435.7296374702454
511.33382364035526,498.19003961619876,564.4350000000001,497.3676209764481,564.5891763596449,507.32233949604495,511.48800000000006,508.1447581357956
