33.86666666666667,12.297021667659283,287.28185550532214,14.403427712916205,286.80833333333334,71.37141396800678,33.393144494677856,69.26500792274985
460.67611205202587,85.86156444122972,642.4083333333333,64.19349772135416,672.7988879479742,319.08208872903805,491.06666666666666,340.7501554489136
5.48870804448076,437.0633381858745,117.47500000000001,412.377174727122,162.78629195551923,617.9272829199554,50.8,642.6134463787079
10.16,615.478093394041,56.53902560115534,618.3612249621082,55.5625,634.069944729805,9.183474398844655,631.1868131617377
92.14785198082912,234.5708644334612,126.68249999999999,228.572407207489,136.13464801917087,282.9908339079084,101.6,288.9892911338806
508.31422738071194,389.57755747003705,548.3225,377.28791311264035,563.2482726192881,425.8779587347969,523.24,438.1676030921936
97.38658207286612,365.17847527723956,131.7625,359.1445413970947,141.05591792713386,412.0900622250492,106.67999999999999,418.12399610519407
502.91999999999996,556.9598894500732,562.9361330934972,567.1391325212257,553.4024999999999,623.3487925720215,493.3863669065027,613.1695495008689
502.56572337144826,511.9454378196647,548.3225,497.9729642677307,563.9167766285517,549.0407891395638,518.16,563.0132626914977
82.50515364127206,105.87383938322466,121.60249999999999,103.13236588954925,125.45734635872793,158.1080071257551,86.36,160.84948061943052
533.4,432.5858749961853,565.0571771951908,444.0102380778414,548.3225,490.38241983413695,516.6653228048092,478.9580567524808
177.33709238900533,620.9802442709126,263.8425,617.478117723465,264.3054076109946,628.9123166402659,177.79999999999998,632.4144431877136
614.6702617958002,622.6345354646214,715.9625,622.5176819497347,715.9722382041997,630.9590583211412,614.68,631.075911836028
