111.9731527013384,145.97322296081506,150.6346153846154,145.84429556131363,150.66146268327697,153.89499571787943,112.0,154.02392311738086
5.867739823722027,243.88437763672263,53.71153846153846,228.69783269442044,58.61302940704721,244.13952444938857,10.769230769230768,259.32606939169074
-2.6432646829656594,38.18235186530251,230.32692307692307,-13.722901124220627,232.97018775988874,-1.858940657369815,0.0,50.04631233215332
109.30829435376887,54.560832577050235,234.90384615384613,12.865243618304913,239.74939795392342,27.461026225158296,114.15384615384615,69.15661518390363
116.29974505378975,115.68540236386087,198.01923076923077,115.62260051644765,198.0271780231333,125.96378518723407,116.3076923076923,126.02658703464728
137.6779194088525,80.08022553475848,221.71153846153845,69.75204012944148,224.03361905268596,88.64527530564867,140.0,98.97346071096567
172.4033247909653,234.40106112529375,219.5576923076923,221.7796456997211,223.7697521321116,237.51615466215364,176.6153846153846,250.1375700877263
107.6923076923077,125.59944754380446,205.0643734081076,130.1582317457764,204.48076923076923,142.62356061201828,107.1087035149693,138.06477641004636
35.737841968725476,334.95189343394543,206.6346153846154,275.7559832793016,211.81985033896683,290.7255972405869,40.92307692307692,349.9215073952308
228.3076923076923,315.93860215407153,240.0399102475805,321.3226884979976,234.90384615384613,332.51445242074817,223.17162821395794,327.1303660768221
-5.213356676633753,95.31544447602215,77.40384615384615,66.49537013127254,82.61720283047991,81.44026377827848,0.0,110.26033812302809
0.0,-0.44574066308828497,114.05761463663664,0.10938921225963272,114.01923076923076,7.995782201106731,-0.038383867405877924,7.440652325758814
66.25377867247694,73.04477411956888,139.8653846153846,65.27526928828313,142.5346828659846,90.56534056490283,68.92307692307692,98.33484539618858
114.15384615384615,332.649324628023,152.81225859951255,332.86301297191096,152.78846153846155,337.16814531729773,114.13004909279515,336.9544569734097
72.48848829465803,38.70380333699359,116.17307692307692,32.6129093170166,119.06920401303427,53.38426408455276,75.38461538461539,59.47515810452975
18.75343257320113,290.21081551241997,157.09615384615384,243.0186739701491,162.0350289652604,257.4968773674769,23.69230769230769,304.6890189097478
21.304890319015474,129.1846872558418,217.40384615384616,93.5642868922307,219.79126352713834,106.70759941161518,23.69230769230769,142.3279997752263
-4.659508987210328,197.62545205143616,126.9423076923077,154.28318918668307,131.601816679518,168.43103950693222,0.0,211.7733023716853
207.87870289084398,116.0984067955912,234.6346153846154,114.36394493396465,235.6789894168483,130.47452126626087,208.9230769230769,132.20898312788742
53.408374055790084,228.5057417951314,198.01923076923077,179.57297310462363,202.76470286728684,193.5972518032197,58.15384615384615,242.53002049372745
228.3076923076923,163.34121975531943,235.12430654757193,163.4644370164059,234.90384615384613,175.66072709743793,228.08723191396652,175.53750983635146
146.46153846153845,136.93999184094943,176.8377228332736,137.69716295434603,176.48076923076923,152.01742458343506,146.10458485903408,151.26025347003846
149.7177448280395,343.16007540807647,191.5576923076923,338.3666922495915,192.60917824888355,347.5447852791794,150.76923076923077,352.3381684376643
