18.666666666666668,1.555027558313062,577.5498701322915,2.0138268778929964,577.5,62.76278203725815,18.6167965343752,62.30398271767822
16.33595648420086,636.1057092570177,652.1666666666667,613.7702471415203,654.4973768491326,680.1193158504456,18.666666666666668,702.4547779659431
354.13095417663595,490.1770235632502,409.5,489.6267526944479,410.0357124900308,543.5309135184048,354.6666666666667,544.081184387207
352.47652650946065,224.8615778254012,430.84999999999997,223.80732269287108,431.1734734905393,247.85438706412515,352.8,248.90864219665528
560.0,458.95205574035646,644.9755743469042,462.11518037148073,643.65,497.72599391937257,558.6744256530958,494.56286928824824
352.8,284.5977217197418,464.667774682286,285.4943752477117,464.45,312.6642556190491,352.58222531771395,311.7676020910792
212.54662984177048,224.7162013225192,296.45,223.8385633945465,296.7033701582295,248.0610924072629,212.79999999999998,248.9387303352356
72.29951700416177,225.30063720828718,150.85,223.65879259109497,151.3504829958382,247.60331245773605,72.8,249.24515707492827
44.5364888073133,285.37132071976987,156.45,284.29387097358705,156.7135111926867,311.6644865560022,44.8,312.741936302185
498.4,200.55122065544128,699.7764120002798,201.41346121325057,699.65,230.93700289726257,498.2735879997201,230.0747623394533
55.94750846694766,363.3020051233972,156.45,362.5217117428779,156.50249153305234,369.28266856739873,56.0,370.0629619479179
363.94552203180905,362.5693645649049,447.65,362.00838298797606,447.70447796819093,370.137081105223,364.0,370.6980626821518
413.06042523780474,494.199036550162,492.45,492.3948705673218,493.7895747621953,551.3408166412137,414.4,553.1449826240539
498.37207775184845,239.6702618451092,699.65,239.39547135829926,699.6779222481515,259.84789734173086,498.4,260.1226878285408
571.1999999999999,424.8427243232727,638.4875630042187,425.5755559026362,638.05,465.75197439193727,570.7624369957813,465.01914281257376
487.2,585.6172204971314,516.5740142961668,598.1317541601912,503.65,628.4668981552123,474.27598570383327,615.9523644921525
509.2705731792412,266.8220672036472,677.25,265.47321925163266,677.5794268207588,306.49854641901817,509.59999999999997,307.8473943710327
346.9458718130391,324.23655944354044,453.25,323.45183095932003,453.5041281869608,357.87759210579884,347.2,358.6623205900192
587.9863924036708,492.29113949717873,643.65,492.2745645135641,643.6636075963291,537.9728240114272,588.0,537.9893989950418
218.4,135.73260660171508,325.5740949262731,140.78119438816563,324.45,164.6440767288208,217.27590507372688,159.59548894237025
44.69521753878414,323.2504514824755,324.45,322.428891825676,324.55478246121584,358.1090696442716,44.8,358.9306293010712
179.2,284.6476117968559,324.4847625541767,284.82947581169253,324.45,312.60005722045895,179.16523744582324,312.41819320562234
288.9588212870884,112.4530128091177,386.05,102.93902626037597,388.2911787129116,125.81047786776217,291.2,135.3244644165039
201.8593896409628,188.542066550676,274.05,153.61875095367432,284.9906103590372,176.2342823262771,212.79999999999998,211.15759792327881
190.3818066365396,362.9798735698689,307.65,362.6836874127388,307.6681933634604,369.88693716917146,190.4,370.18312332630154
363.4656846401546,578.8470731088605,425.25,576.4805374145508,425.7843153598453,590.4301722219501,364.0,592.7967079162597
341.34407404904925,149.63796394266336,363.65,148.97789239883423,363.90592595095075,157.62644779287132,341.59999999999997,158.28651933670042
