57.5864798719209,574.2699505765287,185.2,574.0818571567536,185.2135201280791,583.2546987097414,57.6,583.4427921295166
57.57839888970394,485.26776572135884,210.8,484.9939907550812,210.82160111029606,497.08332364889185,57.6,497.35709861516955
70.38226344027703,505.49481833801957,172.4,505.3861606836319,172.41773655972298,522.0388639606407,70.4,522.1475216150284
57.4171449247951,76.15850712873217,255.6,74.62620162963867,255.7828550752049,98.27601616762402,57.6,99.80832166671753
70.38551485844356,586.3616326010444,153.2,586.2293244123459,153.21448514155645,595.2958799445412,70.4,595.4281881332397
70.12370685500744,529.3573104790562,178.8,527.7521572113037,179.07629314499258,546.4584797927029,70.4,548.0636330604553
185.6,101.04973678588867,249.46009084550943,101.90001569355573,249.2,121.43410606384278,185.33990915449058,120.58382715617572
70.4,562.3918941497802,153.21612470582863,562.5328597354332,153.2,572.0059920787811,70.38387529417138,571.8650264931282
57.6,597.3528904080391,153.2322765732177,597.620227061212,153.2,609.1662763595581,57.56772342678232,608.8989397063852
63.97951477357897,453.6034153399235,89.2,453.5465368509293,89.22048522642103,462.62988908913076,64.0,462.686767578125
102.4,438.030219745636,128.02352482539465,438.31141537113047,127.6,476.9044726371765,101.97647517460534,476.62327701168203
57.59415129193569,549.462681259345,191.6,549.3921075820923,191.60584870806431,560.4976800634156,57.6,560.5682537406683
