170.66666666666666,16.34974428017934,638.7810310403441,17.0570968375438,638.6666666666666,92.74157063166301,170.55230229298914,92.03421807429855
21.212083801589745,725.8171248017825,702.6666666666666,724.495180606842,702.7879161984102,786.9986125922127,21.333333333333332,788.3205567871531
236.8,417.6917778015137,397.0234793078254,424.9700594194248,396.4,438.69528045654295,236.17652069217456,431.41699883863186
236.75758631490976,661.8756724933514,415.6,661.4073523521423,415.6424136850902,677.6043192287555,236.8,678.0726393699646
275.2,438.979052734375,307.0389402662896,439.51880283562997,306.8,453.6134826660156,274.9610597337104,453.0737325647607
256.0,464.71889877319336,377.723296756958,470.84349543363095,377.2,481.2437568664551,255.47670324304198,475.11916020601745
236.8,681.7388870954513,550.0078712678641,681.935012381815,550.0,694.5052581548691,236.79212873213586,694.3091328685055
249.6,393.47354049682616,365.2002286710205,397.7594016343078,364.4,419.3435394287109,248.7997713289795,415.0576782912293
332.8,442.3851270675659,358.1002033133606,442.5660302008487,358.0,456.5799621582031,332.6997966866394,456.39905902492035
281.6,481.41992568969727,339.95259428021944,484.9427985794893,338.8,504.03428115844724,280.44740571978053,500.5114082686552
-9.923423463463028,71.2530953037438,70.0,4.6764892578125,86.32342346346303,24.272319735318696,6.4,90.84892578125
249.6,451.65593376159666,377.8071560202333,458.6374967038517,377.2,469.78711280822756,248.99284397976666,462.8055498659725
