426.6666666666667,722.4640676180521,766.7402327741103,722.8099275768869,766.6666666666666,795.1452409426371,426.5931005592231,794.7993809838023
-5.333861408944514,62.57417378736267,126.66666666666667,-1.2067159016927083,153.3338614089445,53.98354258226624,21.333333333333332,117.76443227132161
21.333333333333332,729.2104212443033,91.17168764388356,736.7508183589757,84.0,803.1742248535156,14.161645689449777,795.6338277388433
95.99857432498679,720.2795868416737,338.8,720.2685880124569,338.8014256750132,751.7406582603742,96.0,751.751657089591
312.86125049374357,648.7564472099954,409.2,644.7239349365234,409.9387495062564,662.3730327704734,313.6,666.4055450439453
358.4,576.7649688720703,402.8333485617358,576.8731944772975,402.8,590.5648551940918,358.36665143826417,590.4566295888646
460.8,584.7122741699219,512.0320447405913,586.3123922645904,511.6,600.1454559326172,460.3679552594087,598.5453378379486
70.4,750.3667211532593,243.95466953802415,754.6920222588035,242.8,801.0236614227294,69.24533046197584,796.6983603171852
736.0,42.96325035095215,786.8605584317862,43.096679103529695,786.8,66.18042678833008,735.9394415682139,66.04699803575252
358.1071659306401,561.1258460246113,415.6,559.9092681884765,415.89283406935994,573.7479721821758,358.4,574.9645500183105
313.42605213456494,619.3718748140175,364.4,618.6844425201416,364.57394786543506,631.582890124337,313.6,632.2703224182129
735.8593945569071,17.43195546996208,780.4,17.160867309570314,780.540605443093,40.26276727784066,736.0,40.53385543823242
313.40288114587236,606.8964804802714,358.0,606.1141387939454,358.19711885412767,617.3508313025656,313.6,618.1331729888916
460.75284765723353,570.374961328117,524.4,570.1631385803223,524.4471523427665,584.3311747078021,460.8,584.542997455597
428.8,638.0144584655761,506.19707247221777,642.7111454607832,505.2,659.1419807434082,427.80292752778223,654.4452937482012
441.6,612.14521484375,460.85687977556654,612.9432752299566,460.4,623.9676025390625,441.14312022443346,623.1695421528559
