221.11705651433272,387.5851814136703,540.1666666666667,374.0040451685588,543.049610152334,441.73048414927734,224.0,455.31162039438885
110.42531572194345,282.7113055675115,353.5,277.47869896888733,355.07468427805657,350.62883485467387,112.0,355.86144145329797
582.4,650.3657292742282,643.6507419977377,650.3693275310137,643.65,662.9998635668308,582.3992580022623,662.9962653100453
554.4,674.7372525691986,682.9681174021222,675.6619279658192,682.85,692.0851312637329,554.2818825978778,691.1604558671122
515.1999999999999,627.9371204257011,694.0628806628723,628.0207919175432,694.05,655.5555282473564,515.1871193371277,655.4718567555143
11.2,33.43055361509323,129.58496197933002,39.37620893448629,128.45,61.97463140487671,10.065038020669988,56.02897608548364
520.8,660.3690171718597,694.0917864918198,660.8442090519452,694.05,676.0828023910523,520.7582135081802,675.6076105109668
5.6,62.882668459415434,145.5208235095804,64.3320380174768,145.25,90.4770941734314,5.329176490419591,89.02772461537002
165.60351680202555,273.50886008393684,195.65,265.07514572143555,198.04648319797445,273.613008049608,168.0,282.0467224121094
313.59999999999997,463.64806483983995,386.21539320465695,463.8863627929744,386.05,514.2858413934707,313.43460679534303,514.0475434403362
201.6,386.93431930541993,261.14365753854395,411.2569079510606,240.45,461.91664962768556,180.90634246145606,437.5940609820449
250.02074037042144,344.41007206377697,313.25,340.53174057006834,315.22925962957856,372.80002944531725,252.0,376.6783609390259
397.59999999999997,448.38080043792723,439.6688367463846,457.8990882744956,430.84999999999997,496.8764978408813,388.7811632536153,487.358210004313
134.4,461.4998176574707,314.72169266113656,467.08606726616574,313.25,514.5916623115539,132.9283073388634,509.0054127028589
