-15.194230162243924,153.78191020655888,20.366666666666667,141.30865542093915,42.49423016224392,204.3937134964441,6.933333333333334,216.86696828206382
58.195152251269015,28.656687431381386,99.71,28.420551323890685,99.75484774873098,36.305188198043666,58.24,36.54132430553436
110.24,79.06698063850402,143.48035224643186,79.57409181722922,143.39,85.49654161453248,110.14964775356815,84.98943043580728
58.229579067439424,40.63322026002822,201.63,40.487905610799785,201.64042093256057,50.77156333994451,58.24,50.91687798917293
164.18755699462946,220.68302994463252,201.63,219.56463375091553,201.76244300537053,223.9986524894495,164.32,225.1170486831665
83.15398413322356,54.943407443374376,201.63,54.28158197402954,201.67601586677645,62.519065744072215,83.2,63.18089121341705
35.36,192.7380319660902,49.84527881135667,192.78600289666687,49.79,209.47796582579613,35.30472118864333,209.42999489521944
34.79128238163661,175.39284893328448,47.71,174.93712641716002,48.27871761836339,191.05900334065655,35.36,191.514725856781
160.04223925062533,158.69776391146203,174.59,158.51082410812378,174.70776074937467,167.67503192784767,160.16,167.86197173118592
35.36,153.12395530700684,57.52383558911032,161.20659370369208,49.79,182.4139584350586,27.626164410889672,174.33132003837335
6.636500249721446,131.1530669413548,16.509999999999998,130.13450076103211,18.193499750278555,146.45355266466325,8.32,147.47211884498597
149.7447751967381,79.200187550614,201.63,79.06895454883575,201.6452248032619,85.08834242480027,149.76,85.21957542657852
35.36,211.959779548645,49.92939220640101,212.09469470817962,49.79,227.14756002426148,35.22060779359898,227.01264486472687
