472.32,346.0777878570557,509.39131353089414,351.7711418745976,506.52000000000004,370.46721519470213,469.4486864691059,364.77386117716026
253.44,564.6651635742188,276.53194763892054,565.3511109781809,276.12,579.2190449523926,253.0280523610795,578.5330975484304
253.44,277.1164723205566,484.055865717709,283.56370574866895,483.48,304.1622729492188,252.86413428229105,297.71503952110646
368.62482779768845,341.01073550171316,414.36,340.9529831457138,414.37517220231155,352.96813427501263,368.64,353.025886631012
464.18405921695216,206.65385834545745,495.0,189.74933349609375,514.6559407830479,225.58094145923005,483.84000000000003,242.48546630859377
199.49878414310885,457.95042288635517,247.32000000000002,454.6973213195801,249.42121585689117,485.58559670593,201.6,488.8386982727051
74.30269057911065,533.1700922322867,137.88,531.9415899467468,138.45730942088937,561.8184409021737,74.88000000000001,563.0469431877136
311.04,152.79121582031252,336.01039112168047,155.77971181788112,333.72,174.91708465576173,308.7496088783196,171.92858865819312
74.23838633938475,565.3878312548611,137.88,564.1113899803162,138.52161366061526,596.1013683072116,74.88000000000001,597.3778095817567
63.36,114.30236824035644,144.40583095925328,116.83550623404648,143.64000000000001,141.33768756866456,62.59416904074672,138.80454957497452
74.15532545324157,348.1913774757757,137.88,346.74561103820804,138.60467454675842,378.6869042129145,74.88000000000001,380.13267065048217
412.7663484661042,158.5945608559052,437.40000000000003,155.9766632080078,439.35365153389586,174.3599529990753,414.72,176.97785064697266
74.88000000000001,314.0574119281769,132.56207512051049,314.9042898069053,132.12,345.01466457366945,74.43792487948951,344.167786694941
299.52000000000004,681.2255229949951,369.2505610762126,685.7391696878482,368.28000000000003,700.7332028961182,298.5494389237874,696.2195562032651
380.16,641.4842171859741,414.417080923167,641.6270023661384,414.36,655.3218816375733,380.102919076833,655.179096457409
281.96320782614043,451.4317000591581,466.2,449.908000831604,466.4767921738596,483.3760903918917,282.24,484.8997896194458
63.27327722082813,142.31921778711933,126.36,142.1504473900795,126.44672277917188,174.5676012524639,63.36,174.73637164950372
339.84000000000003,495.02739990234375,559.9371398074653,503.2273068852884,558.36,545.5599774169922,338.2628601925347,537.3600704340477
