440.0,35.18086574971676,738.8095415561628,35.500449069724525,738.75,91.17164336144924,439.9404584438372,90.85206004144148
299.8667242439979,241.883659912846,748.75,241.14203192293644,748.8832757560019,321.8095077289128,300.0,322.5511357188225
38.13650182163441,689.8860133472439,258.75,683.3803558349609,260.61349817836555,746.5734844621661,40.0,753.0791419744492
319.7643624489201,679.1065786428146,698.75,677.8632709383965,698.9856375510798,749.6904197686024,320.0,750.9337274730206
83.9203675463899,363.38129257170976,233.625,362.52463442087173,233.70463245361012,376.44074224920456,84.0,377.29740040004253
107.92192087647798,436.6102161140715,209.625,435.85924994945526,209.70307912352203,446.4334777264322,108.0,447.18444389104843
101.91428970423482,459.0142422757689,215.625,458.08534920215607,215.7107102957652,468.5775994815287,102.0,469.50649255514145
101.94180704856595,406.81868006777876,215.625,406.1540543138981,215.68319295143405,416.10786739992983,102.0,416.7724931538105
120.0,244.86119729094207,191.63318207472088,244.9148601791571,191.625,255.83689713478088,119.99181792527912,255.78323424656585
72.0,140.8728576656431,233.65275739660905,141.03210294284412,233.625,169.20913763344288,71.97224260339094,169.04989235624188
119.47094289238545,350.0105185229963,191.625,346.83189582824707,192.15405710761456,358.8413793127352,120.0,362.02000200748444
101.9399004202496,388.8757836489361,209.625,388.16074803471565,209.68509957975044,397.21180661335774,102.0,397.92684222757816
150.0,174.2907314300537,236.24658015530875,182.12740839554033,233.625,210.9792194366455,147.37841984469128,203.1425424711589
114.0,525.0626865774393,197.67939562766418,525.3930291661687,197.625,539.1720373928547,113.94560437233581,538.8416948041254
288.0,180.50678127631545,749.6470000382183,180.7829344148625,749.625,217.56054157018661,287.97799996178173,217.28438843163957
114.0,293.3516056537628,191.8586766554255,294.9473117062539,191.625,306.34900760650635,113.76632334457449,304.7533015540153
