21.333333333333332,625.6357968648275,200.36530870751312,759.4359060668033,169.33333333333334,800.9584121704102,-9.698642040846437,667.1583029684343
81.33371491246417,76.59566162925194,169.33333333333334,70.89400990804036,173.33295175420247,132.62434912819435,85.33333333333333,138.32600084940592
42.666666666666664,722.7931315104166,110.61191255653932,769.2504445646952,84.0,808.1711832682291,16.054754110127348,761.7138702139506
224.0,448.61376953125,281.29223671974427,448.9829485179257,281.2,463.29700260162355,223.90776328025572,462.92782361494784
217.4424542657868,417.9146419641664,281.2,417.3665958404541,281.3575457342132,435.69485129144886,217.6,436.2428974151611
179.10528092576132,496.0975664652109,319.6,495.1128122329712,319.69471907423866,508.6263664685965,179.2,509.6111207008362
217.6,434.65181770324705,281.22133038680516,434.79633222113387,281.2,444.18685994148257,217.57866961319482,444.04234542359575
427.9196078479461,446.98350752453564,716.4,440.38966064453126,717.2803921520539,478.90676270861866,428.8,485.50060958862304
486.4,358.0353614807129,652.7366914058898,359.7990021653037,652.4,391.5538459777832,486.0633085941102,389.7902052931924
204.74367213737509,481.4968091755478,294.0,481.10741157531737,294.0563278626249,494.0186831683548,204.8,494.4080807685852
428.8,427.8648231506348,480.1111050849534,428.92104876538025,479.6,453.7503715515137,428.2888949150466,452.6941459367682
486.4,393.6056678771973,646.0531290563847,394.29634361888463,646.0,406.5773889541626,486.3468709436153,405.88671321247523
531.2,509.0611921310425,703.7637421190987,509.8766164056342,703.6,544.5284580230713,531.0362578809014,543.7130337484796
198.4,465.81201629638673,300.61119025155796,467.38209276295856,300.4,481.13047218322754,198.18880974844203,479.5603957166557
172.3749496090514,513.2634852753939,319.6,508.7531173706055,320.0250503909486,522.627388061398,172.8,527.1377559661865
63.17110854906283,138.38347549381402,178.8,136.7160171508789,179.62889145093715,194.1949940687165,64.0,195.86245241165162
216.87449848438618,368.2442931939155,281.2,367.33399772644043,281.9255015156138,418.60114175786674,217.6,419.5114372253418
550.4,554.0648696899414,697.6728872083276,556.1407728482616,697.2,589.6892860412597,549.9271127916725,587.6133828829396
