11.769678752053824,198.25630475556108,107.42307692307692,129.34683432945837,117.19185970948463,142.90690471944268,21.538461538461537,211.81637514554538
314.1089514738882,312.7486098511735,520.9615384615385,170.16907295813925,529.9295100645733,183.17969262028078,323.07692307692304,325.75922951331506
133.03578078231632,72.88605931017148,184.96153846153845,37.75655482365535,198.3872961407606,57.60148717044751,146.46153846153845,92.73099165696364
130.00655085996576,116.08802305403525,228.03846153846152,49.79350229410024,235.87806452464963,61.3861837236841,137.84615384615384,127.6807044836191
328.1616812119693,254.55585993384554,370.1923076923077,247.29860863318808,373.72293417264603,267.74635622920283,331.6923076923077,275.0036075298603
174.743207001942,612.0963728859633,340.03846153846155,498.22275059039777,354.833716074981,519.6990619190998,189.53846153846152,633.5726842146653
369.58811272454017,227.52682987023033,486.5,150.9383493570181,500.2965026600752,171.99863352745595,383.38461538461536,248.58711404066818
13.587526398656296,149.87536627062917,111.73076923076923,91.03304378802959,123.98939667826677,111.47923624965325,25.846153846153847,170.32155873225284
167.69792342659852,662.9867668429628,387.4230769230769,511.0015580103947,396.340538111863,523.893539694372,176.6153846153846,675.87874852694
107.17282896679814,89.65234743527019,146.19230769230768,58.740388283362755,159.63486334089416,75.70862739007536,120.61538461538461,106.62058654198279
