32.0,1027.6888217926025,207.43429858268985,1136.0993283648152,158.0,1216.0959243774414,-17.434298582689856,1107.6854178052288
32.0,17.082784164696932,1150.19309856097,19.036064093718615,1150.0,129.57909226417542,31.806901439030067,127.62581233515374
32.0,974.9591572284698,1192.2598341066673,1069.1232035632725,1182.0,1195.541660308838,21.740165893332758,1101.3776139740353
32.0,712.6208817958832,358.5107040182338,733.8428675918315,350.0,864.7842407226562,23.48929598176621,843.562254926708
544.0,774.0425300598145,641.740158516665,776.955134137316,638.0,902.4660778045654,540.259841483335,899.5534737270639
691.009201567598,479.3676201246827,757.8,478.82598037719725,757.9907984324019,502.3537582017333,691.1999999999999,502.8953979492187
757.1957999971634,480.53158648050015,1189.8,459.24341011047363,1191.0042000028366,483.7143638368826,758.4,505.00254020690915
105.25801886418472,369.99059532732406,229.79999999999998,368.2010307312012,230.14198113581529,392.0006791248854,105.6,393.79024372100827
854.312229227042,802.2803527586914,1055.3999999999999,801.3133626937865,1055.487770772958,819.565493417456,854.4,820.5324834823608
201.5760691076347,626.1361625613841,335.4,625.9988689184189,335.42393089236526,649.3249750433292,201.6,649.4622686862946
1102.3209676440968,404.70161157602087,1141.8,403.0350036621094,1143.4790323559032,442.8083493614791,1104.0,444.4749572753906
892.8,407.52623291015624,925.0181730227761,411.50409247233995,921.0,444.04877929687495,888.7818269772239,440.0709197346913
412.79999999999995,567.6681159496308,537.098687368017,568.1881674323287,537.0,591.7756596565247,412.701312631983,591.2556081738268
998.4,327.2029249191284,1069.3932240064823,347.98421301919024,1065.0,362.99238452911374,994.0067759935176,342.2110964290519
805.8704631452144,287.30046646661145,844.1999999999999,285.71865062713624,844.7295368547855,298.5500447028221,806.4,300.1318605422974
297.4642526129644,342.5852401569061,508.2,341.3404658317566,508.33574738703555,364.32200271342475,297.59999999999997,365.56677703857423
489.5586263232023,230.4636502750563,700.1999999999999,230.06769332885742,700.2413736767976,252.0776825420213,489.59999999999997,252.47363948822021
854.3108476631126,780.1994047229164,997.8,779.5404521942138,997.8891523368874,798.9536765034323,854.4,799.6126290321349
758.4,229.84221954345702,882.973975794715,231.8973002590205,882.5999999999999,254.5667999267578,758.026024205285,252.5117192111943
360.78847003787394,287.57240028145833,393.0,275.06313171386716,397.011529962126,285.3928737663932,364.8,297.9021423339844
652.8,404.35357704162595,729.187122030247,404.7440065155991,729.0,441.35423784255977,652.612877969753,440.9638083685866
470.4,511.4203285217285,519.6355698289868,513.1032598021397,517.8,566.8043987274169,468.56443017101316,565.1214674470057
412.6958561747979,492.2105902302052,537.0,491.64553127288815,537.1041438252021,514.5555459869121,412.79999999999995,515.1206049442291
499.2,403.36143836975094,527.7680852084212,403.66701435441746,527.4,438.0790431976318,498.8319147915788,437.77346721296533
988.7462915858492,284.46443453595765,1084.2,284.22441959381104,1084.2537084141507,305.5842035217511,988.8,305.8242184638977
8.561721037916644,468.29879493005774,633.0,452.28107872009275,634.0382789620834,492.7575810920427,9.6,508.77529730200763
566.4,295.2991853713989,594.7309184332963,295.6255414617117,594.6,306.9905490875244,566.2690815667036,306.66419299721167
595.1999999999999,316.43818359375,623.4653807260836,316.58983786770335,623.4,328.77552223205566,595.1346192739164,328.62386795810227
144.0,538.9236292362212,297.36730698297083,541.2159774242849,297.0,565.7902908325195,143.63269301702917,563.4979426444559
672.0,546.2401330947876,805.9613409786616,547.0860577667231,805.8,572.6361505508422,671.8386590213382,571.7902258789068
700.8,-1.1820416450500488,854.006034448113,-0.3167956136035109,853.8,36.16499061584472,700.5939655518869,35.29974458439819
1161.4524217445812,399.5084123944148,1199.3999999999999,388.94239540100097,1209.1475782554187,423.9505719805852,1171.2,434.516588973999
