452.3940238909431,539.7470489238659,530.0749999999999,539.6962559401989,530.0809761090569,548.8359038079818,452.4,548.8866967916489
535.5580757257405,550.1268819455319,571.675,549.9646417975425,571.7169242742594,559.2975711460895,535.6,559.4598112940788
61.38345693478986,301.53963280815515,296.075,294.30856690406796,297.09154306521015,327.3014981995162,62.4,334.53256410360336
426.4,458.93555253148077,556.1054287849353,459.138068812373,556.0749999999999,478.6267666101455,426.3695712150647,478.4242503292533
56.865598374874125,140.84893534977087,275.275,138.84108272790908,275.6094016251259,175.21649098794808,57.199999999999996,177.22434360980986
332.79999999999995,438.8088119029999,556.2573752618401,440.8971539482661,556.0749999999999,460.4117240905762,332.61762473815986,458.32338204530987
88.39999999999999,462.23866014480586,325.5673390747828,478.8275460602295,322.075,528.7566835403442,84.90766092521719,512.1677976249206
452.39659742270584,502.32982653894464,524.875,502.29632529169317,524.8784025772941,509.65764426222995,452.4,509.69114550948143
473.1779771086822,420.5771182454645,504.075,420.4986418664455,504.09702289131775,429.1692990206659,473.2,429.2477753996849
72.57613466506083,440.03926116236937,296.075,437.56489753723145,296.2988653349392,457.78571223011716,72.8,460.2600758552551
55.78416413331155,221.93857509823727,311.67499999999995,212.07631483078,313.0908358666884,248.81225705412933,57.199999999999996,258.6745173215866
436.7986893803235,509.35218813969266,540.475,509.3329225376248,540.4763106196765,516.3859184526793,436.79999999999995,516.4051840547472
57.199999999999996,55.28135364055633,390.54049707732537,63.95114519753591,389.67499999999995,97.2282112121582,56.33450292267459,88.55841965517862
410.47438615303275,551.3571382208393,436.47499999999997,550.5086351633072,436.8006138469672,560.4863951997235,410.79999999999995,561.3348982572555
462.3118329186388,552.2467990848469,514.475,549.5591922283172,514.9631670813611,559.0339191463543,462.79999999999995,561.7215260028839
442.0,402.26442581415176,535.3235227737566,402.5794671511342,535.275,416.9531878352165,441.95147722624336,416.638146498234
499.1412908776878,524.5030790534807,540.475,524.2117994785309,540.5337091223122,532.5428531917737,499.2,532.8341327667237
