511.89204242922676,551.264545085326,1150.0,550.4788872003555,1150.1079575707731,638.161562202081,512.0,638.9472200870514
639.7167851590316,1131.0740470080436,958.0,1129.6331553459167,958.2832148409684,1192.1933966488778,640.0,1193.6342883110046
1151.5806348519243,1131.8137035017583,1342.0,1130.5055332183838,1342.4193651480757,1191.548996960583,1152.0,1192.8571672439575
462.7692307692308,959.1064453125,542.7560595870934,965.9151558977496,540.9230769230769,987.4485238882212,460.93624810521425,980.6398133029714
354.3283498058885,959.4028067986496,393.2307692307692,959.0996533907377,393.3639578864192,976.1912011335733,354.46153846153845,976.4943545414851
177.04802339078444,1002.1547008056533,225.84615384615384,1001.6216413057767,226.02889968613863,1018.3508344667982,177.23076923076923,1018.8838939666748
253.97216673967006,992.9222184826405,403.0769230769231,975.6546900822566,405.10475633725304,993.1649890181108,256.0,1010.4325174184946
196.499292461961,931.3789731546368,334.15384615384613,928.2840875478892,334.577630614962,947.133204532788,196.92307692307693,950.2280901395358
206.76923076923077,902.4335401975192,304.74542209005773,903.0596771380419,304.61538461538464,923.4075845571665,206.63919329455763,922.7814476166436
195.4371692564629,958.9808273215292,294.7692307692308,950.2448032085712,296.2551384358448,967.1401631382064,196.92307692307693,975.8761872511643
452.9230769230769,986.063591003418,541.3730051384417,987.9600806720318,540.9230769230769,1008.9441751333384,452.47314870771214,1007.0476854647245
245.84190033116434,1135.4353632312645,452.3076923076923,1134.1526295588567,452.61963813037414,1184.362694765045,246.15384615384616,1185.6454284374531
175.75708069439878,983.9487160819481,255.3846153846154,976.0815576406626,256.8583039209858,990.9975131191487,177.23076923076923,998.8646715604342
