31.200000000000003,31.423427174985413,1155.2299539848323,50.56403515294644,1152.45,213.81650619506837,28.42004601516798,194.67589821710735
530.4000000000001,575.9228965044022,965.8844645007595,579.8078920219069,965.2500000000001,650.9275193452836,529.7655354992407,647.0425238277788
982.8000000000001,287.63347300529483,1048.0207682577975,289.11400408674797,1047.7350000000001,301.7027471065521,982.5142317422026,300.22221602509893
935.9167969605115,502.0255665492401,972.855,501.8061022424698,972.9382030394885,515.8100685883179,936.0,516.0295328950882
65.10885533713174,502.8655829413807,102.375,501.8157382822037,102.78614466286828,516.410065499934,65.52,517.459910159111
580.2279031432086,658.4135362300062,1029.015,656.9381592464447,1029.1070968567915,684.9526134839869,580.32,686.4279904675484
467.9113848928931,902.8139782771317,504.855,902.6728803992272,504.9436151071069,925.8749473491463,468.0,926.0160452270508
1123.2,288.78429465293885,1150.7918404354743,289.0325116804965,1150.6950000000002,299.7973083972931,1123.1031595645259,299.54909136973544
205.92000000000002,800.8260218475759,280.22465678122023,800.8574046595899,280.21500000000003,823.7216340938955,205.9103432187798,823.6902512818816
65.21783600846211,430.0227837689498,111.735,428.9164607834816,112.0371639915379,441.6214412741086,65.52,442.7277642595768
926.4870445982738,233.96503496717537,954.135,233.58753599166872,954.2879554017263,244.78996142793574,926.64,245.1674604034424
1132.1642129739912,429.39578525908377,1160.055,428.60521675586705,1160.4507870260088,442.56834785096265,1132.56,443.3589163541794
963.938906284671,429.3772156445814,991.575,429.0313744068146,991.7160937153291,440.30614072634455,964.08,440.65198196411137
243.23337061059837,353.98351800579326,270.855,353.7843195104599,270.98162938940163,371.3432376037191,243.36,371.54243609905245
