354.8206670306018,114.9741601996337,412.0833333333333,114.447638519605,412.72933296939823,184.7043116914516,355.46666666666664,185.2308333714803
17.2,39.222997304499145,72.08816144420983,39.51247598635033,72.02499999999999,51.48854111373424,17.13683855579016,51.19906243188306
116.96,183.7679054647684,240.6009499152243,184.10477380881366,240.58499999999998,189.95887884497643,116.94405008477571,189.62201050093117
385.28,49.36605007171631,425.7078327921983,59.189873395570544,416.025,99.03748996734619,375.59716720780165,89.21366664349195
116.96,190.74031154930591,226.82808584565683,190.79957370164607,226.825,196.52052615016697,116.95691415434314,196.46126399782682
313.03999999999996,78.6841555404663,344.3501820997738,81.66136207158883,340.34499999999997,123.7823837661743,309.03481790022613,120.8051772350518
320.7207106237054,65.02713939608837,367.86499999999995,40.50280498504638,387.7042893762946,78.64081043301317,340.56,103.16514484405516
116.96,228.3155407345295,175.23899548802396,228.44279526870764,175.225,234.85233492612838,116.94600451197603,234.7250803919502
123.83999999999999,259.8688172984123,147.7467789771413,259.9946953643903,147.70499999999998,267.9293642413616,123.79822102285867,267.8034861753837
323.17884581147587,146.14799732340785,354.10499999999996,133.15807296752928,371.4861541885241,174.53878002034213,340.56,187.5287043762207
402.47999999999996,116.99924465179443,444.43139477776,141.32840147365715,422.905,178.44692111968993,380.95360522223996,154.11776429782722
292.3243408940453,6.213390917782873,422.905,5.776562902927398,422.98065910595466,28.393280665869618,292.4,28.830108680725097
306.0788858000243,306.48401690762574,333.465,306.28436043739316,333.5461141999757,317.4104849310583,306.15999999999997,317.6101414012909
313.03999999999996,120.43257675170898,344.8234909054951,124.06918307017072,340.34499999999997,163.21064147949218,308.56150909450486,159.57403516103042
113.22161023613172,142.65986959638968,168.345,141.74172820568083,168.64338976386827,159.65645835694892,113.52,160.57459974765777
302.71999999999997,203.55755784988403,348.15585103385826,204.6408069975235,347.22499999999997,243.6844646835327,301.78914896614174,242.60121553589323
123.80014752770425,253.72101397615629,133.945,253.65189659595487,133.98485247229573,259.50132912534514,123.83999999999999,259.57044650554656
116.96,195.1177030944824,189.1626890373508,197.26524295700014,188.98499999999999,203.2393468761444,116.7823109626492,201.09180701362666
113.5083081746229,346.90649725662263,164.905,346.80294527351856,164.9166918253771,352.60603206886253,113.52,352.70958405196666
302.6669385599012,245.6278310029593,343.78499999999997,245.56960126757622,343.8380614400987,283.03814787398903,302.71999999999997,283.0963776093721
113.44196051498632,128.70561666869,161.465,128.43143941640852,161.54303948501368,142.1003096053712,113.52,142.37448685765267
230.48,346.8382175064087,254.43424824910358,347.2606260204089,254.345,352.32178043365474,230.3907517508964,351.8993719196546
302.71999999999997,162.0272278213501,341.7482664715385,163.42864317420677,340.34499999999997,202.5084617805481,301.31673352846144,201.10704642769142
27.455130550907793,146.61578871381786,61.705,146.32208182811738,61.7698694490922,153.88666499185055,27.52,154.18037187755107
297.8010789620144,45.00144862802584,340.34499999999997,43.269995002746576,341.8239210379856,79.60888328878323,299.28,81.34033691406249
292.35248743216414,380.35143863082243,347.22499999999997,379.91269043445584,347.2725125678358,385.85490056156794,292.4,386.29364875793453
230.39111402079047,342.23399432731003,244.02499999999998,342.0289433097839,244.1138859792095,347.9389910643068,230.48,348.1440420818329
