460.0,448.3634829521179,679.2639200334867,450.51089483461425,678.75,502.98528134822845,459.4860799665132,500.8378694657321
270.0,577.7089233398438,301.59422400128744,582.671410272025,299.625,595.2086935043335,268.0307759987126,590.2462065721522
180.0,385.29838585853577,198.91186853665872,387.1291601194564,197.625,400.422491312027,178.71313146334128,398.59171705110634
168.0,350.73904180526733,200.53835047389833,358.1168220926294,197.625,370.96562147140503,165.08664952610172,363.58784118404304
270.0,602.3367576599121,294.16020390424677,603.2722018592423,293.625,617.0951914787292,269.4647960957533,616.1597472793991
144.0,549.006578207016,182.21706788059615,556.8375315937798,179.625,569.487489938736,141.40793211940388,561.6565365519723
216.0,180.4201147556305,252.97994504568555,184.2063282918909,251.625,197.44007563591003,214.64505495431447,193.65386209964961
234.0,152.02646470069885,252.25635209834377,152.82820644017187,251.625,167.20463919639587,233.36864790165626,166.4028974569229
468.0,635.7758935689926,605.7802683157942,636.2220353524951,605.625,684.1729581356049,467.8447316842059,683.7268163521024
366.0,242.97096276283264,384.58245751887176,244.31213439467263,383.625,257.5780827999115,365.04254248112824,256.2369111680716
216.0,211.13237714767456,234.25512297911223,212.02426285764687,233.625,224.92162442207336,215.36987702088777,224.02973871210108
354.0,211.55760383605957,398.2655131182199,220.41697890674624,395.625,233.61019706726074,351.3594868817802,224.75082199657408
330.0,388.19081711769104,367.9406236362967,395.0291752741515,365.625,407.87673354148865,327.6843763637033,401.0383753850282
468.0,514.5519867539406,653.8311777006948,515.3611299100593,653.625,562.7127569317818,467.79382229930536,561.9036137756632
336.0,128.39593863487244,354.61179995029187,129.73246656650952,353.625,143.474134683609,335.0132000497082,142.13760675197196
324.0,416.8062307834625,347.9719866837122,417.4103585022954,347.625,431.17890429496765,323.65301331628785,430.57477657613475
467.8256819754878,575.7655969035382,653.625,575.0842570066452,653.7993180245122,622.6202522146947,468.0,623.3015921115875
264.0,311.205180644989,296.25531226320027,315.41501666554694,293.625,335.5681872367859,261.3696877367998,331.35835121622796
150.0,633.3800911903381,261.4939692201308,649.9241235977715,257.625,675.997980594635,146.13103077986923,659.4539481872017
390.0,90.89985466003418,414.2546033327554,92.01887772576386,413.625,105.6654052734375,389.3703966672447,104.54638220770784
282.0,163.69943046569824,300.5510301373359,164.9101936761967,299.625,179.09861040115356,281.07396986266417,177.88784719065512
144.0,576.6553602218628,168.73590101774872,578.6527152354296,167.625,592.410478591919,142.8890989822513,590.4131235783523
65.9816811703445,-0.1387657394278386,701.625,-0.7987152636051178,701.6433188296555,16.84542455725554,66.0,17.50537408143282
