143.43775959406355,663.8294706843643,614.7166666666666,661.5700440486272,615.0122404059364,723.2218218046079,143.73333333333332,725.4812484403451
81.35274162908891,64.75261993433317,265.65,63.136314646402994,266.4305917042444,152.14234096680798,82.13333333333333,153.75864625473815
82.13333333333333,154.27728924062103,265.700193002864,154.37704596514808,265.65,246.73946019647022,82.08314033046932,246.63970347194314
308.0,118.88939107656478,697.9967209998179,124.31685391595703,696.85,206.7158390522003,306.85327900018217,201.28837621280803
406.5561075805752,319.2341517151304,621.775,319.2114170534909,621.7788924194248,356.05921407426075,406.56,356.0819487359002
22.74938880447525,414.68601671001306,61.215,412.29533190250396,63.10561119552475,442.7148648081125,24.64,445.10554961562156
702.0840620103661,614.3217522880236,732.655,613.8926649522781,732.8109379896339,625.0026889828046,702.24,625.4317763185501
203.28,256.55402509212496,572.5701885903861,257.29521120973646,572.495,294.75733855366707,203.2048114096139,294.01615243605556
24.64,387.1400880587101,62.22962620001664,388.45894341372207,61.215,417.3775200009346,23.625373799983358,416.0586646459226
141.60316397253774,319.93327010134675,363.055,319.4641562253237,363.13183602746227,355.73568905403397,141.68,356.20480293005704
