339.73333333333335,302.8672710975011,470.3977542635262,304.68281114087296,469.5833333333333,363.2966872851054,338.9189124031404,361.48114724173354
384.0360412500797,37.696417682085155,477.995,37.206909055709836,478.1189587499203,61.00022840270031,384.15999999999997,61.48973702907562
277.4257802818613,320.0762906822735,293.755,316.0216376686096,298.56921971813864,335.4098445716327,282.24,339.4644975852966
74.00562260817418,221.13204994764283,285.915,192.26533134460448,290.3093773918258,224.52427251253172,78.39999999999999,253.39099111557007
380.1979641174411,11.362677681739827,481.91499999999996,11.183933544158934,481.9570358825589,35.105083812181455,380.24,35.28382794976234
54.36277523686904,187.87364540936406,152.635,159.0658490562439,160.99222476313096,187.57490473864618,62.72,216.38270109176636
423.7016083775991,199.03596415428768,442.715,191.50780372619627,446.2933916224009,200.54551777930607,427.28,208.07367820739745
301.84,211.04392375946045,330.2277374638076,212.34618778581407,329.03499999999997,238.34638229370117,300.64726253619233,237.04411826734753
315.89944285998206,257.8968593680144,352.555,255.03051555633544,354.17555714001793,275.75462569363106,317.52,278.62096950531003
33.180292169480886,134.47155172101208,136.95499999999998,117.07361598968505,142.97470783051912,152.979796526516,39.199999999999996,170.377732257843
181.48142569548259,315.397377456875,325.115,297.7783219909668,327.8735743045174,320.266694770603,184.24,337.8857502365112
