298.4633162241295,42.834639862945615,1277.3333333333333,41.77468395233154,1277.5366837758704,229.56895838601295,298.6666666666667,230.62891429662704
42.666666666666664,256.4311425412695,936.0391545735127,256.65564871319447,936.0,412.46258467435837,42.62751209315393,412.2380785024334
765.6767464045118,645.728804701965,1234.6666666666667,633.8966801961263,1236.9899202621548,725.983483200867,768.0,737.8156077067057
298.6666666666667,1461.536599079768,1064.7492288792216,1464.5418900952416,1064.0,1655.5287783940632,297.9174377874451,1652.5234873785896
921.6,913.3172500610351,1102.0442402714193,925.150990195177,1100.0,956.3221481323242,919.5557597285808,944.4884079981824
819.2,890.0497406005859,921.7051944253028,894.3991998621101,920.8,915.7322265625,818.2948055746973,911.3827673009758
819.2,814.7820831298828,973.9298190065452,826.437201344361,972.0,852.0568939208985,817.2701809934548,840.4017757064203
819.2,867.8614906311035,856.8140792428607,867.8863137653694,856.8,889.2203544616699,819.1859207571393,889.1955313274041
998.4,960.6402267456054,1139.9552271336265,968.8567444120841,1138.4,995.6503982543945,996.8447728663735,987.4338805879158
819.2,839.0603179931641,861.9883851703889,847.5504491586556,856.8,873.698764038086,814.0116148296111,865.2086328725943
1024.0,861.2845191955566,1191.459723966167,875.0586486793475,1189.6,897.6683433532714,1022.140276033833,883.8942138694807
819.2,913.0779190063477,895.8813210704981,915.4131837490262,895.2,937.7852081298828,818.5186789295019,935.4499433872043
819.2,789.7222297668457,986.7997928754669,803.579054344124,984.8,827.7667655944824,817.2002071245331,813.9099410172041
1024.0,830.2392868041992,1140.2904412435155,838.0887769312825,1138.4,866.0957229614257,1022.1095587564845,858.2462328343424
1011.2,802.0765441894531,1065.1341128722102,810.7228289657108,1061.6,832.7680480957031,1007.6658871277898,824.1217633194453
1088.0,812.9467254638672,1190.788810155394,818.7010089081284,1189.6,839.936734008789,1086.811189844606,834.1824505645278
806.4,947.2118759155273,973.3523660651028,955.6079722329156,972.0,982.4991256713868,805.0476339348972,974.1030293539985
