504.0,213.2234268585841,652.4809596659595,213.9593315902962,652.1666666666667,277.37314609686536,503.6857070007071,276.6372413651533
503.897988143549,370.84173459216555,652.1666666666667,370.598667939504,652.2686785231178,432.82506956254844,504.0,433.06813621520996
55.56718822760603,595.4395524079215,652.1666666666667,592.619755546252,652.5994784390607,684.1920532470335,56.0,687.011850108703
429.33333333333337,6.486420780420303,689.5994300978065,6.939586929982623,689.5,64.04509554306667,429.23390323552695,63.591929393504344
504.0,137.60350684324902,633.7949538375385,138.20495521332933,633.5,201.85716815789542,503.7050461624615,201.2557197878151
503.32596987734286,290.63625801860036,633.5,289.29501024882,634.1740301226572,354.7126157556103,504.0,356.0538635253906
117.6,450.0414938211441,302.3044193145981,453.1253119137953,302.05,468.3636853694916,117.34558068540194,465.2798672768403
168.0,477.5492744445801,246.17037146428146,478.2720486260248,246.04999999999998,491.2906128168106,167.87962853571855,490.56783863536583
44.8,375.7887552976608,162.24168704097463,377.45919300195965,162.04999999999998,390.93592991828916,44.608312959025376,389.26549221399034
285.59999999999997,376.29035339355465,319.26545652298324,377.43691862425686,318.84999999999997,389.63555603027345,285.18454347701675,388.48899079957124
50.4,253.4669301867485,223.8176438257042,255.63552752010207,223.65,269.0416111707687,50.23235617429579,266.87301383741516
44.8,359.9149780571461,218.1958600417711,361.7964445963504,218.04999999999998,375.23889858722686,44.6541399582289,373.35743204802253
44.8,343.3222637593746,223.8574251913943,346.0892750157645,223.65,359.51206851005554,44.592574808605676,356.7450572536656
140.0,437.3345140695572,279.83230367479786,439.31609257531863,279.65,452.1805552959442,139.81769632520218,450.1989767901827
50.4,267.71820880174636,184.59495826017798,269.0673093531373,184.45,283.48629958629607,50.25504173982199,282.1371990349051
50.4,144.5094913125038,168.7360462401709,147.75973716339973,167.65,187.30087466239928,49.31395375982908,184.05062881150334
436.8,67.89986147880553,688.5465444655268,68.38311577305124,688.4499999999999,118.67700011730194,436.70345553447316,118.19374582305623
44.8,326.8736184716225,263.13051943866617,331.40952845384464,262.84999999999997,344.9119910240173,44.51948056133383,340.37608104179515
263.2,207.98652534484862,382.0538174481572,212.11996284212464,380.45,258.2365005493164,261.5961825518428,254.1030630520404
50.4,209.8309619605541,162.15683199890506,210.6978921609639,162.04999999999998,224.46971110105514,50.293168001094934,223.60278090064534
50.4,195.77879254221915,229.43271081290507,198.18366374644623,229.25,211.7857277870178,50.217289187094934,209.38085658279073
44.8,310.54975653886794,212.74698048803504,314.26495848887953,212.45,327.6900634765625,44.50301951196494,323.9748615265509
50.4,224.80223973989487,190.22619781332443,226.6664050396409,190.04999999999998,239.88254542350768,50.22380218667558,238.01838012376166
44.8,294.25505765676496,246.38080844236623,299.15090046550023,246.04999999999998,312.7715651512146,44.46919155763375,307.8757223424794
338.84802567713336,343.92602498963834,369.25,341.9878620147705,372.0019743228666,385.1552601055765,341.59999999999997,387.0934230804443
279.40185090760355,275.26921585160335,380.45,273.8718023300171,381.0481490923965,317.12446715277594,280.0,318.5218806743622
50.4,240.63283441662787,223.70963553105827,241.4114332710888,223.65,254.68580696582794,50.34036446894172,253.907208111367
