532.8887325600423,686.0157428355986,745.3333333333334,684.4817657470703,745.7779341066243,746.0557191598441,533.3333333333334,747.5896962483724
562.7860959728092,508.22022106535144,697.2,505.9335876464844,697.6139040271908,530.263878513506,563.2,532.5505119323731
390.4,257.90327072143555,461.73604954626444,300.10331908662,454.0,313.1805366516113,382.6639504537356,270.98048828642686
262.4,510.2139831542969,290.5770946041476,517.4674915076636,287.6,529.0323608398437,259.4229053958524,521.778852486477
307.2,294.79835815429686,333.0982926288741,296.2450494482762,332.4,308.745703125,306.5017073711259,307.2990118310207
563.2,617.2964909553527,703.6819302372219,617.5438721495383,703.6,664.0701164245605,563.1180697627781,663.822735230375
38.4,34.86124656200409,236.5259397442715,35.53314861737137,236.4,72.66940975189209,38.274060255728514,71.99750769652482
550.4,53.91516342163086,589.3462732965056,86.41560606398062,582.0,95.21886978149413,543.0537267034945,62.71842713914439
89.6,79.29735260009765,121.66077504740367,79.73251894079417,121.2,113.68000926971436,89.13922495259632,113.24484292901786
345.6,289.8008102416992,462.2464975071189,359.0328651729694,447.6,383.71020050048827,330.95350249288117,314.4781455692181
531.099028824566,561.5382316676363,735.6,561.0825696945191,735.7009711754341,606.3984061154142,531.2,606.8540680885314
153.6,78.6177095413208,185.8397917224617,79.209565925922,185.2,114.06050682067871,152.96020827753827,113.4686504360775
