192.0,706.0404748916626,789.8252197984176,718.6423349502512,788.0,805.2297452290853,190.17478020158237,792.6278851704966
51.2,206.04859619140626,277.70062730769587,251.82753148919352,274.8,266.17897720336913,48.29937269230411,220.40004190558187
575.9781174200009,70.91553664048718,722.8,70.77957472801208,722.8218825799992,94.41002779165699,576.0,94.54598970413208
32.0,182.04083099365235,303.2218114670244,237.368089456291,300.4,251.20099639892578,29.178188532975582,195.87373793628714
396.8,33.31459350585938,428.28376037689924,56.802694696188915,409.2,82.38281860351563,377.7162396231008,58.894717413186086
524.8,20.76102285385132,754.8773148689331,21.212278275765264,754.8,60.63207597732544,524.7226851310668,60.18082055541149
310.8151083958754,30.491918317614857,396.4,16.464759826660156,399.1848916041246,33.456415422619514,313.6,47.48357391357422
0.0,70.22894744873047,384.54806080167623,148.2688078579344,377.2,184.4770034790039,-7.348060801676249,106.43714306979996
147.2,142.41163177490233,219.36502065433137,154.4743285221067,217.2,167.42655334472656,145.03497934566866,155.36385659752221
76.8,152.6981231689453,280.5847376571384,190.91914102376518,274.8,221.7618896484375,71.01526234286158,183.54087179361764
400.25871197684717,451.0561944989571,434.8,413.9691650390625,444.1412880231529,422.6692449541679,409.6,459.7562744140625
548.0585140894041,268.1910373250575,588.4,228.72686004638672,597.141485910596,237.6626736124425,556.8,277.1268508911133
19.2,315.70521659851073,40.07856890578571,319.57606364208254,38.0,330.7874454498291,17.12143109421429,326.9165984062573
320.0,70.38168182373047,392.98551067913024,85.62802841276832,390.0,99.91991271972657,317.01448932086976,84.67356613068871
4.547097155854492,705.8958531270994,114.8,701.6345691680908,116.6529028441455,749.5750301231371,6.4,753.8363140821457
6.4,751.11270513013,127.69270467831029,751.3487499465548,127.6,798.9854713916778,6.307295321689709,798.7494265752532
