356.83164815100787,180.63144829848392,422.97,179.75109647750855,423.0983518489922,189.39380925080198,356.96000000000004,190.27416107177734
235.4464781926585,240.68537024287215,422.97,238.99430431365968,423.0435218073415,247.14719061108602,235.52,248.8382565402985
231.64051475231065,149.71527213847807,345.69,147.99707857131958,345.8894852476894,161.2384212514145,231.84,162.956614818573
231.2379238471725,352.61473215756376,312.57,348.4891487121582,313.1720761528276,360.35852528872533,231.84,364.48410873413087
382.72,335.70135656356814,404.663963403354,335.92817515277346,404.57,345.01882989883427,382.62603659664603,344.7920113096289
231.6833734665033,195.25119043264746,327.29,193.6296808052063,327.4466265334967,202.86461486901882,231.84,204.48612449645998
334.88,335.8739039181173,356.7308340958961,335.8759534540816,356.73,344.7685473699868,334.8791659041039,344.7664978340225
345.7697680190263,192.18716649948686,422.97,190.9058547592163,423.1202319809737,199.9574722677556,345.92,201.23878400802613
338.5387296312681,286.02695833493925,419.29,285.7841171884537,419.311270368732,292.8570919341877,338.56,293.0999330806732
283.36,321.12103902816773,371.7171202150257,323.588972046971,371.45000000000005,333.1524297142029,283.09287978497434,330.6844966953997
18.08020667058478,420.32549228753516,456.09000000000003,416.4591238975525,456.40979332941527,452.68759361301005,18.400000000000002,456.55396200299265
18.400000000000002,282.7438506960869,200.19898155543248,290.3984794852261,198.49,330.9871369934082,16.691018444567536,323.332508204269
231.76480164530776,219.2194121839576,338.33000000000004,218.26734022140505,338.4051983546923,226.684274968905,231.84,227.63634693145752
334.8409238068327,267.8906614555315,397.21000000000004,267.5216523742676,397.24907619316735,274.12622172699423,334.88,274.49523080825804
219.93074598511998,370.39149295351126,323.61,359.7864970970154,324.47925401488004,368.2847189758101,220.8,378.8897148323059
231.74066198782594,182.2616888225938,342.01,181.10271475791933,342.1093380121741,190.55412284008014,231.84,191.71309690475465
253.68521429131556,301.2822661901799,294.17,300.40300710678105,294.40478570868447,311.213528468481,253.92000000000002,312.0927875518799
235.45128544323342,285.48061372937315,290.49,285.0179666042328,290.55871455676663,293.1925788956726,235.52,293.655226020813
334.8658491071151,277.80301687954466,397.21000000000004,277.6720854091644,397.22415089288495,284.4101553225657,334.88,284.54108679294586
231.70041648796112,171.68494512259838,283.13,170.8922399520874,283.2695835120389,179.94821959793694,231.84,180.74092476844788
228.16000000000003,7.971460569500923,459.80670467404553,8.204645956315305,459.77000000000004,44.667122893333435,228.12329532595453,44.43393750651906
3.593015407768203,8.975461906434491,213.21,8.480347504615784,213.2969845922318,45.3070846438245,3.68,45.80219904564321
231.80768894470725,208.09723783294112,290.49,207.87747677326203,290.5223110552928,216.5054266019687,231.84,216.7251876616478
231.78664533375147,230.04943765316892,330.97,229.41006457328797,331.02335466624857,237.68675771559785,231.84,238.32613079547883
272.2429109744715,335.9151464799549,294.17,335.72536761283874,294.2470890255285,344.6322493501995,272.32,344.8220282173157
331.1423108986264,255.56353819233027,378.81,255.28288647651675,378.8676891013736,265.0811737980262,331.20000000000005,265.36182551383973
239.20000000000002,255.34622917175295,272.39794906624013,256.24861622732965,272.09000000000003,267.57776523590087,238.89205093375992,266.6753781803242
239.154392594741,267.1373694635624,279.45,266.90535682201386,279.495607405259,274.8263825248486,239.20000000000002,275.05839516639713
235.4168917438474,277.4089605347351,286.81,276.72435426712036,286.9131082561526,284.46464824517216,235.52,285.14925451278685
10.763829293621795,203.74822300718034,194.81,202.54311532497408,195.08617070637823,244.72039269252812,11.040000000000001,245.9255003747344
