25.87370931202776,907.4184435379063,938.2083333333333,904.0300917172432,938.4412906879721,966.7552961252948,26.106666666666666,970.1436479459578
78.32,54.39111764729023,313.0838782855916,57.46710758661219,311.6483333333333,167.02991731405257,76.88445504774174,163.9539273747306
681.361189797711,277.5203978918198,837.5345000000001,277.4088543838263,837.5573102022892,309.34567313697903,681.384,309.45721664497256
704.8521387019015,310.9127510822943,837.5345000000001,310.64530292832853,837.5623612980986,324.4674316876004,704.8800000000001,324.7348798415661
712.4290019970678,218.81876084194306,837.5345000000001,217.744523976326,837.8174980029324,250.7024378441799,712.7120000000001,251.77667470979694
132.9650682490816,834.7957936953468,195.31050000000002,833.8870776090623,195.4894317509184,846.1632741387922,133.144,847.0719902250768
125.31200000000001,743.4648172165156,234.6168106163957,744.0364383926566,234.47050000000002,772.0138032696248,125.16568938360435,771.4421820934838
133.1126305642209,848.9105030342757,179.6465,848.8059227269889,179.67786943577914,862.764011651087,133.144,862.8685919583738
689.1809891628099,253.59497796428047,837.5345000000001,253.23506237745286,837.5695108371904,267.66617012775106,689.216,268.02608571457864
125.31200000000001,712.9940446523428,179.99678562920585,713.6386666071193,179.6465,743.3542144567967,124.96171437079417,742.7095925020203
125.31200000000001,789.708265200913,234.52769996699422,790.2721627658319,234.47050000000002,801.3506543607713,125.25480003300581,800.7867567958524
62.656000000000006,189.23640777310732,312.88650671416036,190.0421163878045,312.7905,219.859110142231,62.559993285839624,219.05340152753382
125.23187257028194,819.8333954069006,187.47850000000003,819.3887834656239,187.55862742971811,830.606795852424,125.31200000000001,831.0514077937007
