448.0,743.9600507418314,745.3894288434567,744.2567556874169,745.3333333333334,800.4816753069559,447.9439044898766,800.1849703613706
42.666666666666664,744.0435029466947,318.808257584254,744.7424489259329,318.6666666666667,800.6825965245565,42.52507574907933,799.9836505453183
318.60773053852023,315.4793409201269,382.6666666666667,314.2174377441406,384.0589361281464,384.8942552712793,320.0,386.1561584472656
262.4,3.1322309494018556,614.0546381637685,3.596983831840735,614.0,44.93887634277344,262.3453618362315,44.47412346033455
332.7161031700864,422.5150531103137,364.4,422.3954697608948,364.4838968299136,444.6241371820447,332.8,444.7437205314636
307.07326075852814,229.6028362262839,518.0,228.93496131896973,518.1267392414719,268.9614612590677,307.2,269.62933616638185
375.52022338090705,291.9290952619894,498.8,284.36817169189453,500.879776619093,318.2786317887918,377.6,325.83955535888674
377.6,401.79041290283203,481.57461887172406,406.49278338998164,479.6,450.15379333496094,375.625381128276,445.45142284781133
387.604279212726,329.1044077812355,473.2,323.8498870849609,475.99572078727397,369.391954523452,390.4,374.64647521972654
18.382902904370248,57.624735808648346,114.8,55.93760223388672,115.61709709562975,102.6334484812839,19.2,104.32058205604554
37.89458252406179,0.37177722859287254,127.6,-1.3620059967041016,128.1054174759382,24.788140698195456,38.4,26.52192392349243
357.60115529335155,374.98317605362325,479.6,371.0523513793945,480.39884470664845,395.84565542831035,358.4,399.77648010253904
