99.50612920417942,476.88755700243644,286.5,367.98100662231445,426.9938707958206,609.2106905256398,240.0,718.1172409057617
201.6,42.94813070297241,309.15643455559905,42.986572068687245,309.15,60.99003904536366,201.59356544440092,60.95159767964882
144.0,101.34283742308617,309.2123847393406,101.92512996793208,309.15,119.62539360523223,143.93761526065936,119.04310106038633
208.79999999999998,72.02118671536445,309.19170987296786,72.2541527317957,309.15,90.22812820672989,208.75829012703213,89.99516219029864
648.0,843.534451675415,892.8901509735581,846.7198257728061,892.3499999999999,888.246393585205,647.4598490264418,885.061019487814
71.98488405437946,229.08398061391347,301.95,228.7211744248867,301.96511594562054,238.302433764968,72.0,238.66523995399473
136.79155362770211,200.23557174055145,301.95,200.0884573638439,301.95844637229783,209.57080543489886,136.79999999999998,209.7179198116064
158.4,169.63945398330688,301.98996032841376,170.19062569299996,301.95,180.60099667310715,158.3600396715862,180.04982496341404
288.0,432.7384614944458,417.9308630166181,435.0301169223469,417.15,479.30300559997556,287.2191369833819,477.01135017207446
124.9216054489189,167.55634638812072,150.75,161.2466700553894,155.42839455108108,180.3974812791156,129.6,186.70715761184692
438.8434605597608,440.9616456166916,827.55,437.14811182022095,827.9065394402393,473.48952621062466,439.2,477.3030600070953
