-18.953972621093325,146.64729380646784,169.6,-15.012837727864584,205.62063928775999,27.00020883838893,17.066666666666666,188.66034037272135
240.64,193.20499267578126,389.19514692313913,196.77325171039138,388.8,213.22416198730468,240.2448530768609,209.65590295269456
256.0,166.80102294921875,404.56416225086815,170.63748526636746,404.16,186.288369140625,255.5958377491318,182.45190682347626
112.47517069091,264.70647356173015,511.68,262.87092681884764,511.84482930908996,298.718914049659,112.64,300.5544607925415
250.88,367.80688110351565,373.96215189560934,373.12759282816586,373.44,385.20634887695314,250.35784810439065,379.8856371523029
250.88,348.6787255859375,368.8634785509223,353.8067074494827,368.32,366.3109423828125,250.33652144907774,361.1829605192673
240.64,222.2115200805664,378.8584474354549,224.80242973481364,378.56,240.72384216308595,240.34155256454517,238.1329325088387
240.64,250.10803497314453,388.9749476299714,251.86365965052127,388.8,266.6452059936523,240.46505237002864,264.8895813162756
322.56,334.95499450683593,368.36325356125656,335.15589986576737,368.32,345.0170297241211,322.51674643874344,344.8161243651897
209.35141464509124,307.6090231740846,368.32,304.8956573486328,368.88858535490874,338.20749782200915,209.92,340.9208636474609
250.88,386.0543988037109,348.57061740653336,392.40196309315303,347.84,403.6463494873047,250.1493825934666,397.29878519786257
256.0,404.91741149902344,328.2474335268623,410.2991601920062,327.36,422.2125360107422,255.11256647313766,416.8307873177595
