316.58666666666664,27.312149565623454,986.8630643243356,27.341807350888157,986.86,96.59661712893595,316.583602342331,96.56695934367124
39.57333333333333,120.99373552958171,236.4678031353699,124.47364233805934,234.96666666666667,209.4085228888194,38.0721968646301,205.92861608034173
791.4666666666667,740.7825548235576,1145.463794378186,742.3320958585023,1145.1533333333334,813.2578188085556,791.1562056218138,811.7082777736108
593.5888323600306,146.881401039825,1501.3133333333333,146.74056442573666,1501.3245009733027,218.71858295416723,593.6,218.85941956825553
852.1680106012153,974.4927395828641,913.402,970.5248053512573,916.0179893987848,1010.8952998611057,854.784,1014.8632340927124
71.232,217.11388008141518,213.676131417751,219.92915152541994,212.954,256.4667943840027,70.50986858224898,253.65152293999793
1232.1471145108242,1020.1941921412354,1293.306,1016.0430354347229,1295.846885489176,1053.4778363011476,1234.688,1057.62899300766
69.40144099558553,63.636817904796544,201.082,57.59042677497864,202.91255900441448,97.45702286783226,71.232,103.50341399765016
866.648095535414,1361.8636660605055,1174.586,1361.7947292343974,1174.593904464586,1397.103640276136,866.6560000000001,1397.1725771022438
11.872,129.73409929656984,49.33223353435166,131.40470104672136,46.746,189.3963272151947,9.285766465648347,187.72572546504318
866.6359588107536,1429.8989856567537,1032.122,1429.8044380692245,1032.1420411892466,1464.8824041581,866.6560000000001,1464.9769517456293
1365.28,1176.0511629867553,1459.7987278914197,1177.125056449891,1459.5140000000001,1202.1853804168702,1364.9952721085804,1201.1114869537346
866.6560000000001,1292.6093342585564,1257.799517466521,1293.8121424267315,1257.69,1329.4263394470215,866.5464825334791,1328.2235312788464
