485.33333333333337,39.82814218600591,633.6145322418466,40.038108690208446,633.5,120.92233448227248,485.21880109148674,120.71236797806993
484.28637541538296,131.7115319165337,633.5,129.72646713256836,634.5469579179505,208.42434489799066,485.33333333333337,210.409409681956
110.21830364696434,417.0480704725633,166.83333333333334,415.72855265935266,168.61502968636898,492.1737441598525,112.0,493.49326197306317
-33.9488955708469,190.4394277827084,166.83333333333334,103.90137672424316,256.7822289041803,312.5973147455712,56.0,399.1353658040365
26.70647567929986,115.41109676228209,92.16666666666667,106.0086890856425,102.79352432070016,179.99358269506453,37.333333333333336,189.3959903717041
224.0,199.29275226593018,678.1433565242313,240.76241096483233,670.8333333333334,320.8160832722982,216.68997680910206,279.34642457339606
284.8433622233609,537.2776770478575,442.05,532.1571985244751,442.8066377766391,555.3871525877626,285.59999999999997,560.507631111145
369.59999999999997,356.6632820129394,450.93398259074183,369.0254281956192,447.65,390.63165893554685,366.3160174092581,378.26951275286706
28.0,416.648588180542,65.25713599224346,419.1998435179726,61.25,477.7178634166717,23.992864007756534,475.16660807924114
285.59999999999997,483.1475494384766,437.01063809932623,486.75623952143155,436.45,510.2790609359741,285.0393619006737,506.6703708530191
347.16818759082224,417.33935292317585,531.65,416.7125876426697,531.6818124091777,426.07623793528364,347.2,426.7030032157898
187.11215074656818,339.4031732640465,447.65,310.08458442687987,450.93784925343186,339.3018560328285,190.4,368.6204448699951
302.4,373.3476078033447,528.0295705745148,387.13167268574415,526.05,419.5350067138672,300.4204294254852,405.75094183146774
