-13.262415219050961,462.7786990607002,399.0,375.15212631225586,412.262415219051,437.5486706292412,0.0,525.1752433776855
34.30628441824819,523.0845807514173,415.0,448.5140380859375,428.6937155817518,518.4224936046618,48.0,592.9930362701416
401.68676906895496,397.83260744606304,495.0,354.1019973754883,557.313230931045,487.0671880861635,464.0,530.7977981567383
436.4917888694592,571.3311804028717,479.7,570.4137027740478,480.00821113054076,584.9287723330291,436.79999999999995,585.846249961853
84.95663400982771,207.59375212370722,162.9,202.956388092041,164.3433659901723,227.21603276551394,86.39999999999999,231.85339679718015
184.01527258894825,50.35323510667599,206.1,43.60315017700195,209.28472741105173,54.02284674146854,187.2,60.77293167114257
185.784649737052,165.36442387292146,206.1,163.0856185913086,207.51535026294798,175.70334269812346,187.2,177.9821479797363
465.59999999999997,157.7810966491699,556.0907598727655,167.76016269466876,551.6999999999999,207.57583236694336,461.20924012723447,197.5967663214445
57.599999999999994,308.74510231018064,77.01088985547992,309.6850953826189,76.5,320.23498878479,57.089110144520085,319.2949957123518
47.29292228043695,337.27532327231285,119.69999999999999,334.6166516304016,120.40707771956303,353.8734227890122,48.0,356.53209443092345
171.43359758245467,85.79150567724449,215.7,73.74116020202636,221.86640241754532,96.3931622915055,177.6,108.44350776672363
169.0099621796422,223.82446268918127,215.7,212.1312229156494,219.4900378203578,227.26449757693197,172.79999999999998,238.95773735046384
423.51893882245946,74.45439904078437,465.29999999999995,66.57007026672363,468.9810611775405,86.07694861546562,427.2,93.96127738952636
104.9949471848543,92.56229306736849,153.29999999999998,90.25437755584717,153.90505281514567,102.91823290309048,105.6,105.22614841461181
278.4,201.2928897857666,409.37444565650844,210.28881343743544,407.7,234.66758766174314,276.7255543434915,225.6716640100743
118.94498654904223,76.54627573978497,153.29999999999998,73.12909526824951,154.35501345095778,83.73579327571795,120.0,87.15297374725341
80.58882456380545,235.6007433783098,158.1,229.0680221557617,159.11117543619454,241.06568652281322,81.6,247.59840774536133
264.0,127.09768753051758,420.3067271277877,137.85460763453318,417.29999999999995,181.5447784423828,260.99327287221223,170.7878583383672
297.59999999999997,60.83012237548828,428.96764345457945,71.22447546930742,426.9,97.35611114501953,295.5323565454205,86.96175805120039
302.4,235.1129024505615,385.0444267099624,238.82496925313563,383.7,268.7569129943848,301.05557329003756,265.0448461918106
417.74176649228957,104.6329939738922,450.9,97.33542594909667,455.5582335077104,118.50121623118592,422.4,125.79878425598145
436.79999999999995,560.971656703949,465.39058227216503,561.3686322354811,465.29999999999995,567.8924597740173,436.7094177278349,567.4954842424852
89.96176449260858,125.62304670664552,162.9,121.91854190826416,164.1382355073914,146.2982412114453,91.2,150.00274600982667
547.1999999999999,60.37964286804199,588.5957355365487,84.7512332290477,575.6999999999999,106.6549518585205,534.3042644634513,82.28336149751479
523.1999999999999,573.1217522621155,561.382381453576,573.4043598814029,561.3,584.5347041130066,523.1176185464238,584.2520964937191
441.4957863739494,551.2415879852917,470.09999999999997,550.8756551742554,470.20421362605055,559.0218195311877,441.59999999999997,559.3877523422241
316.61924841241415,566.8462014868027,374.09999999999997,566.1325982093811,374.2807515875858,580.6921405122513,316.8,581.4057437896728
