533.3333333333334,105.28714561462402,766.8484591568754,105.98289374061972,766.6666666666666,166.99821615219116,533.1515408431245,166.30246802619547
554.6666666666666,6.382748921712239,771.507466273446,25.904884143153506,766.6666666666666,79.67373911539714,549.8258670598874,60.15160389395587
524.5294875695294,753.3389829772113,793.2,751.4773803710938,793.4705124304706,790.5183191162945,524.8,792.3799217224121
166.4,183.0948699951172,217.79909643854754,183.7039630086306,217.2,234.2594856262207,165.8009035614525,233.65039261270726
650.896968438295,556.2997755425563,678.0,529.708642578125,686.303031561705,538.1715135199437,659.2,564.762646484375
480.0,173.11291189193724,767.6199471082311,173.2774664083451,767.6,208.14242386817932,479.9800528917689,207.97786935177146
449.6161784419254,479.620652711355,530.8,410.3269668579102,548.3838215580746,430.92800451520753,467.2,500.22169036865233
153.59605214660857,50.13773840872233,255.6,50.10103178024292,255.60394785339145,61.07171059640463,153.6,61.108417224884036
453.7774726803027,438.8525533606132,479.6,416.021630859375,486.62252731969727,423.9643411706368,460.8,446.795263671875
147.18072414310933,24.02712879071185,255.6,23.93386752605438,255.61927585689062,46.34268273224882,147.2,46.43594399690628
