42.666666666666664,96.41515520215034,361.38595440504264,96.73481393480087,361.3333333333333,149.20123759905496,42.614045594957354,148.88157886640445
511.705119057905,716.1496279930669,788.0,714.9702806472778,788.294880942095,784.0543338561457,512.0,785.2336812019348
702.3659827139625,402.19731632317786,735.6,396.6891551971436,737.2340172860374,406.5481548682284,704.0,412.0563159942627
466.00714054636785,366.9221992766364,729.2,342.5686370849609,730.3928594536321,355.4600608551996,467.2,379.813623046875
729.3677651900881,248.78203469561004,748.4,248.28089714050293,748.6322348099119,257.1007259245072,729.6,257.6018634796143
446.8579473304559,251.58603890054601,530.8,245.77564239501953,531.9420526695442,262.2747307527743,448.0,268.08512725830076
690.2683732259088,445.64358166288156,735.6,442.24587326049806,736.5316267740911,454.67547351289966,691.2,458.0731819152832
582.1307620724973,273.5324958628899,614.0,272.6236396789551,614.2692379275027,282.06452562148513,582.4,282.97338180541993
627.2,54.41564593315125,716.4150518344966,54.45839399103031,716.4,85.87152154445648,627.1849481655034,85.82877348657742
460.5310980600733,664.5199236463444,537.2,663.1339820861816,537.4689019399267,678.0093686510188,460.8,679.3953102111816
447.60110624797665,675.6457860235489,473.2,674.7466262817383,473.5988937520234,686.1030497308456,448.0,687.0022094726562
57.6,279.16617000102997,313.38508680975116,280.381485675684,313.2,319.33634052276614,57.414913190248875,318.1210248481121
703.2286653959399,233.4215428056072,722.8,232.8790725708008,723.5713346040601,260.7074153242756,704.0,261.24988555908203
445.2866330587748,716.6474092988923,492.4,710.6050170898437,495.1133669412252,731.7615140409514,448.0,737.80390625
575.0694665432177,240.6187483626712,626.8,236.38986511230468,627.7305334567824,247.77277385412566,576.0,252.00165710449218
702.0331431826728,430.3741730953175,729.2,425.9529052734375,731.1668568173271,438.0384245609325,704.0,442.4596923828125
703.370640372664,459.68344917101183,729.2,458.3878234863281,729.829359627336,470.9346233387538,704.0,472.2302490234375
626.6378084845104,92.24751207149293,716.4,90.65234756469727,716.9621915154896,122.28766935550902,627.2,123.8828338623047
38.36862670958043,39.1902559551604,185.2,39.094223248958585,185.23137329041955,87.06312362819835,38.4,87.15915633440018
445.1337614136786,324.60440134964193,748.4,301.0221481323242,751.2662385863214,337.8817894462565,448.0,361.4640426635742
697.0554196505715,388.67525287440304,735.6,386.74044609069824,736.1445803494286,397.58939556309696,697.6,399.52420234680176
723.0588243191885,234.15636751240385,748.4,233.89794235229493,748.5411756808115,247.74163206035004,723.2,248.00005722045898
