446.67330128616373,678.1821518160568,532.0,676.6092599232992,533.3266987138362,748.5803991737299,448.0,750.1532910664877
149.33333333333334,406.27058871587116,468.56831591489777,408.565084631108,468.0,487.63531525929767,148.76501741843558,485.3408193440609
595.1110741190425,180.27912467770253,754.8,179.799884223938,754.8889258809575,209.43110233493175,595.2,209.91034278869628
595.2,50.67283630371094,742.1676232029126,51.49729691715671,742.0,81.37766151428222,595.0323767970874,80.55320090083646
684.8,705.4294036865234,754.9520625720863,706.1472576291635,754.8,721.0075271606445,684.6479374279137,720.2896732180045
44.755893941765365,52.119534483483335,415.6,51.76361382007599,415.64410605823457,97.71900056607436,44.8,98.0749212294817
684.3803803636413,94.27845650214769,710.0,93.92078552246093,710.4196196363587,123.97772635918042,684.8,124.33539733886718
639.9260642000397,94.23797070080194,658.8,94.19298973083497,658.8739357999603,125.2163212150916,640.0,125.2613021850586
571.2377395551222,697.5448534557269,633.2,682.062060546875,644.3622604448778,726.7335156848982,582.4,742.21630859375
680.0968238784938,673.6340014761897,703.6,660.86103515625,708.3031761215062,669.5152172738103,684.8,682.28818359375
31.349407447122502,711.9834254705072,364.4,706.2554779052734,365.0505925528775,744.0840775526403,32.0,749.8120251178741
640.0,138.2292236328125,659.019987910247,138.37154123796824,658.8,167.77175064086913,639.780012089753,167.6294330357134
684.8,675.5304519653321,755.5219344519351,677.2157217231075,754.8,707.5115249633789,684.078065548065,705.8262552056034
32.0,674.4718385219574,109.02483243864836,675.9343709094695,108.4,708.8414123535156,31.37516756135164,707.3788799660035
217.5872201059783,690.3070394398158,364.4,690.2106284618378,364.4127798940217,709.6716048716123,217.6,709.7680158495903
