0.0,137.33361307779947,190.98846767359225,138.49368659700318,190.66666666666666,191.47332986195883,-0.3218010069255696,190.31325634275512
518.0884452711626,760.0340482088745,582.0,758.3428802490234,582.3115547288373,770.1169603970825,518.4,771.8081283569336
518.381679202925,616.779489040942,614.0,616.6306637763977,614.0183207970749,628.4015405649235,518.4,628.5503658294678
594.9250118244126,759.0629589773401,665.2,757.3304992675781,665.4749881755873,768.4850390695349,595.2,770.2174987792969
544.0,682.142626953125,563.0148446555318,682.5666716837167,562.8,692.200650024414,543.7851553444682,691.7766052938224
518.4,773.6386179924011,550.0062690201803,773.6656494351017,550.0,780.9956443786621,518.3937309798197,780.9686129359615
518.4,651.0692539215088,562.8169682018776,651.1596487142017,562.8,659.4972537994385,518.3830317981225,659.4068590067455
517.8826621870935,738.2210737452863,582.0,735.6454704284668,582.5173378129065,748.5241319431902,518.4,751.0997352600098
608.0,562.089319229126,799.7058380338591,562.5909885580437,799.6,603.0354961395263,607.8941619661409,602.5338268106086
595.2,772.7749755859375,614.1242508756944,773.0786801278459,614.0,780.8209243774414,595.0757491243055,780.517219835533
0.0,692.935400390625,409.27138486390993,693.691158506489,409.2,732.3487415313721,-0.07138486390994414,731.592983415508
505.56050573840537,792.064143723103,550.0,791.8469844818115,550.0394942615947,799.9290951074634,505.6,800.1462543487548
518.3711871021018,661.3074609289199,588.4,661.1388332366944,588.4288128978982,673.104442261693,518.4,673.2730699539185
671.9455202154019,616.6274312287762,748.4,616.2800933837891,748.4544797845981,628.2719441145466,672.0,628.6192819595337
518.3392125935147,638.6003530155848,594.8,638.184386062622,594.8607874064853,649.3579971659948,518.4,649.7739641189576
518.4,728.2670377731323,588.4231012964003,728.4677416139128,588.4,736.5274997711182,518.3768987035997,736.3267959303377
518.3402148518196,748.67995577317,569.2,748.2894733428955,569.2597851481804,756.0764044715809,518.4,756.4668869018554
499.2,692.7249235153198,799.8413253819529,694.6314891289356,799.6,732.6854549407959,498.9586746180472,730.7788893271801
