21.047160131854863,694.9258692083648,318.6666666666667,693.8444228172302,318.95283986814513,772.6007326128193,21.333333333333332,773.6821790039539
383.75196192638504,35.628860042278454,788.0,34.410747369130455,788.248038073615,116.72571447910421,384.0,117.9438271522522
41.896761117762104,35.63372276632109,318.6666666666667,33.02247619628906,319.43657221557123,114.62590978137534,42.666666666666664,117.23715635140736
227.85358023029423,206.83443357210373,340.0,187.85079956054688,368.14641976970574,354.1266666883129,256.0,373.1103006998698
382.7261304365887,715.4325687208876,788.0,707.9823875427246,789.2738695634113,777.2781583349798,384.0,784.7283395131429
313.6,608.7455097198487,460.5840429257775,610.6892269205189,460.4,624.6065670013428,313.41595707422243,622.6628498006725
428.611626752055,329.47600075030397,588.4,327.28488693237307,588.588373247945,341.0221262333386,428.8,343.2132400512695
428.6493261957813,360.36610644877686,569.2,358.8295558929443,569.3506738042187,372.61192356526124,428.8,374.1484741210937
305.6064598727647,517.9462920263194,543.6,505.66357574462893,545.1935401272353,536.5404801294424,307.2,548.8231964111328
422.3424174762578,308.62620970895165,588.4,307.9857601165771,588.4575825237422,322.9159198076499,422.4,323.55636940002444
434.98615801219813,412.17043295648074,575.6,409.6648593902588,575.8138419878019,421.665761654115,435.2,424.1713352203369
313.6,655.3279190063477,466.8661698804772,656.1119662676111,466.8,669.0469060897827,313.53383011952286,668.2628588285193
428.5916747367426,344.915890451321,575.6,342.63534317016604,575.8083252632574,356.0643776456028,428.8,358.3449249267578
307.2,563.3532554626465,441.80055571378625,565.2919645737969,441.2,606.9873031616211,306.5994442862137,605.0485940504707
313.6,625.1533582687377,486.018722599306,625.3950839267216,486.0,638.7495895385742,313.58127740069403,638.5078638805905
614.3438451575096,568.511862686801,639.6,568.4647116661072,639.6561548424904,598.5437083924531,614.4,598.590859413147
313.6,640.80355386734,479.6363115469993,641.2501256062983,479.6,654.7508351325989,313.56368845300074,654.3042633936407
383.2710701438877,254.65992061212336,524.4,252.52329635620117,525.1289298561122,300.6707842676374,384.0,302.80740852355956
441.5206991251754,590.4170046706878,492.4,590.147724533081,492.4793008748246,605.1312769989289,441.6,605.4005571365357
230.39660852765888,527.9992935183435,255.6,527.992824447155,255.60339147234112,541.205943083486,230.4,541.2124121546746
215.19734589655377,171.99984597305965,242.8,144.00006103515625,251.60265410344624,152.67786398787786,224.0,180.67764892578126
376.97720174390446,210.90978436985196,575.6,206.29782257080078,576.2227982560955,233.1197993703824,377.6,237.73176116943358
192.0,593.768083190918,212.7561161917584,595.2539431627447,210.8,622.5791122436524,190.0438838082416,621.0932522718256
204.75639923809297,511.0388212999139,281.2,510.722665977478,281.24360076190703,521.2649501005378,204.8,521.5811054229737
524.7153091562395,279.7467136614984,588.4,279.4571186065674,588.4846908437605,298.08143594329897,524.8,298.37103099822997
377.0709573790806,175.56765559374344,537.2,172.31450119018555,537.7290426209195,198.35540730298507,377.6,201.60856170654296
