29.333333333333336,17.734893426299095,351.78219836932124,21.340538532792117,351.08333333333337,83.83926788965861,28.634468297345485,80.2336227831656
404.7737688945175,67.49236086599507,532.125,67.28652611374855,532.1512311054826,83.51587290771329,404.8,83.72170765995979
43.066598926702476,156.71876195628917,303.325,139.186598443985,304.25840107329753,153.04258779327597,44.0,170.57475130558015
395.9468178996221,24.60940428733689,536.525,24.399846518039706,536.578182100378,60.07613290190834,396.0,60.28569067120552
46.762668715807585,127.21616421089942,439.725,104.32540063858032,441.3623312841924,132.43322310103602,48.4,155.3239866733551
105.5780935680137,485.3567311905065,540.9250000000001,485.14111869931224,540.9469064319863,529.3727740332745,105.60000000000001,529.5883865244687
413.3871903469551,429.83580038795327,492.52500000000003,428.33818159103396,492.73780965304496,439.5835598205581,413.6,441.0811786174774
20.639886512392835,485.59982344576395,83.325,474.2182249069214,93.48511348760717,530.1759064965579,30.8,541.5575050354004
393.3831713046884,312.43695005614217,492.52500000000003,301.0132308959961,495.14182869531163,323.7236265734965,396.0,335.14734573364257
360.6376377165298,133.15580204665886,439.725,132.37750816345215,439.8873622834702,148.87616633236183,360.8,149.65446021556855
