19.192867418832712,305.76854376793153,90.89999999999999,305.7058227717876,90.90713258116729,313.8603001374726,19.2,313.92302113361654
316.8,267.85584125518795,330.9569089312812,268.00794442750913,330.9,273.3047080993652,316.7430910687188,273.1526049270441
57.49437782028045,202.56336129988054,86.1,202.34501481056213,86.20562217971954,216.18260009204525,57.599999999999994,216.40094658136366
57.154631491338925,188.1198838768311,86.1,187.2582555770874,86.54536850866107,202.21987604519646,57.599999999999994,203.08150434494019
19.2,290.2535178646445,76.5206293118845,290.4015306116437,76.5,298.3906069815159,19.179370688115494,298.24259423451673
273.5778725900383,455.2181303358974,335.7,455.03905112743377,335.72212740996173,462.71499403944586,273.59999999999997,462.89407324790955
19.034999867133685,329.21878554626,62.099999999999994,328.4093564271927,62.26500013286631,337.1880506654214,19.2,337.9974797844887
71.80446068824197,352.96496837824543,105.3,352.21161589622494,105.49553931175802,360.90567991048135,72.0,361.65903239250184
18.554272481464537,414.94771694716553,66.89999999999999,411.6155651092529,67.54572751853546,420.98433585587395,19.2,424.3164876937866
283.2,429.2537246704101,327.01365762845353,432.1227212287084,326.09999999999997,446.07557258605954,282.2863423715465,443.2065760277613
19.01062545043277,353.559868228742,57.3,352.69854884147645,57.48937454956722,361.11706718175753,19.2,361.97838656902314
48.0,525.3896850585937,83.39462756938507,548.9854733458351,57.3,588.1284599304199,21.90537243061494,564.5326716431786
48.0,429.46911634057756,100.50557031881387,429.50583548434065,100.5,437.47096582800145,47.99442968118611,437.4342466842384
94.64232116790322,414.7046366834123,119.69999999999999,410.91163072586056,121.05767883209677,419.880844197325,96.0,423.6738501548767
105.57866524965976,397.11973127212707,119.69999999999999,397.0842318534851,119.72133475034022,405.5709948173504,105.6,405.6064942359924
95.90807721323677,239.10583800962866,119.69999999999999,238.83649263381957,119.79192278676322,246.95625276872215,96.0,247.22559814453123
19.2,275.5560894012451,62.101237545715705,275.5626356105874,62.099999999999994,283.67301521301266,19.198762454284296,283.6664690036704
47.969654608992755,436.10397535861296,100.5,435.8747650265693,100.53034539100724,442.82931134401986,48.0,443.0585216760635
105.6,381.3349854469299,119.77128686218694,381.451969489173,119.69999999999999,390.0875624656677,105.52871313781306,389.9705784234246
493.7502167549954,25.174080426067263,575.6999999999999,23.912389183044432,576.3497832450046,66.11732353511438,494.4,67.3790147781372
105.5363655421505,296.38835198292844,119.69999999999999,296.2964469909668,119.76363445784948,306.103261405133,105.6,306.19516639709474
172.52658000001102,556.5394562316445,311.7,555.4277220726013,311.973419999989,589.656045620391,172.79999999999998,590.7677797794341
19.18058047270338,344.33435472751813,110.1,344.1266266286373,110.11941952729661,352.6262574384097,19.2,352.8339855372906
19.033557907072236,367.62931015212126,62.099999999999994,366.7747848987579,62.26644209292776,375.16314876358916,19.2,376.0176740169525
19.134179762812902,376.37576238985775,42.9,376.1921227097511,42.965820237187096,384.7102813345599,19.2,384.89392101466655
508.1718761544887,111.32664582632123,551.6999999999999,110.7540979385376,552.3281238455112,158.50740053750934,508.79999999999995,159.07994842529297
105.56991413917024,373.0791526561204,119.69999999999999,373.02649040222167,119.73008586082975,381.09898569532,105.6,381.1516479492187
364.6623082217635,555.6382370084885,513.3,555.0662441253662,513.4376917782365,590.846738424861,364.8,591.4187313079834
287.96344610713305,478.5786926870154,321.3,478.3934712409973,321.33655389286696,484.9725194330407,288.0,485.1577408790588
263.8543986886389,252.2738348715631,350.09999999999997,251.34119911193847,350.245601311361,264.8056974656256,264.0,265.73833322525024
24.0,118.12541506290435,110.27556365591255,118.62674252063726,110.1,148.8402349948883,23.824436344087438,148.3389075371554
52.8,296.80896599292754,76.55103586658129,296.9580260819083,76.5,305.09001302719116,52.7489641334187,304.9409529382104
513.6,152.1791976928711,557.0271354120542,156.62464111358506,551.6999999999999,208.6649459838867,508.27286458794566,204.21950256317274
57.599999999999994,320.69848519563675,86.12703945550246,320.79215918994254,86.1,329.02662831544876,57.57296054449755,328.932954321143
57.56427432858303,390.55457243360945,76.5,390.48033025860786,76.53572567141697,399.5922873552851,57.599999999999994,399.66652953028677
52.7795760945978,282.296591519254,76.5,282.2318395614624,76.5204239054022,289.71367811070127,52.8,289.77843006849287
292.71320291132866,463.7180830378065,316.5,463.46087322235104,316.5867970886713,471.4878792386522,292.8,471.74508905410767
19.179144851060936,238.72287296475494,57.3,238.61302408576012,57.32085514893906,245.85038616983564,19.2,245.9602350488305
52.73061000985068,314.39546856973794,76.5,314.18770036697384,76.56938999014932,322.12615156080096,52.8,322.33391976356506
273.59999999999997,273.4546639680862,340.5078151151789,273.54264869804643,340.5,279.48563768863676,273.59218488482105,279.3976529586766
19.192205865304288,246.71281948285943,95.7,246.6443161815405,95.7077941346957,255.34918209714047,19.2,255.4176853984594
