127.42828123969566,370.99838941782446,478.0,368.1608440876007,478.57171876030435,438.795285170379,128.0,441.6328305006027
32.0,994.2588250339031,286.49559121491336,996.0789805896461,286.0,1065.3729367256165,31.504408785086614,1063.5527811698735
1088.0,1029.9821472167969,1200.5064484937561,1034.0782146410088,1198.0,1102.9226913452148,1085.4935515062439,1098.826623921003
32.0,131.79019851982594,190.58468457613617,133.01425953204523,190.0,208.76376724243164,31.415315423863817,207.53970623021235
30.94055219094796,55.67240897852632,222.0,52.541210889816284,223.05944780905205,117.18659826081542,32.0,120.31779634952545
114.93797453283406,448.31227398676367,421.79999999999995,444.83720312118527,422.0620254671659,467.9750523014596,115.19999999999999,471.45012316703793
883.1999999999999,668.9711013793946,950.4767881316861,670.1635090026564,949.8,708.3485481262206,882.5232118683138,707.1561405029588
883.1942946815903,705.1660985390996,940.1999999999999,705.1461668014526,940.2057053184095,721.4636452753688,883.1999999999999,721.4835770130157
200.85118410913452,337.6253304433504,364.2,332.8248104095459,364.94881589086543,358.3050059366545,201.6,363.105525970459
19.100447705472554,236.9855656827331,85.8,236.80157931447027,85.89955229452744,272.89171760878554,19.2,273.07570397704836
