16.12457883497928,357.1313649830012,148.0,295.0979817708333,174.54208783168738,351.5232294383855,42.666666666666664,413.5566126505534
42.666666666666664,699.0598202645779,766.8293449319643,700.8950565338661,766.6666666666666,765.0859894752502,42.50398840136905,763.250753205962
38.59648050159116,420.95552574066954,169.33333333333334,361.49316151936847,194.7368528317422,417.3465779377159,64.0,476.8089421590169
31.40208564451795,52.43808936158931,361.3333333333333,10.102584838867188,372.59791435548203,97.89030139565352,42.666666666666664,140.22580591837564
26.437952313019057,140.46011126537908,702.6666666666666,51.108683268229164,718.8953810203143,173.93070065478693,42.666666666666664,263.28212865193683
233.31619337489724,621.8753726554376,268.4,612.2954734802246,271.88380662510275,625.0539791512031,236.8,634.633878326416
196.9500947873411,650.9189085680698,313.2,636.2774795532226,314.6499052126589,647.7894257825161,198.4,662.4308547973633
196.02892250743628,602.0100563575701,294.0,589.9314826965332,296.3710774925637,609.163639015965,198.4,621.2422126770019
544.0,625.1622436523437,602.0226620841016,631.3670135494629,601.2,639.0599731445312,543.1773379158983,632.8552032474121
544.0,603.3005004882813,569.3328175094564,603.5701178010993,569.2,616.0494415283204,543.8671824905435,615.7798242155022
185.6,664.425175857544,236.45140539878383,664.7710701444555,236.4,672.3283987045288,185.54859460121617,671.9825044176173
544.0,618.3808849334716,601.4878934924723,620.4155248859053,601.2,628.5498340606689,543.7121065075278,626.5151941082354
229.45362211641526,488.6530000795362,249.2,487.38344802856443,250.14637788358473,502.1032346616747,230.4,503.3727867126465
