682.6666666666666,3.591334025065104,798.4549535362403,122.23879036672501,766.6666666666666,153.26104227701822,650.8783797970931,34.613585935358316
21.333333333333332,172.15542717278004,382.84413078258126,173.16138050327334,382.6666666666667,236.93689783414206,21.15586921741871,235.93094450364876
192.0,500.7881447474162,278.59653730135005,502.97760234475874,276.0,605.6747907002767,189.40346269864995,603.4853331029341
21.333333333333332,92.76516329745452,382.8030615201404,93.4355855098575,382.6666666666667,166.9752291838328,21.196938479859586,166.30480697142983
512.0,651.4606466293335,614.0380421167022,651.7970440949555,614.0,663.3362009048462,511.9619578832979,662.9998034392241
460.8,453.2783622741699,671.7451478527221,455.875061739671,671.6,467.6662742614746,460.6548521472779,465.0695747959735
550.4,638.5537818908691,575.6693483862354,638.7365852826489,575.6,648.3227779388428,550.3306516137646,648.139974547063
460.8,672.9052093505859,487.22575577281486,675.2083699361898,486.0,689.272314453125,459.57424422718515,686.9691538675212
638.1323403139256,679.5916046479252,671.6,674.96728515625,673.4676596860743,688.4841277739498,640.0,693.108447265625
550.3049788305641,683.7570466541306,575.6,683.5430446624756,575.6950211694359,694.7745405651077,550.4,694.9885425567627
505.6,400.8189666748047,627.0502785581452,403.0310867923737,626.8,416.771932220459,505.34972144185474,414.55981210289
544.0,594.0177570343018,582.0991544366359,594.3992369101154,582.0,604.3019878387452,543.9008455633641,603.9205079629315
31.964195860053394,313.3794779999194,268.4,313.14151575565336,268.4358041399466,348.71598533559467,32.0,348.9539475798607
486.4,619.8574298858642,639.8218487806155,622.6004504152916,639.6,635.008833694458,486.17815121938446,632.2658131650307
32.0,255.45980772972106,383.6683751456908,256.4050612582757,383.6,281.8430793762207,31.931624854309227,280.89782584766607
467.2,264.6775131225586,665.485637739738,267.5568264369417,665.2,287.22744064331056,466.914362260262,284.34812732892743
51.16403483786382,711.8896958844458,338.8,711.5115676403045,338.8359651621362,738.8696777088846,51.2,739.2478059530258
486.4,607.1805416107178,639.8206271497289,609.9740302338108,639.6,622.0910495758056,486.1793728502711,619.2975609527126
492.8,439.3773937225342,633.283919930843,440.40814327401523,633.2,451.84584007263186,492.71608006915704,450.8150905211508
467.2,221.60845489501952,666.531479366303,228.37629556798987,665.2,267.5920166015625,465.8685206336971,260.8241759285921
467.2,482.04733085632324,658.9531071440637,484.6614615152557,658.8,495.89225845336915,467.04689285593633,493.27812779443667
473.6,468.36995086669924,652.513648327711,470.16545479798424,652.4,481.4899841308594,473.48635167228895,479.69448019957434
473.6,378.17332763671874,652.5295164730335,379.49753444256436,652.4,396.998063659668,473.47048352696646,395.6738568538224
524.8,522.3664289474488,588.5345026983537,522.7541916554159,588.4,544.8616878509522,524.6654973016464,544.473925142985
499.2,666.1029991149902,626.9752288790959,667.5106172132716,626.8,683.4168563842774,499.0247711209041,682.0092382859959
544.0,504.22304275035856,626.8086216924082,504.2832006622739,626.8,516.1511402606964,543.9913783075918,516.0909823487812
499.2,503.84511642456056,531.0471774088664,504.5786331508556,530.8,515.3103622436523,498.95282259113355,514.5768455173572
512.0,573.6917366027832,614.113597793629,574.8270556967371,614.0,585.0443412780762,511.886402206371,583.9090221841223
