205.33333333333334,629.5904846191406,260.8339438330207,630.2983638427952,260.1666666666667,682.6156078974407,204.66605616697933,681.9077286737861
469.30052616461313,357.07484565738105,531.65,326.95490512847897,538.3494738353869,340.82308219906423,476.0,370.9430227279663
262.68178259713164,454.96771221523306,330.05,426.66541290283203,336.1682174028683,441.2286607706068,268.8,469.5309600830078
376.1414719661544,407.31298880068397,425.25,383.02277450561525,429.9085280338455,392.441112761816,380.8,416.73132705688477
476.0,444.2839389801025,516.6419285060448,494.41885205701504,503.65,504.9507747650146,463.00807149395513,454.81586168810213
251.7437471316842,630.805198213219,442.05,629.799986410141,442.3062528683158,678.3136658223873,252.0,679.3188776254653
554.4,94.33733139038085,671.7123537952182,94.67281744890404,671.65,116.4766161441803,554.3376462047818,116.14113008565711
194.77556344189608,132.66044962834877,274.05,96.33285436630248,280.8744365581039,111.22520710993247,201.6,147.55280237197874
412.94903392147427,320.7295316256066,453.25,315.42489223480226,454.7009660785257,326.4483248197058,414.4,331.75296421051024
27.738421655844245,630.9119211227212,212.45,629.875959610939,212.71157834415573,676.5152876749124,28.0,677.5512491866946
470.4,630.0327380657196,666.1243990294683,630.3327031607013,666.05,678.8773691058159,470.3256009705316,678.5774040108342
547.6213631422021,33.730394154228605,677.25,30.962726020812987,678.4286368577979,86.1662698930126,548.8,88.93393802642822
