75.87521579687709,72.37167191771518,163.75,71.87494468688965,163.8747842031229,93.95020901890744,76.0,94.44693624973297
140.0,166.25765705108643,328.13679981896144,169.04051765970166,327.75,195.19032907485962,139.61320018103856,192.40746846624438
50.57706887951271,365.20867197747293,135.75,361.6434669494629,137.17293112048728,395.63736445670065,52.0,399.2025694847107
115.61393662271244,217.65126292935366,295.75,214.75279569625854,296.13606337728754,238.74614507922178,116.0,241.6446123123169
52.0,415.8750333786011,142.3155779931863,423.2721556683038,139.75,454.59672355651855,49.4344220068137,447.1996012668158
440.0,305.8423709869385,481.2135537349676,307.0337156996767,479.75,357.6641082763672,438.5364462650324,356.472763563629
440.0,146.02886772155762,478.10887807135606,148.05737962248068,475.75,192.3727207183838,437.64112192864394,190.34420881746072
433.4168540658914,194.4084370219146,479.75,191.55058670043945,482.3331459341086,233.4300639546479,436.0,236.28791427612305
436.0,58.041812896728516,481.86927706836696,60.3979446580696,479.75,101.65612411499023,433.88072293163304,99.29999235364916
440.0,107.493239402771,472.65233458722287,108.29952009980413,471.75,144.84179496765137,439.09766541277713,144.03551427061822
438.14938506601464,352.256017809341,479.75,350.59127044677734,481.60061493398536,396.83655726390117,440.0,398.50130462646484
189.80241177337413,59.030732058875984,311.75,42.85960102081299,313.94758822662584,59.43176183760839,192.0,75.60289287567139
440.0,258.7468481063843,476.6172800389904,259.3427715941921,475.75,312.63390159606934,439.1327199610096,312.03797810826154
212.0,126.42466497421265,328.0404306038535,127.6698772498568,327.75,154.73489499092102,211.7095693961465,153.48968271527687
436.0,395.46276473999023,486.26262607038115,398.49942236768794,483.75,440.08830070495605,433.48737392961885,437.05164307725835
