563.2,138.3598164876302,638.6807218090217,176.3652746485881,613.3333333333334,226.7064432779948,537.8526115243116,188.7009851170369
186.32147072213905,18.384343817054607,442.6666666666667,12.632146199544271,444.078529277861,75.55143753467065,187.73333333333332,81.30363515218099
454.5059844728982,295.0005945516743,613.3333333333334,205.5574951171875,722.0273488604352,398.56939242749235,563.2,488.0124918619792
183.7982605687575,542.5894321162289,408.53333333333336,533.1790364583334,412.4684060979091,627.1547731043115,187.73333333333332,636.565168762207
435.2,26.69501708984375,520.5305074514613,44.55311423105377,511.68,86.84307861328125,426.3494925485387,68.98498147207123
51.2,435.750546875,76.48371456793437,435.7562759888949,76.48,452.14940014719963,51.19628543206562,452.1436710333047
416.87879245951916,583.7254395556682,537.28,531.3547399902344,550.4812075404808,561.7045604443317,430.08,614.0752600097657
127.33942980148406,52.3010701856295,204.48,29.953101806640625,215.38057019851593,67.579618290933,138.24,89.92758666992188
281.56267390766254,217.31938330857957,347.84,217.02894927978517,347.87732609233746,225.5467996290425,281.6,225.83723365783692
71.68,497.7530513000488,185.2633995223632,500.9491948231634,184.0,545.8474328613281,70.41660047763683,542.6512893382136
29.530871097540707,383.30138709737184,81.6,381.75118133544925,82.78912890245928,421.6922702054846,30.72,423.24247596740724
122.88,534.813330078125,180.14828237150448,542.8537972000765,173.76,588.3543823242187,116.49171762849555,580.3139152022673
