426.6666666666667,380.50900014241535,686.636694750783,403.9954609674807,681.3333333333334,462.69800567626953,421.36330524921703,439.2115448512042
661.3333333333334,225.5301424662272,767.8547124474293,227.46362161769397,766.6666666666666,292.91675821940106,660.1452875525708,290.9832790679343
400.9842084975581,83.35331310505316,766.6666666666666,59.596160888671875,771.0157915024419,126.5401551159755,405.3333333333333,150.29730733235678
298.6666666666667,79.75293986002605,370.6825736660299,147.8280665087063,340.0,180.28681437174478,267.98409300063673,112.21168772306453
21.333333333333332,465.01680346826714,382.75773462465776,465.5222953293794,382.6666666666667,530.6354746421179,21.242265375342296,530.1299827810055
592.4038026424279,644.0062224939467,660.0,640.5471725463867,664.9295306909055,736.8792679235338,597.3333333333334,740.3383178710938
422.4,353.36913070678713,507.3528193326241,365.27521715647714,505.2,380.63610610961916,420.24718066737586,368.7300196599291
537.5536245489479,597.2113896218946,678.0,596.8787183761597,678.0463754510521,616.4573988111804,537.6,616.7900700569153
601.6,739.8890319824219,671.8349418783168,741.2433103893225,671.6,753.4277542114257,601.3650581216832,752.0734758045253
134.02899537195464,237.77990066115098,268.4,236.4547559738159,268.7710046280454,274.0749985545473,134.4,275.40014324188235
298.3724406626337,288.51772769356165,338.8,238.25454711914062,354.02755933736626,250.50234066581334,313.6,300.76552124023436
512.0,530.2019275665283,576.6466202631409,535.9034166629334,575.6,547.7705730438232,510.9533797368591,542.0690839474181
563.2,457.2483268737793,678.858958923284,462.3856545217033,678.0,481.72378158569336,562.3410410767159,476.5864539377693
537.6,466.04500312805175,556.4618363064792,466.17581221925803,556.4,475.09221305847166,537.5381636935208,474.9614039672654
64.0,298.19799041748047,315.20739838734096,324.27388071658066,313.2,343.6125617980957,61.992601612659016,317.53667149899553
51.2,203.10972900390624,89.83198588164092,225.70726695296975,70.0,259.6113586425781,31.36801411835909,237.01382069351462
518.4,573.3968444824219,564.0267866788212,578.4413026425311,562.8,589.5375061035156,517.1732133211788,584.4930479434063
505.6,558.7097827911377,582.9878602722667,565.172034530495,582.0,577.0020275115967,504.6121397277332,570.5397757722393
25.6,643.6457696557045,383.6363779414477,643.9983937439092,383.6,680.9346860408783,25.563622058552347,680.5820619526736
428.8,655.5522689819336,540.34461112494,674.0991195387332,537.2,693.0114639282226,425.65538887506,674.464613371423
512.0,547.012395477295,576.0614477657457,549.9250384404382,575.6,560.0742439270019,511.5385522342543,557.1616009638586
44.767800378031794,705.5618067314361,364.4,705.28121676445,364.4321996219682,741.9612025360132,44.8,742.2417925029993
70.4,71.60581703186035,340.2175723474553,84.24409543929424,338.8,114.5081802368164,68.9824276525447,101.86990182938251
537.6,618.4934131622315,767.6237287685506,618.9007579441483,767.6,632.300168132782,537.5762712314494,631.8928233508652
44.8,587.4925113677979,364.52870429763686,588.4593625107689,364.4,631.0206798553467,44.67129570236317,630.0538287123757
