639.9632411938491,38.984528050450464,745.3333333333334,38.91759252548218,745.3700921394843,96.78340881503823,640.0,96.85034434000652
21.333333333333332,706.8476441706686,788.0041215506145,706.8864182132762,788.0,788.3809502720833,21.32921178271877,788.3421762294756
64.0,94.72953325510025,489.43618695547167,95.20041640202146,489.3333333333333,188.1271926164627,63.897146377861645,187.6563094695415
345.6,565.0215965270996,685.4215903770532,586.424170545508,684.4,602.6445777893066,344.57840962294677,581.2420037708982
345.5218779507252,601.8737725644338,441.2,601.5119987487793,441.2781220492749,622.1728941530955,345.6,622.53466796875
678.4,359.7190528869629,729.2471345809843,359.8431499712551,729.2,379.1559194564819,678.3528654190158,379.0318223721897
448.0,531.4872894287109,700.3693453721933,562.4206222322266,697.2,588.277700805664,444.8306546278068,557.3443680021484
271.08576907823084,325.00903079245506,370.8,301.20875854492186,374.91423092176916,318.4458459165293,275.2,342.2461181640625
334.2032790112682,423.98240919725384,434.8,398.79963912963865,439.7967209887318,418.7598637519649,339.2,443.94263381958007
645.9804308438755,334.5867511379426,729.2,331.8012351989746,729.6195691561245,344.33620723608084,646.4,347.1217231750488
446.61783745517823,299.00287831122625,569.2,293.3593780517578,570.5821625448218,323.3812555999066,448.0,329.024755859375
619.9753593371438,104.85849662465141,754.8,102.82819366455078,755.6246406628562,157.58942055064156,620.8,159.61972351074218
