272.0,69.89327982068062,520.248147429605,71.3623564043098,519.9166666666666,127.37678494056065,271.66851923706173,125.90770835693147
394.38992094489384,534.5951303194335,475.575,534.5285434186459,475.5850790551061,546.8172800307104,394.4,546.883866931498
108.47646827199222,583.2146607252081,223.975,581.9184241175651,224.29853172800776,610.7460620132963,108.8,612.0422986209393
67.8410321818729,133.3982365474535,189.975,132.79439280629157,190.13396781812708,164.94736394728886,68.0,165.5512076884508
591.5733079422195,618.7489983124783,829.175,618.5069378376007,829.2016920577805,644.7073247300336,591.6,644.9493852049112
156.4,542.9974990844727,176.62588395395093,543.2970943732955,176.375,560.234442615509,156.14911604604904,559.9348473266862
33.93281188588977,92.10001942653699,217.17499999999998,91.5948428273201,217.24218811411023,115.96591833617046,34.0,116.47109493538737
394.34022295029,595.8475172005063,475.575,595.4548805832862,475.63477704970995,607.8224874057406,394.4,608.2151240229606
420.32547237130694,509.53217628017927,448.375,507.82892093658444,449.649527628693,528.8180803535793,421.59999999999997,530.5213356971741
681.6709296834241,91.43976985782753,733.975,77.74168257713318,739.1040703165759,97.32626026302208,686.8,111.02434754371643
630.0580467933241,37.77852631378894,801.975,19.251911163330078,804.3169532066759,40.98396834563489,632.4,59.51058349609375
360.19207688832364,556.1364005130852,509.575,555.288071513176,509.7829231116763,591.9014163452065,360.4,592.7497453451157
87.33360912101922,35.426388174575294,162.775,33.61217761039734,163.84139087898077,77.95654023261693,88.39999999999999,79.77075079679489
129.2,561.1785387396812,196.9050723145171,561.9381721434276,196.775,573.5313372373581,129.0699276854829,572.7717038336117
135.96971276798516,611.3755025912617,196.775,611.1830737799406,196.80528723201482,620.7534901301766,136.0,620.9459189414978
615.036530687194,75.88117671174415,638.775,73.65031585693359,642.5384693128059,113.69718861418356,618.8,115.92804946899413
609.3528126122785,449.28641310415077,659.175,446.9622816085815,661.8221873877214,503.7097876481075,612.0,506.03391914367677
394.376424175532,678.1446997004057,468.775,677.9961648583412,468.79857582446795,689.804894311497,394.4,689.9534291535616
