624.0,74.6729022860527,737.6796772239996,75.14490680773606,737.625,88.31361365318298,623.9453227760005,87.84160913149962
636.0,712.0012565553188,743.6387187313176,712.0867988564795,743.625,729.3492133766413,635.9862812686825,729.2636710754807
635.9873204104769,734.9823593159608,743.625,734.8622210919857,743.6376795895231,746.2224822084019,636.0,746.3426204323769
377.9738172399441,208.68505137413112,437.625,208.48673978447914,437.651182760056,216.36238945276176,378.0,216.5607010424137
371.93850985540683,369.035784019909,437.625,368.638899743557,437.68649014459317,378.81585060171125,372.0,379.2127348780632
377.9503313315432,202.78429591273292,437.625,202.39866828918457,437.67466866845683,210.08473939085977,378.0,210.4703670144081
623.9788293322928,63.17069209927661,731.625,62.990753173828125,731.6461706677073,75.65583552604575,624.0,75.83577445149422
17.425922514821526,104.19185069156147,209.625,101.95090699195862,210.19907748517846,151.18782582926298,18.0,153.4287695288658
281.7371117632607,253.5783948830496,533.625,250.94537723064423,533.8878882367393,276.0946058102717,282.0,278.727623462677
17.831589117854836,20.370142093697968,209.625,19.681733340024948,209.79341088214517,66.6016734830789,18.0,67.29008223675191
263.57889084989273,331.483144939079,311.625,329.4225869178772,312.0461091501073,339.24160486446414,264.0,341.3021628856659
383.91993689921145,358.58281084784437,443.625,358.1330577135086,443.7050631007886,368.76149389258455,384.0,369.2112470269203
256.5074184495566,400.2454475749834,311.625,392.9752378463745,313.11758155044345,404.2909341465132,258.0,411.56114387512207
