95.73333333333333,648.8111767337223,401.0664559693437,649.5593149714267,400.8833333333333,724.2960460466146,95.55021069732295,723.5479078089102
114.88,259.4192081145445,363.52635240941134,263.4545785645054,362.59,321.14955701986946,113.9436475905886,317.11418656990855
19.146666666666665,39.94066498438517,78.44206576305365,43.061279775572785,75.39,101.0541656645139,16.094600903613017,97.93355087332628
478.66666666666663,646.4944476795196,632.0945187997016,649.3851703285409,630.6433333333333,726.4082182598114,477.2154812002983,723.5174956107901
333.0779497528228,404.7531527414184,390.233,404.4118538894653,390.3070502471772,416.81255659915394,333.152,417.153855451107
68.928,52.08168013763427,132.355167766381,68.32659906644484,120.265,115.53182690429686,56.83783223361902,99.28690797548629
108.68772509340415,329.6104669939884,384.489,326.3084145965576,384.9372749065958,363.7502161996952,109.136,367.052268597126
264.1165274205827,52.39468605212709,510.85699999999997,51.84262212610245,510.96447257941725,99.87661562700727,264.224,100.42867955303191
200.9193767287774,560.7370733088975,252.37699999999998,560.2609656887054,252.4976232712226,573.2979064665312,201.04,573.7740140867234
264.224,513.3150456542968,281.2618167204211,513.5734622470108,281.097,524.4400906066894,264.05918327957886,524.1816740139756
97.648,155.71827254533767,155.09585721979715,156.65906590662277,154.72899999999998,179.06054326629638,97.28114278020283,178.11974990501128
396.0284750891427,519.8702990988621,430.441,518.85734130764,430.74852491085727,529.3046755868068,396.33599999999996,530.3176333780289
124.51425740781472,506.19710889167214,160.47299999999998,503.6353288898468,162.32674259218527,529.6556166027126,126.368,532.217396604538
338.89599999999996,393.10283229017256,378.76662268373894,393.18501753699536,378.745,403.6748548021316,338.874377316261,403.5926695553088
108.54519071304854,492.7936821537343,177.70499999999998,490.06065645408626,178.29580928695145,505.0112138585718,109.136,507.7442395582199
545.68,54.40861195802688,712.0484524570195,55.01636465895394,711.8969999999999,96.47551548910141,545.5285475429804,95.86776278817436
269.8757570036749,501.26415102072235,304.073,501.01746226787566,304.1652429963251,513.8046531050634,269.96799999999996,514.0513418579102
384.84799999999996,534.1226551971436,432.1498774515683,540.4166261866893,430.441,553.259569366455,383.1391225484317,546.9655983769093
200.13449909425808,508.34558761104745,252.37699999999998,506.395959651947,253.28250090574193,530.6598873759825,201.04,532.609515335083
333.152,538.2287813777923,373.1132950285505,538.5992437847002,373.001,550.7123615598679,333.03970497144945,550.34189915296
