64.0,285.5200593471527,382.7205582330211,285.73168410895823,382.6666666666667,366.89586341381073,63.946108433645584,366.6842386520052
63.700395123314514,377.53310301324933,382.6666666666667,376.40793053309125,382.96627154335215,461.3405538755535,64.0,462.46572635571164
182.78997536838304,642.9084629832809,254.66666666666666,633.016726175944,263.8766912982836,699.9398671965693,192.0,709.8316040039062
448.0,497.3212496439616,534.6177905958625,499.759969068803,532.0,592.7379620869955,445.3822094041375,590.299242662154
185.29144766607288,714.4178529213364,268.4,713.0328639984131,268.7085523339271,731.5480574180191,185.6,732.9330463409424
473.1476620974687,306.73184738135336,537.2,305.5490867614746,537.6523379025314,330.0454216005802,473.6,331.22818222045896
467.1902458128035,593.2811061895106,530.8,593.2338170051574,530.8097541871965,606.3543953859593,467.2,606.4016845703125
467.1429006158986,622.101224384691,530.8,621.82472782135,530.8570993841014,634.9705735584241,467.2,635.2470701217651
473.53920996838997,272.30291176649723,505.2,272.126481628418,505.26079003161004,283.03539122727716,473.6,283.21182136535646
370.4854881951317,450.3429559594304,402.8,448.55701904296876,403.5145118048683,461.48530331791335,371.2,463.271240234375
441.6,605.8849418640136,531.0013986590559,607.2496655626182,530.8,620.4430480957031,441.3986013409441,619.0783243970985
454.4,743.1909599304199,530.9677977469202,744.0017394330857,530.8,759.8480995178222,454.2322022530799,759.0373200151564
12.8,4.141346458345652,255.62133965077692,4.316988824016084,255.6,33.81854199171066,12.778660349223102,33.64289962604023
357.6039533106326,464.5624337386131,402.8,461.9955429077148,403.5960466893674,476.0117850113869,358.4,478.5786758422852
32.0,608.3320037841797,85.67594875915482,620.365749336029,76.4,661.7406768798828,22.72405124084517,649.7069313280334
251.25868646741392,628.0370922421763,287.6,621.0894836425781,292.34131353258607,645.8901843691518,256.0,652.83779296875
