208.0,405.09996470808983,307.76129856977974,405.19090079006946,307.75,417.5859805941582,207.98870143022026,417.49504451217854
159.99264308084804,30.049423171508938,351.75,29.881287842988968,351.75735691915196,38.27181102491554,160.0,38.439946353435516
215.96968421652724,42.73192734165206,299.75,42.36260151863098,299.78031578347276,49.23963462667451,216.0,49.60896044969559
184.0,369.09740829467773,502.5914199031666,411.74115499684643,499.75,432.9694023132324,181.15858009683342,390.3256556110637
248.0,452.252539396286,291.8907614752214,452.95614924557975,291.75,461.73676586151123,247.85923852477862,461.0331560122175
92.0,23.65057134628296,160.27792678688738,46.20542201590296,151.75,72.02111768722534,83.47207321311262,49.46626701760534
352.0,8.948491096496582,510.449164261043,77.49406470491105,499.75,102.22613048553467,341.300835738957,33.680556877120196
172.0,417.50183486938477,242.68799339244327,435.8498487410085,235.75,462.5793266296387,165.06200660755673,444.23131275801495
211.99243619054783,474.2226455718011,303.75,474.1249589025974,303.75756380945217,481.229681932953,212.0,481.32736860215664
372.0,198.107647895813,510.15987120503485,253.706349515266,499.75,279.5743360519409,361.59012879496515,223.9756344324879
3.6976022474623083,0.6168004626381317,107.75,-1.2364157438278198,108.05239775253769,15.74228923227907,4.0,17.595505438745022
152.0,47.963158905506134,246.67828282033142,87.08957199610796,235.75,113.53388339281082,141.07171717966858,74.40747030220899
218.1334989568073,459.2776996103425,239.75,453.87240529060364,241.6165010431927,461.336794713388,220.0,466.74208903312683
28.0,193.17581236362457,372.95645033357545,206.7824367703,371.75,237.36848163604736,26.793549666424543,223.76185722937194
244.0,462.9202401638031,295.7930219401738,463.3488536575145,295.75,468.54756140708923,243.9569780598262,468.11894791337784
279.7663091965766,0.5004145934837354,391.75,-1.1220307350158691,391.9836908034234,15.007670657370756,280.0,16.63011598587036
28.0,349.7868490219116,182.07000070697114,412.4239916186356,171.75,437.808331489563,17.67999929302887,375.171188892839
180.0,240.4218168258667,244.7895874354946,260.56410709635963,235.75,289.64079761505127,170.9604125645054,269.49850734455833
180.0,163.01528370380402,340.02224407937615,164.45235455984383,339.75,194.76756715774536,179.72775592062385,193.33049630170555
120.0,123.5646160914257,399.7500289627079,123.56488929077668,399.75,153.22205481809215,119.9999710372921,153.22178161874118
68.0,9.539855241775513,93.1535191188124,10.675503902926001,91.75,41.762094497680664,66.5964808811876,40.62644583653017
