287.92170519316835,607.4681926709194,709.1999999999999,606.997973370552,709.2782948068316,677.1437600034694,288.0,677.6139793038368
57.599999999999994,53.04805870056152,172.43824952180628,54.78630330009495,171.6,110.16579809188842,56.76175047819372,108.42755349235499
16.36387189982425,578.4007216118059,75.6,575.6820453643799,78.43612810017574,637.4772839881697,19.2,640.1959602355956
184.22599898963415,694.4363484449784,247.32000000000002,694.1418862438202,247.41400101036587,714.2833503083785,184.32,714.5778125095368
92.01705284302881,607.4468822461461,247.32000000000002,606.7098086071014,247.46294715697118,636.8290715807583,92.16,637.5661452198029
397.44,694.9435255622864,518.0785332733172,695.1873430261403,518.04,714.2532356071472,397.40146672668277,714.0094181432933
570.24,695.2126978111268,708.1409616803994,695.3686433468094,708.12,713.9048321056366,570.2190383196007,713.7488865699539
448.45644860474215,103.53002459929216,552.6,97.72264503479005,553.4235513952578,112.49136578156723,449.28000000000003,118.29874534606934
28.046751982878085,693.8694094196989,45.72,692.9656024932862,46.47324801712192,707.6947870524691,28.8,708.5985939788818
264.96000000000004,691.1806345367432,286.9058921613662,697.0727179074975,281.88,715.7923592376709,259.9341078386338,709.9002758669167
57.420044633604256,644.8637678603712,241.56,643.7640960502624,241.73995536639575,673.8976075501856,57.6,674.9972793602943
178.56,395.7302422142029,541.2778057109238,399.65990775661106,541.08,417.91786193847656,178.36219428907629,413.9881963960684
212.51620235390658,203.70250533151037,541.08,193.29745262145997,541.6837976460934,212.3637709899008,213.12,222.76882369995118
178.4579308177848,310.36593190719293,460.44,308.68059522628783,460.54206918221524,325.758298172458,178.56,327.44363485336305
184.1746394553132,292.68261743974455,327.96000000000004,291.5008535385132,328.1053605446868,309.18688905287024,184.32,310.36865295410155
350.67658605237006,693.724985637824,379.8,692.9131105041504,380.48341394762997,717.4283918188411,351.36,718.2402669525147
137.73617363667645,692.0607114873468,166.68,691.4099655532838,167.18382636332356,713.8191148294868,138.24,714.4698607635498
287.6445263436245,220.2730246246749,437.40000000000003,217.01663497924807,437.7554736563755,233.36422589412393,288.0,236.62061553955078
56.516055513497335,692.1781381254763,97.56,690.437110748291,98.64394448650266,715.9906189317137,57.6,717.7316463088989
51.84,110.98667158126831,161.01131281150856,111.17546438002078,160.92000000000002,163.9780054450035,51.74868718849143,163.78921264625103
