20.93981962726983,38.5871853580638,404.0,37.077283223470054,404.3935137060635,136.9111915081179,21.333333333333332,138.42109364271164
148.23185878287362,248.87020049626167,276.0,246.77874628702799,277.1014745504597,314.06846044327284,149.33333333333334,316.15991465250653
633.4734088924469,138.37912649541812,799.6,137.67033843994142,799.7265911075531,167.34091344446225,633.6,168.04970149993898
38.4,284.35013256073,153.70221254207468,286.59685480597807,153.2,312.3704978942871,37.89778745792533,310.123775649039
652.8,169.30032234191896,786.9037136005356,170.10770296710675,786.8,187.3342483520508,652.6962863994643,186.52686772686297
102.4,624.6212890625,134.30912162985163,625.727075520024,134.0,634.6472423553466,102.09087837014835,633.5414558978227
44.8,354.8459216833115,102.03814477683541,355.06067244209,102.0,365.2275108337402,44.76185522316459,365.0127600749617
669.4942963023791,556.5114783012175,716.4,554.349072265625,718.9057036976209,608.7013970649934,672.0,610.863803100586
31.911811619369484,198.5611107068807,415.6,197.7699752807617,415.68818838063055,240.5399472517222,32.0,241.33108267784118
38.39768694340708,343.7770998456099,134.0,343.75246216952803,134.00231305659293,352.7278850048266,38.4,352.75252268090844
31.96397599298253,142.88772435600805,402.8,142.60152430534362,402.8360240070175,189.27866325114917,32.0,189.5648633018136
645.879835531847,71.67810733043635,761.2,70.4323944091797,761.720164468153,118.58590634143863,646.4,119.83161926269531
76.8,610.7203086853027,159.973359509064,613.7386291422594,159.6,624.0269882202149,76.426640490936,621.0086677632582
38.39676011470351,332.1175495342143,287.6,332.03891759514806,287.6032398852965,342.3068815081589,38.4,342.3855134472251
44.79622876610771,322.27921171505767,364.4,322.17021213769914,364.4037712338923,333.22805844674986,44.8,333.3370580241084
