594.0,686.2151176929474,731.6926783107205,686.5955503677031,731.625,711.0908381938934,593.9323216892797,710.7104055191378
426.0,121.15376615524292,479.99057285276695,164.6365657508529,473.625,172.5404019355774,419.6344271472331,129.05760233996745
324.0,682.0944036841393,575.7465674387637,683.024829744608,575.625,715.9174869060516,323.87843256123637,714.987060845583
266.12957597499815,489.7810744876486,383.625,435.47922563552856,393.4954240250019,456.8363190060038,276.0,511.1381678581238
426.0,143.63936233520508,443.8681976745992,161.57665405165648,437.625,167.79580307006836,419.7568023254008,149.85851135361696
233.0636676152443,538.9439602863682,431.625,442.48108434677124,438.5613323847557,456.7589854228604,240.0,553.2218613624573
72.0,419.69240140914917,112.82703747266892,441.3251468250978,107.625,451.14284563064575,66.79796252733108,429.51010021469716
474.0,197.180419921875,492.47150523914036,212.93340942452625,485.625,220.96142578125,467.1534947608597,205.20843627859878
588.0,227.55236434936523,641.9030377400111,268.9266388825084,635.625,277.10576248168945,581.721962259989,235.7314879485463
504.0,224.115868806839,551.3522759347303,262.58652058831063,545.625,269.6360385417938,498.27272406526976,231.16538676032224
54.0,407.495543718338,86.05604483236809,414.1112601602673,83.625,425.89073753356934,51.56895516763191,419.2750210916401
24.0,46.381420858204365,306.0061740194779,49.053060449808456,305.625,89.28806340694427,23.61882598052209,86.6164238153402
36.0,408.4612798690796,91.78020623636333,459.24343051793994,83.625,468.20128440856934,27.844793763636684,417.419133759709
480.0,164.47295451164246,624.1893841706939,284.13339965119104,617.625,292.04340291023254,473.4356158293062,172.382957770684
474.0,94.53738355636597,658.1606348831589,237.40982977205343,641.625,258.7240376472473,457.46436511684124,115.85159143155987
84.0,378.84161496162415,131.5792696898496,425.96103103503714,125.625,431.9734103679657,78.0457303101504,384.8539942945527
24.0,110.69131981953979,119.88483734692092,111.26438631884487,119.625,154.74007679522038,23.740162653079082,154.1670102959153
24.0,166.39754039794207,215.7680521548241,167.01871304836314,215.625,211.1816894263029,23.856947845175906,210.56051677588187
