199.94382276974753,466.58179108335065,279.8076923076923,466.178975380384,279.86386953794477,477.31690013069726,200.0,477.71971583366394
43.07692307692307,23.599324111755077,273.7476636671436,25.23885230166811,273.65384615384613,38.4383540887099,42.98310556362559,36.79882589879687
212.3076923076923,53.27288178297189,279.8554896116442,53.59235343859622,279.8076923076923,63.69842245028569,212.2598950037404,63.378950794661364
73.84615384615384,256.35426447941705,224.9597660228431,278.8233889807267,221.34615384615384,303.1263380784255,70.23254166946457,280.65721357711584
227.69230769230768,245.05672271435077,280.05332961581115,246.0387124754723,279.8076923076923,259.1364258986253,227.44667038418885,258.15443613750375
113.666792970461,149.68921061793571,282.88461538461536,148.49717103517972,283.0639762603082,173.95862151895204,113.84615384615384,175.15066110170804
21.538461538461537,329.498866888193,73.82502394711962,354.88360062443223,70.57692307692308,361.57392208392804,18.290360668264995,336.18918834768874
6.016721374782081,407.38403241116333,264.4230769230769,405.8736403171833,264.560201702141,429.33371704463707,6.153846153846153,430.8441091386171
138.46153846153845,190.11785617241492,280.72345372007527,195.27137763075095,279.8076923076923,220.55078579829288,137.5457770491555,215.39726433995688
9.23076923076923,240.15367141136755,80.81873879194936,249.8616038566463,76.73076923076923,280.0069970350999,5.142799669589099,270.29906458982117
168.84752486325235,345.37310783650486,190.57692307692307,341.5896694476788,194.03709052136304,361.46242765309097,172.3076923076923,365.24586604191705
76.92307692307692,105.52650900987479,280.26892604695456,109.21643475425272,279.8076923076923,134.63428130516638,76.46184318381466,130.94435556078844
9.23076923076923,48.86793705133291,297.2334467098573,73.50985457625005,295.1923076923077,97.3656889108511,7.189630213219611,72.72377138593397
126.02378666758483,388.7443809002929,165.96153846153845,388.34966604526227,166.09159794779978,401.5092505264449,126.15384615384615,401.9039653814756
126.11751426194616,484.4369530879288,187.5,484.08136477837195,187.5363318919,490.3530609406203,126.15384615384615,490.70864925017725
110.76923076923076,439.4416170853835,154.33479903927912,458.75337117180254,150.57692307692307,467.2307990147517,107.0113548068747,447.91904492833265
126.12629953075246,10.60407949653005,187.5,10.345239089085505,187.52754662309368,16.87682436737681,126.15384615384615,17.135664774821354
83.07692307692308,426.1372129733746,106.06752579787204,437.87481240345727,101.34615384615384,447.1226307062002,78.3555511252049,435.3850312761175
109.52586308946907,301.9667248159304,276.7307692307692,291.1732446230375,277.9741369105309,310.43461097367674,110.76923076923076,321.22809116656964
208.95808979493944,274.00196169169936,276.7307692307692,272.6161091144268,277.003448666599,285.9510166625346,209.23076923076923,287.33686923980713
175.3846153846154,-0.31578453687521124,313.6659613123385,-0.16497136616815525,313.65384615384613,10.943477681049933,175.37250022612304,10.792664510342878
80.0,357.8121368701641,106.87424483365257,361.91626722930766,104.42307692307692,377.96675315270056,77.54883208942434,373.862622793557
