40.0,354.36589052148446,295.1926780859267,354.3755852184913,295.1923076923077,364.12542469369674,39.999629606381006,364.11572999668994
6.151586629383802,2.542095974061505,329.03846153846155,2.449359016922804,329.04072106292386,10.316457689765974,6.153846153846153,10.409194646904675
282.4295338838633,462.20911038486463,304.4230769230769,461.0547593923715,305.0704661161367,473.3892938392376,283.0769230769231,474.5436448317308
42.91757769093534,220.68031235702637,61.34615384615385,220.559871334296,61.50549923214158,244.94117028118598,43.07692307692307,245.06161130391632
280.0,99.52674425565279,318.2467428853953,125.87918198161854,310.5769230769231,137.01081349299503,272.3301801915278,110.65837576702928
220.5226565666418,460.49283018055655,282.88461538461536,456.3553634056678,283.9004203564351,471.6660815978201,221.53846153846152,475.8035483727088
12.307692307692307,186.7825016608605,50.90684226244238,221.55451240966485,42.88461538461538,230.45969596275916,4.28546542986531,195.6876852139548
61.53846153846153,240.91271767249472,88.3635986557721,248.0016046918069,82.88461538461539,268.734686924861,56.05947826730483,261.64579990554887
323.07692307692304,319.2249122032752,340.3566760073788,331.0345135676976,332.88461538461536,341.96759737454926,315.6048624541596,330.15799601012685
190.76923076923077,189.03568487900952,214.34994490900198,196.04556453097217,209.03846153846152,213.91299981337326,185.45774739869032,206.90312016141067
92.3076923076923,91.97238335242638,150.19715948745332,135.42983948201035,141.34615384615384,147.2202212993915,83.4566866663928,103.76276516980755
15.384615384615383,10.002947587233322,102.19434314103597,87.74063149142178,92.11538461538461,98.99581175584059,5.305656858964016,21.25812785165213
323.07692307692304,140.4592484694261,337.98953925946984,145.29259202290444,332.88461538461536,161.04313190166766,317.9719992020686,156.20978834818928
215.3846153846154,209.750185746413,284.0500176316972,266.8134793200434,273.65384615384613,279.3234003507174,204.98844390676433,222.26010677708695
12.307692307692307,366.8909967862643,101.6312430954583,448.7320288340224,92.11538461538461,459.1178982074444,2.791833827618616,377.27686615968616
193.84615384615384,368.65075771625226,283.19239612725454,449.2912945037678,273.65384615384613,459.85959713275616,184.30760387274543,379.2190603452406
36.92307692307692,256.8099184678151,157.26690267304474,259.07343257403363,156.73076923076923,287.57793774971594,36.3869434808014,285.31442364349743
196.9230769230769,12.062204801119291,283.698092569061,88.28430953079719,273.65384615384613,99.71917665921724,186.8788305078621,23.49707192953935
33.61027301873396,300.2594397449236,310.5769230769231,298.0692017995394,310.81280390434296,327.8975237501842,33.84615384615385,330.08776169556836
144.6153846153846,142.1936534001277,177.2366259634678,161.21766531093388,169.03846153846152,175.27538886437048,136.41722019037837,156.25137695356432
