11.79605793524928,97.31458669519661,126.66666666666667,5.4833221435546875,157.53727539808406,44.098990066684905,42.666666666666664,135.9302546183268
255.37012383840263,32.764223715678334,745.3333333333334,30.477773666381836,745.9632094949307,165.4538890709326,256.0,167.7403391202291
601.3927713972196,530.9982056752233,652.4,530.4961227416992,652.6072286027804,551.5487337931605,601.6,552.0508167266846
255.9384219096653,578.1826374455742,396.4,577.932923078537,396.4615780903347,612.5699199274727,256.0,612.8196342945099
678.4,642.0753784179688,703.6177873955627,642.1120299415501,703.6,654.350505065918,678.3822126044373,654.3138535423366
639.389798110901,735.0521629525617,735.6,729.8232963562011,736.2102018890989,741.050901012282,640.0,746.2797676086426
678.2998836237939,654.8791793436789,703.6,654.6720252990723,703.7001163762061,666.8994282155252,678.4,667.1065822601319
521.8305522094274,423.00362577986607,678.0,410.6938720703125,680.9694477905725,448.36619538712614,524.8,460.6759490966797
639.9046232309693,719.0474282771423,671.6,718.785855102539,671.6953767690308,730.3428606480286,640.0,730.6044338226318
601.3324293596958,585.5481082689398,665.2,584.0990703582763,665.4675706403043,595.8924724805719,601.6,597.3415103912354
569.2801163959995,553.8027451668096,697.2,552.2821037292481,697.5198836040006,579.1914542045283,569.6,580.7120956420898
492.5874163696,329.04220258874545,690.8,326.03969650268556,691.0125836304,340.07355668859833,492.8,343.0760627746582
511.4209022455031,507.19858555148693,550.0,506.46124267578125,550.5790977544968,536.7606727187767,512.0,537.4980155944825
108.8,734.9157795667649,255.631571303067,735.0883047560121,255.6,761.9577958583832,108.768428696933,761.7852706691359
268.76287205102346,447.3217614105597,409.2,447.1714534282684,409.23712794897654,481.8611780950174,268.8,482.01148607730863
639.2233058282426,751.0592315082274,735.6,744.6220149993896,736.3766941717574,756.2505219097413,640.0,762.6877384185791
486.4,747.1379592895507,524.7285197321445,748.5952220553067,524.4,757.235856628418,486.0714802678555,755.778593862662
121.2899336423756,703.5516503195287,242.8,702.2027902603149,243.11006635762436,730.1346601624965,121.6,731.4835202217103
524.8,539.8939617156982,543.7868559630549,540.2274253267437,543.6,550.8666889190674,524.6131440369452,550.5332253080219
32.0,30.838694763183593,58.499917945421544,31.759130460121447,57.2,69.18457908630371,30.700082054578456,68.26414338936586
326.4,692.7640396118164,444.1675528414444,701.1411557661232,441.2,742.8597412109375,323.4324471585556,734.4826250566307
12.297725660300932,181.42057077532752,185.2,13.18713836669922,198.50227433969908,26.858579615297476,25.6,195.09201202392578
300.8,328.7167402267456,441.41097138392905,329.5736203258922,441.2,364.19327278137206,300.589028616071,363.33639268222544
454.4,206.1496811121702,774.0030860658389,206.17815820653914,774.0,240.81357968449592,454.39691393416103,240.785102590127
537.6,753.0200145721435,575.6162050508386,753.0948533543922,575.6,761.3266085624695,537.5837949491613,761.2517697802209
38.4,698.6181099891662,89.60769044285503,699.0307463550829,89.2,749.6246535301209,37.99230955714498,749.2120171642042
