601.6,286.78837592601775,639.1199779631329,305.1610006795002,633.2,317.25058753490447,595.6800220368671,298.87796278142207
306.4284658960594,441.62058299860837,402.8,438.8671813964844,403.5715341039406,465.8715694061768,307.2,468.6249710083008
422.24184753091276,310.812944108657,479.6,285.7538299560547,486.1581524690872,300.76487571556174,428.8,325.82398986816406
171.5551083361881,287.0530029025339,313.2,275.2355812072754,314.44489166381186,290.1569870266653,172.8,301.97440872192385
729.6,7.5480388641357425,786.9364660852051,7.794702147926968,786.8,39.51601448059082,729.4635339147949,39.2693511967996
211.2,310.16004180908203,294.6317020978228,313.1861406772322,294.0,330.60261764526365,210.56829790217716,327.5765187771135
728.4393046694702,44.56570351037626,786.8,42.41329803466797,787.9606953305298,73.88459251013155,729.6,76.03699798583985
51.179198763884024,62.868807839647516,294.0,62.727049231529236,294.020801236116,98.35785068641545,51.2,98.49960929453373
454.4,572.0367370605469,582.1270513545243,573.978031946752,582.0,582.33734664917,454.27294864547576,580.3960517629647
486.2488220416899,113.40155281140203,518.0,112.85365600585938,518.1511779583101,121.61457267687922,486.4,122.16246948242187
215.21406699087032,498.99847183344207,268.4,494.4889373779297,270.7859330091297,522.628887175347,217.6,527.1384216308594
184.12490302906284,714.2904326617526,230.0,708.0319232940674,231.47509697093716,718.844436723013,185.6,725.1029460906982
313.3367689713169,575.6310671442073,415.6,572.3225967407227,415.8632310286831,580.4589414007145,313.6,583.7674118041992
319.76301464890713,113.77025815842478,338.8,113.23824157714844,339.0369853510929,121.7182153523174,320.0,122.25023193359375
550.4,278.7641296386719,590.08373476676,283.41031587857515,588.4,297.7913330078125,548.71626523324,293.14514676790924
325.5771044468612,653.9516614146232,422.0,644.0433620452881,422.8228955531387,652.0513933949471,326.4,661.9596927642822
44.57466402677076,10.062190632391188,326.0,8.653402328491211,326.2253359732292,53.66744155449847,44.8,55.076229858398435
485.89403475129495,652.9425141281012,575.6,647.2512218475342,576.105965248705,655.2262297683832,486.4,660.9175220489502
466.4190371235736,442.0486381769704,562.8,439.21743927001955,563.5809628764264,465.80333325857646,467.2,468.63453216552733
