42.666666666666664,319.43224789698917,319.0978093220083,321.23638046196106,318.6666666666667,387.296524365743,42.23552401132505,385.49239180077114
63.7015291981599,646.5701518820803,276.0,645.5567762056986,276.2984708018401,708.0853095882057,64.0,709.0986852645874
63.85142777836927,563.3624420172763,276.0,562.9615994691849,276.14857222163073,641.5944313400197,64.0,641.9952738881111
85.33333333333333,21.516841173171997,297.7404389678843,22.80891105004154,297.3333333333333,89.73418426513672,84.92622769878237,88.44211438826717
42.25911246559627,398.2223070430114,297.3333333333333,396.5954844156901,297.7408875344037,460.4970853361135,42.666666666666664,462.1239079634349
41.38956415918421,234.54668098161324,297.3333333333333,228.36452102661133,298.6104358408158,281.2370496842295,42.666666666666664,287.4192096392314
671.6048854714047,42.54947907655658,742.0,41.65925598144531,742.3951145285953,72.90325835020124,672.0,73.7934814453125
684.8,613.4947772979737,742.097814167023,614.1777906644197,742.0,622.3833957672119,684.702185832977,621.7003824007659
678.1883559901481,413.69119263030024,748.4,412.9470756530762,748.611644009852,432.91688460969,678.4,433.66100158691404
684.8,665.0271640777588,722.891519090269,665.4200261547505,722.8,674.2936267852783,684.7084809097311,673.9007647082865
37.54127892505548,187.10465684108277,172.4,182.44054832458497,173.2587210749445,207.2697360498474,38.4,211.93384456634521
672.0,551.9952548980713,742.1290803977565,552.5777211878282,742.0,568.1190319061279,671.8709196022435,567.536565616371
479.92801889750115,555.9895617946368,498.8,555.8032493591309,498.8719811024988,563.0943676487226,480.0,563.2806800842285
684.8,657.143775177002,742.191203651734,658.528536943443,742.0,666.452938079834,684.6087963482661,665.068176313393
675.9006552217804,305.54451381855546,748.4,302.1565216064453,750.8993447782195,355.6397787839836,678.4,359.02777099609375
671.5979170232413,268.21676512984794,742.0,267.2816131591797,742.4020829767587,297.5520718452497,672.0,298.48722381591796
531.000299718619,472.96565618086254,556.4,472.29834136962893,556.599700281381,479.8994423909148,531.2,480.56675720214844
671.9210426912057,375.77422424641924,748.4,375.05762062072756,748.4789573087944,383.48427718790697,672.0,384.20088081359864
480.0,514.3357421875,505.2451739749101,519.0543775946041,498.8,553.5367065429688,473.55482602508994,548.8180711358646
691.2,605.5102119445801,735.7005407541513,606.0313394396811,735.6,614.616796875,691.0994592458486,614.0956693798989
