195.95110742163124,28.916082737460336,419.75,27.987919569015503,419.7988925783688,39.77690804241637,196.0,40.705071210861206
384.0,470.4729197025299,419.84208246588736,470.71277035414477,419.75,484.4731137752533,383.90791753411264,484.23326312363844
12.0,469.6276315227151,355.7818138143786,470.3903841514036,355.75,484.7292541861534,11.968186185621402,483.9665015574649
195.99664473865533,14.611122499600693,483.75,14.533534213900566,483.75335526134467,26.977264617189125,196.0,27.05485290288925
448.0,470.3354985713959,491.8297024276873,470.5912309914646,491.75,484.2513437271118,447.9202975723127,483.9956113070431
292.0,487.8237761259079,375.76991989471406,487.9736582610178,375.75,499.10699301958084,291.98008010528594,498.9571108844709
315.91233538845404,402.2022182662503,391.75,401.8590370416641,391.83766461154596,421.2315403501971,316.0,421.5747215747833
227.99716231259666,257.4496421521116,335.75,257.4077512472868,335.7528376874033,264.7069220686745,228.0,264.7488129734993
91.94053701802592,364.4854285363277,343.75,363.8907125592232,343.8094629819741,389.0680108573119,92.0,389.6627268344164
120.0,65.03983044624329,303.7616321778532,65.139167636423,303.75,86.65727162361145,119.98836782214683,86.55793443343174
123.97985896671207,487.955900689625,279.75,487.695057451725,279.7701410332879,499.7228624317415,124.0,499.9837056696415
112.0,181.80137087777257,183.7545537376511,181.82369404393953,183.75,196.46101791411638,111.99544626234889,196.43869474794943
187.9717927874003,111.85683996844482,371.75,111.59675669670105,371.7782072125997,131.5283383293133,188.0,131.78842160105705
375.81186906238867,292.4969236430377,395.75,292.07781410217285,395.93813093761133,301.02769212158023,376.0,301.44680166244507
159.85622101450636,90.83745021005446,403.75,88.96745181083679,403.89377898549367,107.71976738790697,160.0,109.58976578712463
376.0,302.9353942871094,395.7822035656918,303.01869052435376,395.75,310.66678500175476,375.9677964343082,310.5834887645104
376.0,363.63099813461304,420.1781386075624,364.4005803615579,419.75,388.97802782058716,375.5718613924376,388.2084455936423
92.0,396.2764558792114,196.51290205943914,399.2045845318601,195.75,426.4346408843994,91.23709794056084,423.5065122317507
195.94254767794678,235.59954691581876,375.75,235.02814376354218,375.8074523220532,253.10707037992327,196.0,253.67847353219986
120.0,89.68337523937225,148.02898321280256,90.09745979338942,147.75,108.98156380653381,119.72101678719744,108.56747925251665
219.64869870533485,397.69115991485137,267.75,397.0852746963501,268.1013012946651,424.9751272689102,220.0,425.5810124874115
116.0,111.16336345672607,176.11927932079294,112.22256721528741,175.75,133.1824688911438,115.63072067920706,132.12326513258247
36.0,9.694687522947788,143.81358332646258,9.966874279133098,143.75,35.152325481176376,35.936416673537416,34.88013872499106
