50.4,60.95404521226883,100.77553612535661,62.13578590010323,100.45,76.01282086372375,50.07446387464338,74.83108017588935
380.8,70.84904296398163,442.07096008897247,70.99762898555915,442.05,79.6407352566719,380.7790399110275,79.49214923509439
313.59999999999997,27.755413043498994,509.38758761585495,28.515785121476306,509.25,63.94310836791992,313.46241238414495,63.1827362899426
56.0,76.49123151302338,89.31650003665611,76.7821786215407,89.25,84.39713133573532,55.933499963343884,84.106184227218
296.8,597.3684135198592,402.8582070388141,597.4511863178443,402.84999999999997,607.9670060425997,296.7917929611859,607.8842332446146
296.8,478.5174054145813,313.3539486021375,478.6577209426649,313.25,490.9212233543396,296.6960513978625,490.78090782625594
313.59999999999997,399.9726484298706,386.7908554367736,402.11629807016016,386.05,427.4114032745361,312.8591445632263,425.26775363424656
313.59999999999997,485.34231529235836,412.4390901674506,499.88672854768964,408.45,526.99528465271,309.6109098325493,512.4508713973787
313.5988312920506,569.0834721205696,386.05,569.0756089784205,386.0511687079494,579.8441103240534,313.59999999999997,579.8519734662026
313.54203791061985,382.16889869788264,380.45,381.9600140333176,380.5079620893801,400.52588284394164,313.59999999999997,400.73476750850676
44.8,47.01340864812955,94.85259062885909,47.022314197127514,94.85,61.582638977281746,44.7974093711409,61.57373342828379
296.77739616561877,584.5589784610064,402.84999999999997,584.3272760033607,402.8726038343812,594.6752351653782,296.8,594.906937623024
296.7717191659024,536.9351467274059,402.84999999999997,536.8058028757572,402.87828083409755,559.9996557213435,296.8,560.1289995729923
553.6832314088633,23.74178572846446,660.4499999999999,22.20515842437744,661.1667685911366,72.00712803648915,554.4,73.54375534057617
