60.0,62.697062492370605,198.78623149038495,62.79201199800054,198.75,115.75102403759956,59.963768509615036,115.65607453196962
20.0,650.7081762701273,739.6461138326187,657.6361688562613,738.75,750.7201075553894,19.103886167381273,743.7921149692553
398.9079718411169,220.37262065164376,618.75,216.8784499168396,619.8420281588831,285.5853630805797,400.0,289.0795338153839
40.0,123.37748572928831,198.7926858536148,123.49956428305859,198.75,179.02284117415547,39.95731414638518,178.9007626203852
533.7918630059253,309.9550698989026,617.625,308.655353307724,617.8331369940748,322.08041632241094,534.0,323.3801329135895
497.90725328551093,286.46962829915583,617.625,285.7307621240616,617.7177467144892,300.75841942938274,498.0,301.49728560447693
347.95412562980357,137.1807074981441,383.625,136.93957543373108,383.6708743701965,143.72581060354813,348.0,143.96694266796112
437.85999331194927,119.1939736528649,467.625,118.70426201820374,467.76500668805073,127.21396387383798,438.0,127.70367550849915
575.8933243641186,322.7993626408227,617.625,322.40628468990326,617.7316756358815,333.731654185807,576.0,334.1247321367264
347.9630396204009,144.04447180365432,371.625,143.93338948488235,371.6619603795992,151.8064249720682,348.0,151.91750729084015
509.716734029634,366.68047360065464,617.625,363.748663187027,617.9082659703661,374.17455550548556,510.0,377.10636591911316
521.9131699741596,353.33346618482483,617.625,352.4877415895462,617.7118300258405,362.3144165151416,522.0,363.1601411104202
473.92111731168615,368.33368582315836,497.625,368.1525503396988,497.70388268831385,378.4753537695846,474.0,378.6564892530441
630.0,434.2511444091797,650.8944457972364,457.5788545241118,641.625,465.8814239501953,620.7305542027638,442.55371383526324
497.60264685403547,379.6246793559225,617.625,375.06991052627563,618.0223531459645,385.54053184479164,498.0,390.0953006744385
570.0,492.12495374679565,636.8900015772577,499.4085323443577,635.625,511.0258927345276,568.7349984227423,503.7423141369656
509.878697560955,341.37764345704954,617.625,340.0984296798706,617.746302439045,350.3155564159211,510.0,351.5947701931
624.0,119.07996368408203,653.7117078246059,119.36524879058994,653.625,128.39564502239227,623.9132921753941,128.11035991588437
