244.08062913345836,336.7712897718263,394.0,333.87252108256024,395.25270419987504,398.6602449953246,245.33333333333334,401.55901368459064
10.666666666666666,328.08506830533344,184.33903401030616,337.6945832103071,180.66666666666666,404.0651270548503,6.994299323027174,394.4556121498766
10.562719286317671,50.22600356204348,127.33333333333333,50.055271764596306,127.43728071368234,121.14923090648614,10.666666666666666,121.31996270393331
225.03465336601056,63.94239715415497,259.0,51.92356452941895,261.16534663398943,58.042856752095034,227.2,70.06168937683105
211.10341163709091,55.84194703821396,255.8,40.81406135559082,259.0965883629091,50.61891721959854,214.4,65.64680290222168
355.2,125.31867294311523,371.7318211433979,127.2296174640234,371.0,133.56069412231446,354.4681788566021,131.64974960140628
169.81446474131286,48.61783742450297,195.0,37.761756134033206,197.98553525868715,44.6880402610439,172.8,55.54412155151367
329.6,108.2633544921875,359.79073592393667,112.9126382926291,358.2,123.24229125976562,328.00926407606335,118.59300745932403
329.6,119.37531337738037,350.0091170152467,124.14179179712933,348.6,130.17535190582277,328.19088298475333,125.4088734860738
236.8,143.9091724395752,292.92597960326117,155.20490341555256,291.0,164.77466850280763,234.87402039673884,153.47893752683024
217.6,102.7018051147461,271.75049300327004,117.2954994417506,265.4,140.85926055908203,211.24950699672996,126.26556623207753
3.2,8.283307902514935,99.18629812541245,8.920408729459925,99.0,36.98828535079956,3.0137018745875443,36.35118452385457
144.0,87.00779724121094,182.7058617661213,88.82758136996894,182.2,99.58699798583984,143.4941382338787,97.76721385708184
211.2,151.26787109375,295.3898774872327,167.44422831150794,294.2,173.63694763183594,210.01012251276728,157.460590414078
