42.64592032114952,147.3973922072383,276.0,147.30712035298347,276.0207463455171,200.9367306541868,42.666666666666664,201.0270025084416
42.666666666666664,330.86969963709515,281.8192894377749,342.8137458906935,276.0,459.3319091796875,36.847377228891794,447.38786292608916
42.666666666666664,187.07560602823892,297.1270147080463,230.0841997745101,276.0,355.0821838378906,21.539651958620357,312.07359009161945
21.333333333333332,631.4747985998789,107.1737972679774,633.2752956995467,105.33333333333333,721.0212176640829,19.492869398689276,719.220720564415
64.0,497.7144557192922,242.80429309417883,497.7550555082832,242.8,516.6621407151222,63.99570690582116,516.6215409261312
64.0,468.8854375958443,114.83867944377596,468.9911224973968,114.8,487.59748740196227,63.96132055622404,487.49180250040973
275.2,772.095528793335,313.5132375240773,773.3921679335571,313.2,782.6477451324463,274.8867624759227,781.3511059922241
544.0,472.2484619140625,569.230931888297,472.31506578394584,569.2,484.0327087402344,543.9690681117029,483.96610487035105
166.381736757938,469.03541380769957,242.8,468.958672618866,242.818263242062,487.14506327502977,166.4,487.22180446386335
537.6,567.7528827667236,575.7237873335498,568.1130357899453,575.6,581.2164714813232,537.4762126664502,580.8563184581014
537.5933471857802,510.60882515642754,575.6,510.5878646373749,575.6066528142198,522.6510773685206,537.6,522.6720378875732
377.6,715.1544494628906,472.40439334862276,753.304330768351,460.4,783.1358581542969,365.5956066513772,744.9859768488366
275.2,741.9750160217285,319.6601223249013,742.3249167885655,319.6,749.964356803894,275.1398776750987,749.614456037057
275.2,751.9693130493164,314.5617728902953,755.1648570746319,313.2,771.9387756347656,273.8382271097047,768.7432316094502
524.7901521415108,390.6656395512823,588.4,390.6218533039093,588.4098478584891,404.92818960368595,524.8,404.97197585105897
505.5483145754323,373.71563850087665,601.2,373.2822509765625,601.2516854245677,384.6895889695213,505.6,385.12297649383544
121.6,76.71745796203614,178.90734065434359,77.15091240774456,178.8,91.34250164031982,121.49265934565642,90.9090471946114
128.0,673.7381847381591,193.04519898950295,675.8063130879968,191.6,721.2596118927001,126.55480101049704,719.1914835428626
128.0,639.779089999199,223.68937968819228,640.0419217837211,223.6,672.5824569225312,127.91062031180772,672.3196251380089
115.17748816203702,63.43027895208983,178.8,63.27204732894897,178.82251183796296,72.32371253255221,115.2,72.48194415569306
281.6,734.27607421875,319.7536269215116,735.0544463988351,319.6,742.5848083496094,281.44637307848836,741.8064361695242
115.07316024005272,41.77176282304096,185.2,41.348013687133786,185.3268397599473,62.338903738085754,115.2,62.76265287399292
