40.0,512.1624247357249,279.46926609031266,515.3875416147733,278.75,568.7940162420273,39.2807339096873,565.5688993629788
11.749313995281895,138.0280238381115,138.75,10.039787292480469,167.0006860047181,38.07249248116337,40.0,166.06072902679443
219.22613238856172,641.8580245498819,278.75,640.9757614135742,279.5238676114383,693.1864810462789,220.0,694.0687441825867
552.0,651.2486085891724,623.6386276156051,651.3173221974553,623.625,665.5250418037176,551.9863723843949,665.4563281954347
558.0,609.3305304050446,581.7066575376899,609.53954067906,581.625,618.8014168739319,557.9183424623101,618.5924065999164
30.0,389.97232928685844,281.75141566968995,390.6698206711071,281.625,436.2980886697769,29.873584330310106,435.6005972855283
35.95483385907596,268.94950301089534,275.625,268.6527873650193,275.67016614092404,305.1354489626249,36.0,305.4321646085009
563.9143805275489,665.235639085208,605.625,664.8805775642395,605.7106194724511,674.9386689763918,564.0,675.2937304973602
641.8870364691336,286.12106306828707,659.625,285.9521713256836,659.7379635308665,297.8162385674552,642.0,297.9851303100586
617.8965050735719,184.7288670386918,635.625,184.54645478725433,635.7284949264281,194.6050405655258,618.0,194.7874528169632
36.0,644.5842105746269,215.9836720055704,646.0148362571557,215.625,691.1385226249695,35.641327994429595,689.7078969424408
575.8585129856446,408.6673330038036,599.625,408.4600614309311,599.7664870143554,424.6834597618138,576.0,424.8907313346863
4.606343977516528,45.74794210335762,65.625,37.441572189331055,73.01865602248347,91.75542508223504,12.0,100.0617949962616
234.0,142.8697943687439,374.5337094892306,152.94913036284427,371.625,193.50455331802368,231.0912905107694,183.42521732392333
258.0,94.37711477279663,356.4726670898648,100.94008986705342,353.625,143.66726303100586,255.15233291013524,137.1042879367491
