418.52968649602946,692.7896753733083,766.6666666666666,658.3172047932943,774.8036468373039,740.4924494639313,426.6666666666667,774.9649200439453
255.48660028041544,160.1618717120807,404.0,159.35729773839316,404.5133997195846,254.1238950484275,256.0,254.92846902211508
247.4104526083249,622.1255621812356,596.0,586.1987864176432,604.5895473916752,669.5412621595847,256.0,705.4680379231771
447.69232677090866,543.8874141421825,588.4,540.6137428283691,588.7076732290914,553.838034466216,448.0,557.1117057800293
447.9257203465489,581.397700124393,518.0,580.9291408538818,518.0742796534511,592.0378597205777,448.0,592.5064189910888
448.0,559.3053131103516,537.2967867210562,559.9970685949031,537.2,572.4909965515137,447.9032132789439,571.799241066962
255.97998056336877,252.73558043366978,415.6,252.52579822540284,415.62001943663125,267.7582761871188,256.0,267.96805839538575
447.5676941673384,404.3246145048324,588.4,400.4262886047363,588.8323058326616,416.04392263506014,448.0,419.94224853515624
243.15521954587433,578.4051686822246,422.0,577.7387962341309,422.0447804541256,589.7572260321309,243.2,590.4235984802247
243.09744003189581,526.6925374140914,351.6,525.8192945480347,351.7025599681042,538.5626212010209,243.2,539.4358640670777
243.17094549812137,555.1992497232834,345.2,554.975613117218,345.22905450187864,568.2310609075149,243.2,568.4546975135803
243.13773648136444,541.5032847558471,409.2,540.6547210693359,409.26226351863556,552.8395706022767,243.2,553.6881342887879
249.41905220801124,595.9471292979101,377.2,594.161478805542,377.3809477919888,607.1100823872705,249.6,608.8957328796387
441.6,527.5438364982605,543.6261580667867,527.7470338130793,543.6,540.8811003684998,441.5738419332132,540.677903053681
467.2,341.6720825195313,502.50796388121637,354.4387381245099,486.0,400.09381103515625,450.6920361187837,387.32715543017764
