82.42191102044286,12.581504883815912,545.445,10.400081831216813,545.8230889795572,90.65224888111149,82.8,92.83367193371058
466.99199999999996,311.21347669172286,481.6496544477207,311.35714903632515,481.58549999999997,317.90227592611313,466.9278455522792,317.75860358151084
501.768,436.6106249084473,516.397097470483,436.6862414667988,516.3615,443.5730778522491,501.732402529517,443.49746129389763
466.99199999999996,524.8459352416992,481.66596941602484,525.0266841707014,481.58549999999997,531.5595347728729,466.91153058397515,531.3787858438708
407.376,218.1464646463394,421.9845332535172,218.18600304639196,421.9695,223.74044590759277,407.36096674648275,223.70090750754022
586.2239999999999,361.9596644053459,600.8472067878822,362.0250422066894,600.8175,368.66962941026685,586.1942932121178,368.60425160892333
531.576,222.85415125322342,546.1837936582465,222.8848832104779,546.1695,229.6790749554634,531.5617063417535,229.6483429982089
457.056,461.67433112454415,481.60376791542404,461.74177240016945,481.58549999999997,468.39106163692475,457.0377320845759,468.3236203612994
531.5533490472517,436.68216535348193,546.1695,436.63399200439454,546.1921509527483,443.506458853061,531.576,443.5546322021484
19.73199289746039,307.6343645897542,44.4015,307.0644073534012,44.54150710253961,313.12434657376656,19.872,313.6943038101196
466.99199999999996,218.1318217163086,481.6600259084687,218.30343287453184,481.58549999999997,224.6733447589874,466.9174740915313,224.50173360076417
501.768,222.77835506486892,516.4513893698124,222.97507161556922,516.3615,229.68462712812422,501.6781106301876,229.48791057742395
24.824112393185715,520.7653262940734,49.369499999999995,520.706037731722,49.385387606814284,527.2834862636984,24.84,527.3427748260498
317.952,160.92147093629836,601.190165273206,163.6834637375374,600.8175,201.89972128772735,317.57933472679395,199.1377284864883
501.7213501061657,456.7457313483105,516.3615,456.6255470123291,516.4081498938343,462.30816307612787,501.768,462.42834741210936
202.773652984915,462.90841852758996,367.3215,359.5732479114532,378.17184701508495,376.8510172329081,213.624,480.1861878490448
452.08799999999997,247.76315513563156,481.6597680406212,248.12741360749615,481.58549999999997,254.15675112390517,452.01373195937873,253.79249265204058
221.68988291390167,487.18894633977277,382.2255,386.8868566131592,389.0636170860983,397.83140770990985,228.528,498.13349743652344
4.968,117.42515741567686,277.9681265635853,117.88817538057222,277.8975,159.53031944274903,4.89737343641466,159.06730147785365
