21.333333333333332,5.513824040691058,190.87850815084536,5.890156203895821,190.66666666666666,101.32898652553558,21.121491849154655,100.95265436233082
203.73028107545343,278.8842417217065,390.0,269.3519233703613,391.0697189245466,290.25515341989507,204.8,299.78747177124023
203.92495676425355,256.80907486801914,396.4,247.296622467041,397.27504323574647,265.0022547828598,204.8,274.5147071838379
197.1125607489217,398.16908207617,249.2,395.7694320678711,250.48743925107829,423.71492976465026,198.4,426.11457977294924
517.782469843401,179.96760963387516,543.6,179.0516845703125,544.217530156599,196.45824333243345,518.4,197.3741683959961
575.3317714146211,617.8305812606754,601.2,616.5900238037109,601.8682285853789,630.5239933242855,576.0,631.76455078125
575.608200942751,590.6486188545903,594.8,590.1374603271485,595.191799057249,604.8478258475582,576.0,605.358984375
569.327775653465,607.28816610466,601.2,606.3618984222412,601.4722243465351,615.7289481531525,569.6,616.6552158355713
544.0,622.2751937866211,617.0575854063076,629.217479883256,614.0,661.394172668457,540.9424145936924,654.4518865718221
197.13806621171213,201.85881167645306,274.8,199.20984420776367,276.06193378828783,236.20698345904498,198.4,238.85595092773437
