1174.7024868991048,2020.7419005694778,2411.28,2018.7663254642487,2411.6175131008954,2230.0268894586175,1175.04,2232.002464563847
-0.7750244330008401,46.8557395278788,2443.92,40.31632012367249,2444.6950244330005,330.0512733448171,0.0,336.59069274902345
1174.0006784798793,2245.4624264223667,2411.28,2238.9151797294617,2412.3193215201204,2435.3230875985532,1175.04,2441.870334291458
783.36,1366.4886389923097,1106.5154555574325,1369.9038229230528,1105.68,1448.9572580337524,782.5245444425675,1445.5420741030093
195.6413209173346,2119.7633088755533,1040.4,2118.1489983057977,1040.5986790826655,2222.1165263503863,195.84,2223.7308369201423
1044.48,405.425018863678,2347.749374950783,416.08055724905836,2346.0,630.0450437164307,1042.7306250492172,619.3895053310503
587.52,700.1921359863281,704.0260790879178,700.6265271671316,703.8000000000001,761.2621690979004,587.2939209120822,760.827777917097
567.3585834549928,1382.5928248524813,664.6320000000001,1381.6750294418334,665.2094165450073,1442.8730692782256,567.936,1443.7908646888734
802.944,1155.0693076515197,900.2434552028637,1156.036460372143,899.64,1216.7464818878175,802.3405447971363,1215.7793291671944
1231.8720075433662,697.3194009631997,1330.488,694.1034989318848,1332.407992456634,752.9802805553551,1233.792,756.1961825866699
802.944,699.935411675334,919.2318971239008,699.9507223215742,919.224,759.9312037037015,802.9361028760992,759.9158930574614
1233.792,1302.2522516670226,1350.3756557052322,1302.8293818840289,1350.0720000000001,1364.1695979194642,1233.4883442947676,1363.592467702458
1017.6222895813247,698.4132916956096,1115.064,697.1934856338501,1115.8097104186754,756.763036032662,1018.368,757.9828420944214
763.2612526378391,2253.39225414924,1193.4,2249.3299190597536,1193.914747362161,2303.833740308005,763.7760000000001,2307.8960753974916
352.4911033641697,940.9634232479997,468.79200000000003,940.918538271904,468.81289663583027,995.0635483650499,352.512,995.1084333411455
802.7686085783823,1083.2420011151564,899.64,1082.957317056656,899.8153914216177,1142.6389555193653,802.944,1142.9236395778655
372.096,2250.7249703103303,664.644024761875,2250.786269611668,664.6320000000001,2308.173878572762,372.0839752381251,2308.1125792714247
1233.792,1151.095952911377,1350.9675578629572,1152.888610477256,1350.0720000000001,1211.4259988708495,1232.8964421370429,1209.6333413049706
1253.376,1374.8175368041993,1331.3042534320937,1375.8489881217733,1330.488,1437.5186018371583,1252.5597465679064,1436.4871505195842
2270.8597650066517,1598.5572279965302,2348.856,1596.788282043457,2349.740234993348,1635.775906402884,2271.744,1637.5448523559571
1762.2777282820398,1476.7156518199492,1839.672,1476.1336238937379,1839.9542717179604,1513.6682730991793,1762.56,1514.2503010253906
1232.676752331136,1081.055182413159,1350.0720000000001,1078.861750076294,1351.187247668864,1138.5512030391117,1233.792,1140.7446353759765
1879.8478532104602,973.4905231457665,1937.592,973.1490946655274,1937.80814678954,1009.7049553088234,1880.064,1010.0463837890625
2036.736,969.1395776367187,2094.2907824929093,969.1807440251062,2094.264,1006.6253830718995,2036.7092175070907,1006.5842166835121
998.784,1304.5176052322388,1135.474459837498,1306.3955827662255,1134.648,1366.550282798767,997.957540162502,1364.6723052647803
548.352,1307.9434350585939,665.2070139499717,1309.0644744658343,664.6320000000001,1369.0028340911865,547.7769860500283,1367.881794683946
2232.576,1337.5168402175905,2309.860671669662,1337.8666717481667,2309.688,1376.0132426834107,2232.403328330338,1375.6634111528344
2193.408,966.8326747055054,2250.958524438317,966.8695570606446,2250.936,1002.0162615737916,2193.385475561683,1001.9793792186522
1899.6480000000001,1218.8628270263673,1977.1467411132528,1219.653500790052,1976.76,1257.5603478240967,1899.2612588867473,1256.7696740604117
2016.457314147202,739.0230879444962,2074.68,737.89558518219,2075.374685852798,773.7682034373398,2017.152,774.895706199646
566.5623564092552,1087.6308269520168,684.216,1084.792148300171,685.5896435907447,1141.725036191904,567.936,1144.56371484375
2252.16,1461.7450648498536,2310.293512752845,1462.631668334907,2309.688,1502.3344034729005,2251.5544872471555,1501.447799987847
1233.792,934.9741063613892,1350.595975279731,936.0812502846045,1350.0720000000001,991.3607801971435,1233.2680247202693,990.2536362739282
587.52,873.8522230682373,684.8027686243281,874.848564158531,684.216,932.1406671066285,586.9332313756719,931.1443260163347
2173.824,850.5995031738281,2250.974850915939,850.6827920944565,2250.936,886.6705465393067,2173.785149084061,886.5872576186782
998.784,1152.911907497406,1115.448863296759,1153.6733476994536,1115.064,1212.6405834503173,998.399136703241,1211.8791432482697
2212.818255102955,1207.7339591742812,2290.1040000000003,1207.3884573669434,2290.277744897045,1246.2536774758044,2212.992,1246.5991792831421
2016.6738160651919,855.07894553822,2094.264,854.0418514251709,2094.742183934808,889.8171769135623,2017.152,890.8542710266114
783.36,1307.128398273468,900.0544602570511,1307.9434372454964,899.64,1367.284422958374,782.9455397429489,1366.4693839863457
1761.46973413649,1346.0977813180964,1820.088,1344.2744577255248,1821.1782658635102,1379.325555901142,1762.56,1381.1488794937134
351.49858957757283,1089.2514565974363,468.79200000000003,1087.2493343467713,469.8054104224272,1146.6195174435488,352.512,1148.6216396942139
1938.5169831898818,1607.768762273637,1996.344,1607.342798034668,1996.6430168101183,1647.9359946538532,1938.816,1648.3619588928223
1742.2683004263147,1223.7513458957528,1800.5040000000001,1222.5508388442993,1801.2116995736853,1256.8808160915519,1742.976,1258.0813231430054
313.1391938794852,1384.6914803368911,449.208,1384.233297457695,449.41280612051486,1445.0555707681312,313.344,1445.5137536473273
783.2739406589577,939.4591549205426,899.64,939.2804402618408,899.7260593410424,995.3160584888813,783.36,995.494773147583
1233.2028194457605,867.6613970541255,1330.488,866.6262123184205,1331.0771805542397,921.9965579400762,1233.792,923.0317426757813
567.8195910599378,942.1422116767579,684.216,941.891824101448,684.3324089400621,996.0062607901878,567.936,996.2566483654977
1899.296896826704,1091.884496966063,1957.176,1091.3715988769532,1957.5271031732962,1130.9926020024432,1899.6480000000001,1131.5055000915527
1879.5821002048,856.7987180917188,1937.592,856.0267472076416,1938.0738997952,892.239199526079,1880.064,893.0111704101563
802.7730662642552,873.4410975338204,899.64,873.1566795959473,899.8109337357448,931.3732146619575,802.944,931.6576325998307
2048.9478687838387,1217.8249580578915,2113.848,1205.575864013672,2121.220131216161,1244.6360819811712,2056.32,1256.8851760253906
2036.6274754211045,1089.8149109670305,2113.848,1089.604349773407,2113.956524578896,1129.4042994593,2036.736,1129.6148606529237
1919.0859860707114,1477.7132544492995,1996.344,1477.4149428634644,1996.4900139292886,1515.2302565103257,1919.232,1515.5285680961608
2095.488,1599.4220317382812,2172.8456388376667,1599.8729383855589,2172.6,1642.0147888183594,2095.2423611623335,1641.5638821710818
2055.8194490169944,1338.8204274869638,2133.4320000000002,1337.7638181610107,2133.9325509830055,1374.5314651369374,2056.32,1375.5880744628907
1018.0698921561302,869.1763209005095,1115.064,868.6577614746094,1115.3621078438698,924.4174351267121,1018.368,924.9359945526123
2154.1596160121294,735.3439889616036,2231.352,735.173081199646,2231.4323839878707,771.4793998075462,2154.2400000000002,771.6503075695038
2075.1676894203765,1473.2580027287179,2153.016,1471.828282196045,2153.7523105796236,1511.9204074580498,2075.904,1513.3501279907227
998.0810107358125,938.7973240002254,1115.064,937.299464263916,1115.7669892641877,992.2029933139225,998.784,993.7008530502319
998.784,1081.661822719574,1115.257561936078,1082.0450348524794,1115.064,1140.8762831726074,998.5904380639221,1140.493071039702
351.31075457706845,701.7062626384754,488.37600000000003,698.9332618103027,489.5772454229315,758.3090099292735,352.512,761.0820107574463
2193.3444344002182,1086.7751281391477,2270.52,1086.6448850097656,2270.583565599782,1124.3106808112764,2193.408,1124.4409239406586
1762.2985785943163,1609.3097935767357,1839.672,1608.8049582138062,1839.9334214056837,1648.8716216683206,1762.56,1649.37645703125
1899.6480000000001,1342.3035221190266,1976.760113870597,1342.3037574466366,1976.76,1379.616856567383,1899.647886129403,1379.6166212397727
548.352,1156.4733603515626,684.4453993336695,1156.9983559649513,684.216,1216.4650149765014,548.1226006663306,1215.9400193631127
352.512,874.7035018100738,469.0243510436528,875.1685331918106,468.79200000000003,933.3834568004609,352.2796489563472,932.918425418724
