170.02747183692279,102.0574416565143,468.0,99.7338695526123,468.63919482974393,181.70356573191853,170.66666666666666,184.02713783582053
128.0,701.4121330181757,660.1593079924677,702.4426073734775,660.0,784.7127100626627,127.84069200753237,783.6822357073611
217.10321186024507,306.31829407259755,492.4,299.5890693664551,492.8967881397549,319.9129826302833,217.6,326.64220733642577
217.210745131044,238.2397977492369,486.0,231.57875366210936,486.3892548689561,247.28612998513807,217.6,253.94717407226562
217.48340302395664,275.9914354189217,454.0,274.69358978271487,454.11659697604335,295.94197188774945,217.6,297.2398175239563
217.45763479834608,214.0036156477883,460.4,212.05513648986818,460.54236520165387,229.80566703653784,217.6,231.754146194458
551.9629057735414,170.5649877066499,639.6,156.5683135986328,644.4370942264586,186.8547144417876,556.8,200.85138854980468
556.7954417661433,374.587570920388,601.2,374.5676857471466,601.2045582338567,384.7464434715111,556.8,384.7663286447525
556.7892899248985,394.48813108348537,594.8,394.4443371295929,594.8107100751015,403.740085135463,556.8,403.7838790893555
159.02112391204247,215.36331356455884,185.2,214.4493438720703,186.17887608795755,242.48733684132495,160.0,243.40130653381348
560.8503525515615,200.41750550430004,626.8,194.24787139892578,629.1496474484385,219.36417784530937,563.2,225.5338119506836
172.8,632.2939617156983,191.86193458904728,632.9603266470872,191.6,640.4531879425049,172.53806541095273,639.786823011116
