45.21699693194746,144.05513094110492,83.86538461538461,143.97850500161832,83.87915691420638,150.9249404740168,45.230769230769226,151.0015664135034
191.35958180525765,91.2552019818499,226.01923076923077,90.37327414292555,226.3519566562808,103.4493580779176,191.69230769230768,104.33128591684195
13.275181792982071,242.27107617481118,58.01923076923077,231.02910459958588,61.97481820701793,246.7726952021654,17.23076923076923,258.0146667773907
178.32980630841217,82.09463946691532,223.8653846153846,68.22397598853478,228.6125013838955,83.80814091920246,183.07692307692307,97.67880439758301
167.76659239696787,35.98348814389104,246.8846153846154,11.13552240224985,251.4257152953398,25.594768316445503,172.3076923076923,50.442734058086685
-2.4985198814988117,199.40533453722955,131.25,154.48629386608417,135.90236603534495,168.33892878163923,2.1538461538461537,213.2579694527846
212.51166163737932,122.49669236731368,245.40384615384613,110.91839878375713,250.43064605492836,125.19877858934196,217.53846153846152,136.7770721728985
2.1236851499177973,88.90058749816701,182.94230769230768,88.55179634002539,182.97246869623604,104.18771788654169,2.1538461538461537,104.53650904468331
28.0,62.42008651162569,163.56752044795488,62.50761727420805,163.5576923076923,77.72942691812148,27.990171859737398,77.64189615553913
62.030679275540145,227.74804016089524,198.01923076923077,181.3271089700552,202.75778226292138,195.20853567293886,66.76923076923077,241.6294668637789
89.68174447742953,317.94090442709273,210.94230769230768,276.2511301774245,216.02979398410892,291.0487985312343,94.76923076923076,332.73857278090253
45.78144420332014,333.7237940906391,81.71153846153845,324.64735236534705,85.46855579667984,339.51991928826715,49.53846153846154,348.5963610135592
178.7188287963101,234.55129803335524,223.8653846153846,221.96158577845645,228.22347889599757,237.5896591387451,183.07692307692307,250.1793713936439
234.14347037256064,316.40629701918897,241.09615384615384,316.07497941530664,241.72191424282397,329.2065302818364,234.76923076923077,329.5378478857187
-0.009439211931212513,-0.10647362873604886,94.63461538461539,-0.23005220293998718,94.6440545965466,6.999075460337266,0.0,7.1226540345412035
43.52419980164581,78.63295851438187,70.9423076923077,71.61212224226732,74.80272327527726,86.68800307102978,47.38461538461538,93.70883934314433
158.18367927339546,344.052851007075,198.01923076923077,338.50629234313965,199.22016688045068,347.1314516897399,159.3846153846154,352.67801035367523
166.45602520942455,137.25586804160517,208.78846153846152,126.76061153411865,212.48628248288313,141.67570861385605,170.15384615384616,152.1709651213426
234.76923076923077,64.6852557842548,243.82992346590137,65.12233533026236,243.25,77.14419350257286,234.18930730332937,76.70711395656531
117.64800011873604,49.73555670614152,159.25,42.278219369741585,162.21738449664858,58.83226861124129,120.61538461538461,66.28960594764122
20.647772185249313,139.75319395388183,135.5576923076923,98.80404068873479,140.7560739685968,113.39153698084809,25.846153846153847,154.34069024599515
-1.953876303419673,46.8149827965753,161.40384615384616,-7.59700503716102,165.51156861111195,4.735354279611825,2.1538461538461537,59.14734211334815
25.057535048009083,289.35676819870105,148.48076923076923,247.86228847503662,153.57708033660631,263.0210084607509,30.153846153846153,304.51548818441535
