298.6666666666667,711.434979001681,766.6811023732943,711.5177686716619,766.6666666666666,793.1235909064611,298.65223096003905,793.0408012364802
21.333333333333332,733.8450355728468,233.9704400389588,736.0650541936566,233.33333333333334,797.0882029533386,20.69622662770789,794.8681843325288
192.0,478.8062339782715,210.83777411627685,478.9055450585506,210.8,486.0707099914551,191.96222588372316,485.9713989111759
601.6,485.87224369049073,703.6328083288472,486.3116824760027,703.6,493.92941226959226,601.5671916711528,493.4899734840803
473.6,324.49228992462156,537.2376321838952,324.7145196909636,537.2,335.4908576965332,473.56236781610477,335.2686279301912
268.8,408.4169275045395,358.0083467348436,408.51809093961094,358.0,415.8784421920776,268.7916532651564,415.7772787570061
486.38143465029464,341.5538734229836,524.4,341.49688930511473,524.4185653497054,353.8832872596946,486.4,353.9402713775635
268.75756442276924,252.94314481383321,358.0,252.59253559112548,358.0424355772308,263.39388941163065,268.8,263.74449863433836
281.6,415.8273683309555,345.205836619033,415.8742722636083,345.2,423.7892383575439,281.594163380967,423.7423344248911
627.2,591.9690200805665,678.1644194386116,592.666942773304,678.0,604.6733459472656,627.0355805613883,603.9754232545281
460.8,402.57236617803574,550.0034040696515,402.61065748425085,550.0,410.54077610969546,460.7965959303485,410.50248480348034
473.6,265.9045595169067,537.2694134871937,266.3177447731804,537.2,277.01395416259766,473.53058651280634,276.60076890632405
460.8,254.12453174591064,550.0246220580905,254.3266755986089,550.0,265.19464807510377,460.7753779419095,264.9925042224055
633.6,530.734465789795,678.0254758040644,530.8893126586835,678.0,538.1983058929443,633.5745241959355,538.0434590240558
172.8,523.5049463272095,198.10355564692745,523.8729783513242,198.0,530.9928100585937,172.69644435307254,530.624778034479
454.31942040862407,370.2602167365355,473.2,370.0544090270996,473.28057959137595,377.44669473197035,454.4,377.6525024414062
454.4,394.57236804962156,556.4463394605725,395.1619017722425,556.4,403.18310928344727,454.35366053942755,402.5935755608263
128.0,286.48911514282224,191.69098580043067,287.0385666346898,191.6,297.58540363311766,127.90901419956933,297.0359521412501
262.39646751053897,357.93652897522827,364.4,357.89434802532196,364.40353248946104,366.43674463584045,262.4,366.47892558574677
294.4,340.73295550346376,332.4268042453033,340.81636128110483,332.4,353.0370948791504,294.3731957546967,352.95368910150927
256.0,375.746961645782,364.40024214793414,375.75024442064944,364.4,383.7461916789413,255.99975785206584,383.74290890407383
614.4,511.823486328125,633.2191009265684,511.86813919363533,633.2,519.9182891845703,614.3808990734316,519.87363631906
447.97111207196895,377.27878473185586,556.4,376.9069444656372,556.428887928031,385.33068496800377,448.0,385.70252523422243
614.361196425656,277.93885744852025,658.8,277.77832145690917,658.838803574344,288.51974087911645,614.4,288.68027687072754
275.1571881793744,265.0458266879074,345.2,264.7768904685974,345.24281182062566,275.9269702290543,275.2,276.19590644836427
275.2,322.69885025024416,345.2930161256976,323.278336291503,345.2,334.52930755615233,275.10698387430244,333.9498215148934
147.2,235.19993407726287,172.4485415529767,235.24232256659351,172.4,264.1559129476547,147.1514584470233,264.1135244583241
638.9489060312573,237.69101829789506,671.6,236.50115356445312,672.6510939687428,265.3442371342338,640.0,266.53410186767576
121.6,497.866158747673,166.019846528688,497.9868785447513,166.0,505.2895727157593,121.580153471312,505.168852918681
729.5859032991586,413.9796373809104,754.8,413.9382781982422,754.8140967008413,422.5321515595193,729.6,422.5735107421875
736.0,434.078369140625,754.8256569257767,434.1454435866114,754.8,441.3465240478516,735.9743430742234,441.27944960186517
140.36366690692714,593.70276515707,185.2,592.1427852630616,185.63633309307286,604.6837006785014,140.8,606.2436805725098
140.7169442636106,486.7535584020384,217.2,485.8986658096313,217.2830557363894,493.32925600531024,140.8,494.1841485977173
486.36711907930004,216.89319787445544,524.4,216.85044784545897,524.4328809207,246.10320324477675,486.4,246.1459532737732
44.8,605.4390832901001,89.44558046823019,606.6087322042088,89.2,615.982555770874,44.554419531769824,614.8129068567654
608.0,478.35920753479,646.0294198345572,478.5120374426647,646.0,485.8327199935913,607.9705801654428,485.6798900857167
262.3906833069365,390.2493857889802,345.2,390.16014444828033,345.20931669306344,398.80534162229,262.4,398.89458296298983
723.1984144170303,505.00356338362053,761.2,504.99519685506823,761.2015855829696,512.1970687594,723.2,512.2054352879525
479.8270985122318,443.8593720539834,524.4,443.1992835998535,524.5729014877681,454.8745688334678,480.0,455.53465728759767
467.1762570060485,420.5586981700696,537.2,420.3559302330017,537.2237429939515,428.55531979333983,467.2,428.75808773040774
268.79248276080455,383.19182113720507,351.6,383.11128940582273,351.6075172391955,390.8409619657841,268.8,390.92149369716645
620.8,522.8156913757324,665.2679811292314,523.2127996209089,665.2,530.8252922058106,620.7320188707686,530.4281839606341
659.1861258086585,497.7969277108194,684.4,497.75000953674316,684.4138741913414,505.20601399297703,659.2,505.25293216705325
287.9829801306263,440.15319370139497,338.8,440.06524047851565,338.81701986937367,449.89886580597505,288.0,449.98681902885437
134.3416496151911,531.2022221999721,191.6,530.7503626823425,191.6583503848089,538.1443571609899,134.4,538.5962166786194
115.2,273.49434938430784,204.4284004518751,273.71047232738687,204.4,285.43586740493777,115.17159954812492,285.21974446185874
