234.66666666666666,996.8933609326681,766.8227969868549,998.0886866898503,766.6666666666666,1067.5975268681843,234.51053634647846,1066.4022011110021
511.79050644375326,399.9572144594569,788.0,399.12867069244385,788.2094935562467,468.9669959299983,512.0,469.7955396970113
271.4600522958225,463.8181179913366,468.0,452.7005360921224,473.8732810375109,556.5301600543177,277.3333333333333,567.6477419535319
39.13702025749905,766.8519672564398,169.33333333333334,760.5845216115316,172.86297974250093,833.9073671488235,42.666666666666664,840.1748127937317
21.333333333333332,63.36821964383125,169.68108514966497,64.05005795180598,169.33333333333334,139.71051812171936,20.9855815170017,139.02867981374462
359.6763608114915,582.885396101747,617.3333333333334,573.9562250773112,620.3236391885085,660.2434236817817,362.6666666666667,669.1725947062174
170.42215928125083,398.76855155050424,468.0,397.7727909088135,468.24450738541583,470.84253954669174,170.66666666666666,471.83830018838245
56.698475531473335,861.4771021979352,242.31,850.7218412780762,244.65152446852667,891.1312678296069,59.04,901.8865287494659
346.8672013358961,159.8653528122714,425.99,156.51110235214233,426.802798664104,175.68406090690587,347.68,179.0383113670349
148.95803764819377,779.1087474406947,275.11,773.0687102508546,277.03196235180627,813.2107349811804,150.88,819.2507721710206
603.52,317.639627866745,649.1999293289144,318.34070009634127,649.03,329.41282563209535,603.3500706710856,328.7117534024991
209.72405436717858,891.7922672164163,248.87,890.932570476532,249.06594563282144,899.8548761379996,209.92000000000002,900.7145728778839
432.95609377247894,147.8641035471991,471.91,147.8516850605607,471.9139062275211,160.10461289240567,432.96000000000004,160.11703137904405
417.92898289636577,685.2587059564542,570.3100000000001,678.4087481307984,572.2210171036343,720.9203573064854,419.84000000000003,727.7703151321411
498.4684721931679,194.2977724619654,570.3100000000001,193.65573320388793,570.4015278068322,203.89731484691828,498.56,204.53935410499574
268.7840055073676,890.9059501908724,307.91,890.1128750705719,308.0859944926324,898.7954820181425,268.96,899.588557138443
365.4285288415081,183.67085071509044,412.87,177.2682931137085,414.8014711584919,191.58004772240957,367.36,197.98260532379152
314.88,122.30139186859131,407.9918967309838,127.52554892073272,406.31,157.50255634307862,313.1981032690162,152.27839929093722
320.9891436796162,822.2590853832547,425.99,818.2015880298615,426.44085632038383,829.8689523173983,321.44,833.9264496707916
490.8620067807281,172.88323792796513,570.3100000000001,168.56978958129883,571.4479932192719,189.5301141991101,492.0,193.84356254577636
451.5895852000643,822.8681996391276,485.03000000000003,819.8916223907471,486.08041479993574,831.6925278236411,452.64,834.6691050720215
111.46677423426027,902.4865611870998,196.39000000000001,902.1759261274337,196.44322576573973,916.7270966402775,111.52,917.0377316999436
694.1549286445418,225.35557023731624,740.87,222.61120197296142,742.0750713554582,243.1241174915656,695.36,245.8684857559204
555.8724888715025,475.5576537790668,760.5500000000001,467.077633934021,762.2775111284976,508.7736069020856,557.6,517.2536267471313
39.36,247.63988582611086,289.8865616357573,261.16237345718685,288.23,291.85293144226074,37.7034383642427,278.33044381118475
528.3744562539595,255.82636759247865,747.4300000000001,239.83895641326905,750.4155437460406,280.7461365273944,531.36,296.733547706604
268.96,854.634758758545,303.5916261798948,856.7912570042997,301.35,892.789969291687,266.7183738201052,890.6334710459323
557.5705412032005,317.3982111270016,583.4300000000001,317.33399257659914,583.4594587967995,329.19643010072053,557.6,329.26064865112306
183.68,810.9361342549324,268.64657489299725,811.5724280376719,268.55,824.4684174394607,183.58342510700277,823.8321236567213
557.6,326.8394935798645,649.1051368887871,327.56202009369576,649.03,337.07781108856204,557.5248631112129,336.3552845747308
177.07836913680373,297.32473354834644,288.23,296.9656294989586,288.27163086319626,309.8514166305629,177.12,310.2105206799507
