280.0,24.98778060078621,639.1039611060584,26.5912530740361,638.75,105.86223363876343,279.6460388939415,104.25876116551353
467.7186697709538,295.1732575781574,581.625,293.100332736969,581.9063302290463,308.55930806324585,468.0,310.6322329044342
510.0,668.1523247212172,533.6410825676719,668.1759708451182,533.625,684.2551097273827,509.98391743232816,684.2314636034818
245.87615259135893,679.0882231415225,287.625,678.7831621170044,287.7488474086411,695.7321859180022,246.0,696.0372469425201
245.63583754362438,622.4707492702582,287.625,621.5365118980408,287.98916245637565,637.9037403947732,246.0,638.8379777669907
408.0,260.1775928735733,515.6530538728246,260.35386512716514,515.625,277.48693639039993,407.9719461271755,277.31066413680816
431.9611770472636,279.83567546683025,545.625,279.51060086488724,545.6638229527364,293.08522404355335,432.0,293.41029864549637
509.8023474351755,620.385124683817,539.625,620.0056750774384,539.8226525648246,635.5400798316401,510.0,635.9195294380188
125.86912162709018,621.1652648522306,155.625,620.9293464124203,155.75587837290982,637.436750196035,126.0,637.6726686358452
636.0,623.7670905590057,665.9785888236387,624.4200355013165,665.625,640.6543200016022,635.6464111763614,640.0013750592914
509.9551112749078,601.840846089867,539.625,601.7593553066254,539.6698887250923,618.102841349098,510.0,618.1843321323395
120.0,668.4118194580078,150.51294293501564,670.0660155689978,149.625,686.4448184967041,119.11205706498436,684.7906223857142
636.0,604.6125719547272,666.0949647092316,605.4811510133982,665.625,621.7647249698639,635.5300352907685,620.896145911193
107.75459289706471,687.7272606418643,167.625,686.826497554779,167.8704071029353,703.1378044559447,108.0,704.0385675430298
497.9118107927634,686.4745545528648,545.625,686.2172076702118,545.7131892072366,702.567855820823,498.0,702.825202703476
359.9248746375602,338.48270731542624,539.625,337.71937823295593,539.7001253624398,355.40511477615325,360.0,356.1684438586235
48.0,188.2913504987955,137.6676604739197,188.63202750810538,137.625,199.8604485243559,47.957339526080304,199.51977151504602
492.0,707.2361674010754,551.6268341031135,707.2493004479985,551.625,715.5765197686851,491.9981658968865,715.5633867217621
384.0,667.986300945282,407.9083895245704,668.4026619602499,407.625,684.6755282878876,383.7166104754296,684.2591672729197
372.0,706.999707877636,413.67049865839385,707.2204355835538,413.625,715.809986114502,371.95450134160615,715.5892584085841
89.95754515377473,443.2391287686158,155.625,442.9322144240141,155.66745484622527,452.0158618537855,90.0,452.32277619838715
126.0,706.8346481323242,149.69369155546656,706.9986051806703,149.625,716.9253301620483,125.93130844453346,716.7613731137023
503.97481880678043,647.7986832247437,545.625,647.6670715212822,545.6501811932196,655.6359772695839,504.0,655.7675889730453
288.0,363.35948495194316,479.6307879721308,363.4367469639408,479.625,377.79249089956284,287.9942120278692,377.7152288875653
257.99156795747837,704.1672358622258,275.625,704.1525045633316,275.6334320425217,714.2456979642208,258.0,714.2604292631149
246.0,604.1783148050308,287.7566387515066,604.5120821679128,287.625,620.9810135364532,245.86836124849341,620.6472461735714
377.01981671656586,622.733527659033,407.625,620.9214570522308,408.6051832834342,637.4763798727053,378.0,639.2884504795074
628.899349830366,670.8122313172844,665.625,668.7968337535858,666.725650169634,688.8534686415169,630.0,690.8688662052155
378.0,686.3813876509666,407.6462167737201,686.4202005727213,407.625,702.6260682195425,377.97878322628003,702.5872552977879
377.38885315441945,604.5323165015362,407.625,603.4136402606964,408.23614684558055,619.9320260926105,378.0,621.0507023334503
414.0,383.7480606213212,533.6301791935377,383.7898055916211,533.625,398.63202122971416,413.99482080646226,398.59027625941434
566.7935722735789,678.4999803750303,611.625,673.7569427490234,614.8314277264212,704.0642572195743,570.0,708.807294845581
270.0,120.08873677253723,629.6548399917187,120.38953543933803,629.625,156.06820902228355,269.97016000828125,155.76741035548278
630.0,691.6945309638977,671.9520776335597,692.37806055735,671.625,712.4526650905609,629.6729223664403,711.7691354971088
312.0,611.3807280063629,360.2479388983494,612.4101840629852,359.625,641.6057167053223,311.37706110165067,640.5762606487
498.0,639.3258059620857,545.6631392899284,639.5351850918585,545.625,648.2172265648842,497.9618607100717,648.0078474351116
173.40544590681213,669.12858596901,215.625,668.6014190912247,216.21955409318787,716.2178566112132,174.0,716.7450234889984
629.9549605170266,644.4777257804795,677.625,644.259725689888,677.6700394829735,654.108501100071,630.0,654.3265011906624
215.2032727775717,233.26201638423018,401.625,230.59781312942505,402.4217272224283,286.3470374659438,216.0,289.0112407207489
237.24919736297286,308.78572754208597,461.625,291.5725564956665,464.3758026370272,327.42960735018704,240.0,344.64277839660645
120.0,603.2590695619583,156.22923082595753,604.598901676774,155.625,620.9373800754547,119.3957691740425,619.5975479606392
