213.09306770564646,16.852367385779832,660.0,15.033276557922363,660.2402656276869,74.06077148064473,213.33333333333334,75.8798623085022
332.8,744.74812794514,518.0004229772918,744.7509302136228,518.0,772.7052728585899,332.7995770227082,772.702470590107
185.6,419.2267475128174,358.49445296925467,422.26654631790535,358.0,450.3895179748535,185.1055470307453,447.34971916976554
185.6,446.90505332946776,358.46310650561395,451.5084401223886,358.0,468.89868621826173,185.13689349438604,464.2952994253409
595.0359286062619,399.258086299854,646.0,398.69409103393554,646.1640713937381,413.5200066566889,595.2,414.0840019226074
192.0,536.8787273406982,270.04829221898234,550.3953601940327,268.4,559.9129962921143,190.35170778101764,546.3963634387798
185.6,500.544234085083,224.81744800830643,506.29188446218893,223.6,514.5987926483155,184.38255199169356,508.8511422712095
192.0,523.1416381835937,244.22994461500213,532.6982955835822,242.8,540.5133636474609,190.57005538499791,530.9567062474725
183.20313364916612,516.8916432712144,210.8,508.65361938476565,213.19686635083386,516.6829722073012,185.6,524.92099609375
599.9335597738784,417.2924940703132,639.6,412.69969711303713,641.2664402261216,427.09218000195244,601.6,431.6849769592285
236.8,510.0519431114197,319.6412963775699,510.4598517608455,319.6,518.8466448783875,236.7587036224301,518.4387362289616
192.0,479.6846279144287,351.95429272976264,485.0160561966406,351.6,495.6455986022949,191.64570727023738,490.314170320083
230.4,384.2883478164673,332.4311461170567,384.5110417193599,332.4,398.7811855316162,230.3688538829433,398.5584916287236
179.2,342.2777710914612,396.64226683402205,344.023654264769,396.4,374.1969501495361,178.95773316597797,372.45106697622833
