362.6666666666667,31.61247666676839,745.4948579516746,32.53444661895916,745.3333333333334,99.60407002766927,362.50514204832547,98.6821000754785
41.318259982087504,20.47416520297995,212.0,17.123661359151203,213.34840668457915,85.81434488117226,42.666666666666664,89.16484872500102
575.4177735199477,688.4046540359333,702.6666666666666,687.744377454122,703.2488931467191,799.9514088531658,576.0,800.6116854349772
511.0880482681676,196.6108248968745,702.6666666666666,194.00936571756998,703.5786183984991,261.16800277036185,512.0,263.7694619496663
63.982775706868495,242.20102090880852,153.2,242.13447049856185,153.21722429313152,265.22529169573806,64.0,265.2918421059847
716.104924193355,760.2580496219869,774.0,758.9076110839844,774.6950758066449,788.7064248653178,716.8,790.0568634033203
57.6,299.73824884295465,281.23038529139717,300.02263778947884,281.2,323.91623318195343,57.56961470860283,323.6318442354292
19.2,754.5829577088356,255.7770748439964,755.9613707935184,255.6,786.3527310371398,19.022925156003627,784.974317952457
678.4,498.50956497192385,742.0893672857314,498.88193233213934,742.0,514.1672298431397,678.3106327142685,513.7948624829241
479.9725023179247,728.2689131564305,518.0,728.1274223327637,518.0274976820754,735.5177817517117,480.0,735.6592725753784
678.3527120684512,514.9433438635895,735.6,514.7436853408814,735.6472879315488,528.3023644112519,678.4,528.50202293396
486.4,368.9975498199463,742.3488602970276,371.4315975027246,742.0,408.11551132202146,486.0511397029724,405.68146363924313
684.7688414576756,483.89626171627776,722.8,483.8043905258179,722.8311585423244,496.70283515414457,684.8,496.7947063446045
716.8,268.0422387123108,742.0116999597394,268.07790046063246,742.0,276.3493927001953,716.7883000402605,276.31373095187365
550.3379712501549,424.0527518169262,665.2,423.47335586547854,665.2620287498452,435.7702109439991,550.4,436.34960689544675
416.0,179.83951721191406,449.8940487954793,182.30130420328493,447.6,213.88592224121095,413.7059512045207,211.42413524984008
697.6,278.21774826049807,746.2013374185052,291.21633659780616,742.0,306.9250129699707,693.3986625814948,293.9264246326626
281.6,754.3089566230774,454.1249135801293,754.9946655197656,454.0,786.4230234146119,281.4750864198707,785.7373145179237
408.1888742477455,213.84517175565742,447.6,209.28705444335938,449.01112575225454,221.4881564914129,409.6,226.04627380371093
518.4,330.81722650527956,703.6457268244728,331.2367742477214,703.6,351.4268455505371,518.3542731755272,351.0072978080952
57.50285410668515,183.9380502310127,153.2,183.55032987594603,153.29714589331485,207.52788123222885,57.6,207.91560158729553
57.559701019664566,124.87745526253791,153.2,124.7142596244812,153.24029898033544,148.33135242045313,57.6,148.49454805850982
531.2,146.32139644622802,556.4127546792079,146.36629287296998,556.4,153.52901430130004,531.1872453207922,153.48411787455808
697.6,302.90475845336914,734.7772735218953,321.29718808152586,729.2,332.5707298278809,692.0227264781048,314.17830019972416
575.9666467997354,146.30976587570743,614.0,146.13569831848145,614.0333532002646,153.42329438887998,576.0,153.59736194610596
