55.92201852796913,628.4574893651201,652.1666666666667,627.690049002568,652.2446481386975,688.2759102905499,56.0,689.043350653102
18.666666666666668,11.996184319257736,151.27391620344605,17.649650157892534,148.16666666666669,90.53305061658224,15.559417129887311,84.87958477794744
223.36125807329555,111.86549931081353,484.1666666666667,109.67248177528381,484.8054085933711,185.6350978879907,224.0,187.82811542352042
229.59074311851572,566.8551100783856,335.65,566.787304648757,335.6592568814843,581.266646150419,229.6,581.3344515800476
503.9332867035433,440.8221032576826,688.4499999999999,440.231207036972,688.5167132964567,461.0634915632936,504.0,461.6543877840042
375.2,566.6015943527221,554.3364623860905,569.7818601583941,554.05,585.9175738334656,374.91353761390945,582.7373080277936
132.57509330295736,48.52621579531024,391.65,36.50587425231934,393.47490669704257,75.83816198941875,134.4,87.85850353240967
526.4,100.24012069702148,550.6125209417564,106.52748460978411,548.4499999999999,114.85531234741211,524.2374790582435,108.56794843464948
503.7805408597535,426.8117156181534,682.85,424.09663114547726,683.0694591402465,438.57074049375456,504.0,441.28582496643065
229.6,505.1215365171432,263.11009428563125,505.4632837567098,262.84999999999997,530.9668812274932,229.33990571436874,530.6251339879267
532.0,184.07577514648438,548.538449560637,184.30813259022457,548.4499999999999,190.60368556976317,531.9115504393629,190.37132812602297
543.1999999999999,110.49075684547424,559.6822758673371,110.55677548279077,559.65,118.61479926109314,543.1677241326629,118.54878062377661
543.1999999999999,172.57567749023437,559.990439107642,173.45300774023144,559.65,179.96836738586424,542.859560892358,179.0910371358672
498.4,389.4166494846344,571.0303727726383,389.72743791558054,570.85,431.8800420999527,498.2196272273617,431.5692536690065
354.7235566944511,222.06992458365926,425.25,205.1661096572876,434.5264433055489,243.86947666145792,364.0,260.7732915878296
200.4968280431882,262.2642559044184,346.84999999999997,229.66651287078858,353.5531719568118,259.7615558631597,207.2,292.35929889678954
224.0,539.8596054553985,559.9160955108078,543.6387653127443,559.65,567.2910500526428,223.7339044891921,563.5118901952969
570.1190633438106,404.87000039030215,688.4499999999999,398.44964094161986,689.5309366561893,418.3719284732232,571.1999999999999,424.7922879219055
285.59999999999997,503.33481521606444,487.1942718766431,505.88390088302134,486.84999999999997,533.1106195449829,285.2557281233569,530.561533878026
