-8.742471502220704,182.06874724556016,105.33333333333333,78.01648203531902,135.40913816888738,110.98954260022434,21.333333333333332,215.04180781046549
42.527903180994315,709.0165229848104,745.3333333333334,707.8961254755656,745.4720968190057,794.9399919896247,42.666666666666664,796.0603894988695
151.46034448411913,29.090536045757034,198.0,6.368338012695313,219.3396555158809,50.07626693275859,172.8,72.79846496582032
531.1251244885284,662.2681259304361,620.4,661.763928604126,620.4748755114716,675.0216386645957,531.2,675.5258359909058
332.748936813192,577.204182208763,415.6,576.8819240570068,415.651063186808,590.0100304949418,332.8,590.332288646698
370.91788774928017,481.53468513467834,460.4,479.83721923828125,460.6821122507198,494.70879936239197,371.2,496.40626525878906
5.072072730165877,112.52951354830827,127.6,9.712844848632812,148.12792726983412,34.176235963410484,25.6,136.99290466308594
531.1063158227528,577.3617887628948,614.0,576.7682266235352,614.0936841772472,589.8516530858601,531.2,590.4452152252197
351.7036005978494,412.51297047577174,479.6,409.9492057800293,479.89639940215056,424.73543650665016,352.0,427.29920120239257
338.9794757384676,386.76133612859604,492.4,384.4882621765137,492.6205242615324,399.3724887920583,339.2,401.64556274414065
281.6,633.9540335655213,575.6755695969165,635.1931475514053,575.6,653.1278755187989,281.52443040308356,651.8887615329147
435.0892720199363,399.3557969811717,479.6,398.95105438232423,479.7107279800637,411.12813436953627,435.2,411.5328769683838
351.7740407396069,457.15182899549575,454.0,455.85685539245605,454.2259592603931,473.6942090599242,352.0,474.98918266296386
339.2,29.15449228286743,511.6657189847962,29.45148426794932,511.6,67.61504602432251,339.13428101520384,67.31805403924062
428.695220860275,662.4978216051306,518.0,661.7749004364014,518.104779139725,674.7186048627648,428.8,675.4415260314942
364.8,77.6728500366211,489.1170253023941,90.660841825796,486.0,120.49604034423828,361.68297469760586,107.50804855506337
313.5316151650291,599.4288330505113,556.4,598.9307969093322,556.4683848349708,632.2788073112745,313.6,632.7768434524536
223.911553830294,662.3040239708985,313.2,661.7124687194824,313.288446169706,675.0623984915649,224.0,675.653953742981
428.8,576.9549865722656,518.0408032023316,577.2364154120759,518.0,590.1750699996949,428.7591967976684,589.8936411598845
224.0,576.5822271466255,313.2088392382377,576.6409585018786,313.2,590.0671459197998,223.99116076176227,590.0084145645467
371.2,351.978493309021,473.3761373199054,352.8085112941046,473.2,374.4912113189697,371.0238626800946,373.6611933338861
326.28566098509606,662.6739339917316,415.6,661.9006694793701,415.714339014904,675.1071639925824,326.4,675.8804285049439
