151.0955156830706,1282.7393548924726,1244.5983333333334,1282.2088064787783,1244.6494843169294,1387.635084730014,151.14666666666665,1388.165633143708
955.3431845164266,1138.1313977904417,1206.8116666666665,1025.9794565788904,1233.9218154835733,1086.7661705689331,982.4533333333333,1198.9181117804844
498.72966870768363,1087.6565288651395,600.0994999999999,1087.24888771224,600.1538312923163,1100.7596775253603,498.784,1101.1673186782598
792.9298941856758,684.8845868491867,996.8594999999999,681.244791975975,997.4496058143241,714.3071073799392,793.52,717.9469022531509
442.0635547399911,471.7962499254357,622.7715,471.3615117770433,622.8119452600089,488.17342455428724,442.104,488.6081627026796
442.104,435.9322026389837,634.2887070074393,436.95663715737476,634.1075,470.9512117321491,441.92279299256063,469.92677721375804
804.856,1083.444081644058,929.5015639195963,1087.8648132641608,928.8435,1106.41937739563,804.1979360804037,1101.9986457755272
464.77599999999995,1072.5110831497088,634.1108601615177,1072.5474553784427,634.1075,1088.1910521698967,464.77263983848223,1088.1546799411626
804.856,715.3259963092803,974.6578985312381,719.2380161426535,974.1875,739.6557458763123,804.3856014687618,735.7437260429391
827.5279999999999,1055.8305736045836,963.6802563747123,1059.5206612557956,962.8515,1090.0990813550948,826.6992436252876,1086.4089937038827
487.448,1044.724393062353,600.3498138183347,1045.8831222262702,600.0994999999999,1070.2726732912063,487.19768618166523,1069.1139441272892
850.1999999999999,1124.9650048980711,940.3813719254895,1125.723155587467,940.1795,1149.7356473631858,849.9981280745105,1148.97749667379
827.5279999999999,1106.6281646785735,940.6148578454981,1109.5473870652245,940.1795,1126.412580690384,827.0926421545017,1123.493358303733
