99.90066261769748,282.8808351969637,135.75,282.62225091457367,135.8493373823025,296.39408306122647,100.0,296.6526673436165
96.0,362.79707860946655,144.58722084147044,365.568160347495,143.75,380.24771070480347,95.16277915852956,377.476628966775
372.9688487695041,278.17874252452697,415.75,269.7907133102417,418.7811512304959,285.2503804002777,376.0,293.638409614563
63.98688406501081,44.8874433747184,123.75,44.7934907078743,123.76311593498919,53.13651246217373,64.0,53.23046512901783
111.9612066246696,352.37115863372827,127.75,352.31369972229004,127.7887933753304,362.9735011715696,112.0,363.0309600830078
369.18102189506914,425.81443066909,423.75,412.73804664611816,426.56897810493086,424.50190691635925,372.0,437.57829093933105
204.0,193.63211011886597,241.38311900130492,200.53588910034034,239.75,209.37902879714966,202.36688099869508,202.47524981567528
164.0,101.08791971206665,293.35430411301286,124.50931404673771,291.75,133.36974477767944,162.39569588698714,109.94835044300838
164.0,89.5668158531189,221.1878045634084,98.59536551096882,219.75,107.70257425308228,162.5621954365916,98.67402459523235
208.0,169.9713683128357,265.6008636824047,182.22532604991883,263.75,190.9254822731018,206.14913631759532,178.67152453601867
95.92855289098163,425.3913210281321,143.75,425.0036450624466,143.82144710901835,433.81694391880546,96.0,434.20461988449097
228.0,247.9271478652954,249.61346608870332,252.44333157979244,247.75,261.3614721298218,226.13653391129668,256.8452884153248
382.4238731835626,209.9326363868457,407.75,208.01265048980713,409.3261268164374,228.8030050926465,384.0,230.72299098968506
204.0,133.70967864990234,216.27212995364306,134.44939394148832,215.75,143.11170864105225,203.47787004635694,142.37199334946627
349.2544268618685,451.4390402491852,439.75,428.5400071144104,442.4955731381315,439.39034360091244,352.0,462.28937673568726
168.0,281.2799377441406,180.0116601092675,281.63335393685446,179.75,290.5264730453491,167.7383398907325,290.1730568526353
349.61531263480185,396.8710592398932,439.75,375.9771213531494,442.13468736519815,386.2644616951654,352.0,407.1583995819092
204.0,145.02091932296753,261.3602155216027,155.67174641604495,259.75,164.343590259552,202.38978447839727,153.69276316647458
224.0,308.6578269004822,236.14701595059452,309.177915504568,235.75,318.450487613678,223.60298404940548,317.9303990095922
228.0,259.8716673851013,269.93954871791794,270.27155836969814,267.75,279.1013321876526,225.81045128208208,268.70144120305577
359.6038645371905,238.63246530273736,423.75,227.33295059204102,428.1461354628095,252.28934103271186,364.0,263.5888557434082
220.0,296.910635471344,240.28076527698275,298.064410753514,239.75,307.39406633377075,219.46923472301725,306.24029105160076
59.87464536999169,19.32143815271551,123.75,18.9463649392128,123.8753546300083,40.29438755996531,60.0,40.66946077346802
192.0,285.815691947937,214.64191038009457,294.5118469557191,211.75,302.04142475128174,189.10808961990543,293.34526974349967
104.0,385.70941611751914,131.7548758236215,385.7258874652671,131.75,393.9418441206217,103.99512417637851,393.92537277287374
196.0,180.35006952285767,273.43170810386005,195.38776879296606,271.75,204.0471739768982,194.31829189613993,189.0094747067898
378.00907388292313,98.17616804438418,411.75,93.46901512145996,413.74092611707687,107.73999635380918,380.0,112.4471492767334
369.3061118882132,410.1366263215744,419.75,399.5022683143616,422.4438881117868,412.2806786711014,372.0,422.9150366783142
180.0,273.5179531574249,209.30782355725216,280.08291730178723,207.75,287.0374743938446,178.44217644274784,280.4725102494823
95.98736988613135,414.1093262993233,143.75,414.04633988440037,143.76263011386865,423.62376158307626,96.0,423.6867479979992
200.0,204.45088291168213,241.46693334798286,212.88875287093273,239.75,221.32642269134521,198.28306665201714,212.8885527320946
