493.92,240.98103401799997,602.6421305486848,241.1934470737383,602.5366666666666,295.1743942856789,493.8145361179819,294.96198122994053
87.808,330.6916315379143,224.80406821643362,332.09742075647114,224.66500000000002,345.6498072834015,87.66893178356642,344.2440180648446
576.1337214127676,540.4917287794365,663.705,539.6358789463044,663.8112785872324,550.5103938554513,576.24,551.3662436885834
318.30400000000003,434.6054462604523,400.4975687664,435.742100124747,400.281,451.40259304428105,318.08743123360006,450.26593917998633
93.296,395.54135826134683,219.33457546031573,396.84833331875643,219.17700000000002,412.0441753764153,93.1384245396843,410.7372003190057
570.5232690083519,512.6364480334943,658.2170000000001,511.4347776947022,658.4457309916482,528.1267716663654,570.7520000000001,529.3284420051575
515.8720000000001,548.1563490066528,653.0810892195409,552.9738854590164,652.729,563.0017994384766,515.5199107804592,558.184262986113
575.9460829144513,624.1811989750522,641.753,623.585949338913,642.0469170855489,656.0795051589353,576.24,656.6747547950745
334.76800000000003,509.1884418187142,383.8614314795706,509.41705659195236,383.817,518.9584076032639,334.7235685204294,518.7297928300258
115.248,348.18308573734765,197.27908620103264,348.5226147682953,197.22500000000002,361.58997989702226,115.19391379896734,361.25045086607463
93.296,447.37140378797056,219.26620733242464,448.2962034515681,219.17700000000002,460.4474472327233,93.20679266757537,459.52264756912575
93.296,239.2772239022255,213.90678253282312,240.47393396795349,213.68900000000002,262.4232117905617,93.0782174671769,261.2265017248337
559.7116187914144,530.7509654352417,663.705,529.9326166744232,663.7693812085856,538.1139934757005,559.7760000000001,538.9323422365189
323.79200000000003,519.6220015296936,395.4065283158907,523.4156937619306,394.793,534.9974295120239,323.17847168410935,531.203737279787
323.79200000000003,497.45265963935856,394.80675602113126,497.5412676744081,394.793,508.5660069534779,323.77824397886883,508.4773989184283
93.296,419.8919717873335,219.22674648855838,420.4034470153103,219.17700000000002,432.6515718445778,93.24625351144167,432.14009661660106
98.784,374.3102543053627,213.79095879990118,375.4669874439287,213.68900000000002,385.6041323986054,98.68204120009882,384.4473992600394
115.248,47.10555825828761,603.3496263438586,47.26241860795043,603.337,86.5517545389533,115.2353736561414,86.3948941892905
208.3321976154843,546.7416077995676,499.06500000000005,544.5349345321656,499.2768023845158,572.4402441725356,208.544,574.6469174399376
93.296,436.5674278595448,219.21931654718153,437.1119958213781,219.17700000000002,446.8970737903118,93.25368345281849,446.3525058284785
548.8000000000001,123.62810572624207,614.762512389201,124.4302024089211,614.313,161.3970259628296,548.3504876107991,160.59492928015055
323.79200000000003,620.5717810993195,428.053173893575,621.6212091983983,427.721,654.6228413362503,323.45982610642506,653.5734132371715
120.3841146475226,623.337097863119,224.66500000000002,622.277323850155,225.0168853524774,656.9025511627982,120.736,657.9623251757622
340.24567382066385,536.3331838106839,383.817,536.275904877305,383.82732617933624,544.1308927673373,340.25600000000003,544.188171700716
