60.0,659.330386556685,519.4538776800179,663.4421087199709,518.75,742.0951199531555,59.29612231998205,737.9833977898695
439.5229259059222,148.98854800330008,738.75,147.36020117998123,739.2270740940777,235.02794078721197,440.0,236.65628761053085
160.0,454.03312768787146,478.9577375108707,454.79287098223057,478.75,542.0058637857437,159.79226248912929,541.2461204913845
439.15129695560597,252.12516322671007,698.75,249.32482182979584,699.598703044394,328.0017323798077,440.0,330.80207377672195
60.0,30.37368346005678,339.0421120723315,31.279032121498574,338.75,121.31237849593163,59.70788792766845,120.40702983448983
180.0,563.7810049951077,739.1638847200556,566.8965220003839,738.75,641.179341673851,179.5861152799444,638.0638246685746
306.0,398.8449127972126,359.6695223160343,399.0661676750384,359.625,409.86589086055756,305.9554776839657,409.6446359827318
251.85950197007628,339.9042972535825,359.625,338.46790516376495,359.7654980299238,349.0087876110339,252.0,350.44517970085144
401.9634561802291,71.7584895406034,419.625,71.6627687215805,419.66154381977094,78.40550536772942,402.0,78.50122618675232
366.0,71.99686360359192,383.63039297223304,72.01133175196897,383.625,78.58302408456802,365.994607027767,78.56855593619099
251.83025488222833,310.0868753435123,353.625,308.7297885417938,353.7947451177717,321.4623278139127,252.0,322.8194146156311
305.95522874772826,349.4504171980425,341.625,349.3296264410019,341.6697712522718,362.5506738649802,306.0,362.6714646220207
245.91569230805857,327.0472043241758,359.625,326.138530254364,359.7093076919415,336.6885939155321,246.0,337.59726798534393
305.6280135271263,363.2727157011292,329.625,362.6289882659912,329.9969864728737,376.4959665403107,306.0,377.1396939754486
251.77998204175523,412.0697023882137,353.625,410.1799085140228,353.8450179582448,422.03714501722,252.0,423.9269388914108
252.0,427.0943834781647,353.70729254982007,427.74297036728507,353.625,440.64756739139557,251.91770745017996,439.99898050227523
282.0,381.6644926071167,336.4291441668284,384.77401799626983,335.625,398.84976053237915,281.19585583317166,395.7402351432261
