-6.1888057369098854,7.379233747782238,39.01,3.532904503345489,45.19880573690988,76.25851130121754,0.0,80.10484054565428
51.791999999999994,481.1691660398617,214.8907279111196,481.21386315297417,214.887,494.816924268946,51.788272088880376,494.7722271558336
89.27440387961973,434.51482802245175,107.31899999999999,432.51712239074703,109.67659612038027,453.8124869990631,91.63199999999999,455.8101926307678
275.4642555797111,52.05411713012289,306.519,41.49590357208252,321.8867444202889,86.69686230102944,290.832,97.25507585906982
135.456,445.88465971183774,275.3706515969754,449.93965498181,274.647,474.9087250614166,134.73234840302456,470.8537297914443
408.0744015224132,447.07830606021446,465.87899999999996,442.4602319869995,468.1565984775868,470.9690136571927,410.352,475.5870877304077
167.0170919364177,319.7513709296269,206.91899999999998,319.45239187145233,207.2299080635823,360.9463514986949,167.328,361.2453305568695
17.463265792491402,426.10463964584886,91.383,420.55588785552976,93.83973420750858,453.2841745946067,19.919999999999998,458.8329263849258
229.7220868186561,248.90797667180473,278.631,247.4029088859558,279.98091318134385,291.2698942865235,231.07199999999997,292.77496207237243
318.71999999999997,340.55452944946285,378.5545340741161,341.1864394183227,378.231,371.8213582134247,318.3964659258839,371.1894482445648
250.992,49.310548736572265,297.0091627146408,66.07285880369577,282.615,105.58880410766601,236.5978372853592,88.82649404054251
438.23999999999995,146.43812873840332,489.5626355679677,151.106720541467,485.799,192.48101600646973,434.47636443203226,187.812424203406
150.70693498626306,369.9328606964597,302.53499999999997,367.28611098289485,303.2200650137369,406.5841582864275,151.392,409.2309079999923
235.05599999999998,287.9325953063965,290.870426687957,297.56871544027837,282.615,345.38587641906736,226.80057331204296,335.74975628518547
441.298327573694,56.56755133433169,481.815,55.73371319961547,482.740672426306,100.7126664391058,442.224,101.54650457382202
210.3982375904204,415.1804428524646,449.943,410.40915210342405,450.69676240957955,448.2521272673932,211.152,453.0234180164337
231.07199999999997,143.11622173690796,281.31536761016906,146.1964476401852,278.631,189.98273892974854,228.3876323898309,186.90251302647127
163.344,227.92243267822263,213.93709044477222,231.46497231956474,210.903,274.7966009902954,160.30990955522776,271.2540613489533
171.31199999999998,111.96067520141601,212.7144661149465,121.09766725766677,202.935,165.4113770599365,161.53253388505348,156.27438500368575
163.344,181.4209118671417,207.8441023928325,182.4058827821557,206.91899999999998,224.20117904663084,162.41889760716748,223.21620813161687
162.16209389092342,273.0194319057424,206.91899999999998,271.7785958747864,208.1009061090766,314.409902053837,163.344,315.6507380847931
231.07199999999997,187.0428189239502,281.7955185808442,190.53571938624003,278.631,236.49051219177244,227.90748141915574,232.9976117294826
318.0838988597558,310.8551380524257,378.231,309.6092794589996,378.8671011402442,340.31873542741744,318.71999999999997,341.5645940208435
438.23999999999995,11.488487503051758,487.41873793714865,17.813149008865203,481.815,61.386193862915036,432.6362620628513,55.061532357101584
193.92010046190535,15.787553247764992,298.551,12.972075141906737,299.84689953809465,61.13126135604055,195.21599999999998,63.9467394618988
427.06614033239043,104.80028714831123,485.799,100.78251633453368,489.00485966760954,147.64663942639578,430.272,151.66441024017334
