77.46588259922962,126.63935625134869,170.01923076923077,126.10996304108546,170.09180970846268,138.79887499218833,77.53846153846153,139.32826820245157
40.91338623967178,147.4547559713696,159.25,147.28744359429066,159.25969068340513,154.14146527044386,40.92307692307692,154.3087776475228
170.35612705636626,234.33346916106376,217.40384615384616,221.63834381103516,221.50925755901832,236.85286412844943,174.46153846153845,249.54798947847806
165.84615384615384,201.79070136294914,185.09899238767522,201.7981828351441,185.09615384615384,209.1028924137354,165.84331530463245,209.09541094154042
40.90601278243496,155.28455747412153,107.5576923076923,155.1179494857788,107.57475644833427,161.9444747007775,40.92307692307692,162.11108268912022
8.615384615384615,294.14805720402643,18.698940495377055,300.8481689647404,12.788461538461538,309.7433407123272,2.7049056584690985,303.04322895161323
124.73102216110793,155.35436520909735,135.5576923076923,155.0421004662147,135.7497470696613,161.7009167601198,124.92307692307692,162.01318150300244
53.62803931158637,227.51965182276697,191.5576923076923,181.42313920534573,196.0834991499521,194.96522583695733,58.15384615384615,241.06173845437857
16.58661003162429,289.6962667643476,139.8653846153846,248.22046089172363,144.81723612222186,262.93887739599637,21.538461538461537,304.4146832686204
37.25464157182137,324.61316975688345,202.32692307692307,281.0341342779306,205.99535842817863,294.92973766452207,40.92307692307692,338.50877314347485
157.7913074351107,136.09872117648993,206.6346153846154,124.61306777367224,210.3817694879662,140.54802553230667,161.53846153846152,152.03367893512433
156.8515455431986,36.78813382620261,229.9230769230769,13.403795535747822,234.60999291833986,28.049500920642338,161.53846153846152,51.43383921109713
-2.513829493953537,196.09347107650197,124.78846153846153,153.58299086644098,129.45613718626123,167.56085704967177,2.1538461538461537,210.07133725973276
2.2028156414565525,242.79282465349277,49.40384615384615,230.04894814124472,53.66256897392806,245.82249283789184,6.461538461538462,258.5663693501399
16.928977852122607,134.88553825664277,77.40384615384615,117.8009194594163,82.01332984018508,134.11722842590865,21.538461538461537,151.20184722313513
35.43331238911591,333.5058201514132,75.25,324.47908570216254,78.58591838011486,339.19373370506963,38.76923076923077,348.2204681543203
2.0129102292890657,41.87377787236667,144.1730769230769,-5.726853884183443,148.62170515532634,7.559056569478567,6.461538461538462,55.15968832602868
47.2449376017822,87.91252216241664,124.78846153846153,87.04630560141344,124.92813932129472,99.55023127561594,47.38461538461538,100.41644783661916
86.15384615384615,25.993293908926155,106.8557757145217,29.257494733992527,105.40384615384615,38.4657956636869,84.70191659317061,35.20159483862052
40.92307692307692,163.6874970656175,75.28187162386422,163.86932170378836,75.25,169.89199603520908,40.89120529921269,169.71017139703818
141.62927479341963,344.5681184424678,189.40384615384616,341.0822350428654,189.92841751427267,348.2715667041574,142.15384615384616,351.75745010375977
2.1538461538461537,-0.2137264613635265,23.587607139499205,-0.12268497985256707,23.557692307692307,6.9201195113934,2.1239313220392555,6.8290780298824405
176.54841032550297,298.618996686028,191.5576923076923,298.47499818068286,191.62466659757393,305.4558762111934,176.6153846153846,305.59987471653864
40.78640358054251,49.88002773601162,150.6346153846154,48.538593989152176,150.7712887271498,59.73059084612703,40.92307692307692,61.07202459298647
-2.753252706371583,92.98544404412907,77.40384615384615,66.49734871204083,82.31094501406389,81.34699356282916,2.1538461538461537,107.8350888949174
43.02560739061294,40.331332231994864,81.71153846153845,40.048939310587365,81.7628541478486,47.07884322445567,43.07692307692307,47.36123614586317
203.81573271715538,119.7733859841372,229.9230769230769,114.96259219829852,232.8765749751523,130.99071431070954,206.76923076923077,135.80150809654822
168.2584825008,81.81167035008473,221.71153846153845,67.77263003129225,225.76074826843075,83.18982618499639,172.3076923076923,97.22886650378886
38.76923076923077,105.84642268602664,200.2488083617152,106.69544615353637,200.1730769230769,121.0991478058008,38.69349933059248,120.25012433829109
