66.432,115.97339045906067,254.48741336812583,116.09384584924719,254.483,122.98401295566558,66.42758663187414,122.86355756547906
290.64,111.51846854400634,313.42741916961876,112.46698289701084,312.611,132.0809041595459,289.8235808303812,131.1323898065414
319.3485196520921,86.27847767151243,334.755,85.05502790069579,336.4944803479079,106.95970305358523,321.08799999999997,108.18315282440184
312.784,155.35730466270445,335.2921208161526,155.72162112410476,334.755,188.90590320777892,312.2468791838474,188.5415867463786
246.2987800967415,22.48833164505072,260.019,22.402035917282102,260.0722199032585,30.863506662329954,246.352,30.949802390098572
314.5680705887488,58.88473943824221,331.98699999999997,53.30650536346435,341.27492941125115,82.3095526760156,323.856,87.88778675079345
321.08799999999997,2.7680659942626953,338.65535298205367,6.153875304805017,331.98699999999997,40.752785018920896,314.4196470179463,37.366975708378575
318.32,115.7370194683075,334.9384517164297,115.884253875763,334.755,136.590578874588,318.1365482835703,136.4433444671325
66.432,223.86966061401367,261.3204048205588,230.60826961362548,260.019,268.24640969848633,65.13059517944117,261.5078006988745
44.288,290.6807027864456,285.00835823878583,291.1807763001575,284.931,328.41870720958707,44.2106417612142,327.9186336958752
5.447918497493798,53.37539767618978,273.859,52.34154855585098,273.9470815025062,75.20953855840361,5.536,76.24338767874241
71.968,149.7031780259609,312.7416792753513,150.569913182965,312.611,186.87180964708327,71.83732072464868,186.0050744900792
