84.1955643846797,91.48758088254978,190.66666666666666,89.47115325927734,191.80443561532033,149.54745488659492,85.33333333333333,151.56388250986734
283.9918749254512,216.5685441009068,468.0,171.93265024820963,482.6747917412154,232.4283787099656,298.6666666666667,277.0642725626628
85.33333333333333,26.200493812561035,192.2712834729535,28.893541110821033,190.66666666666666,92.61111195882161,83.7287165270465,89.91806466056163
15.185575999031494,210.59824694337053,233.33333333333334,188.6599324544271,239.48109066763516,249.7913140739838,21.333333333333332,271.72962856292725
5.531057914426945,368.0827338857004,204.4,314.38096923828124,211.66894208557306,341.2993923502615,12.8,395.00115699768065
11.144284808728703,176.39182650624056,146.8,145.3906219482422,154.8557151912713,180.64098790110808,19.2,211.64219245910644
13.547447785895761,291.93799039738684,191.6,265.23094177246094,197.25255221410424,302.91580026728604,19.2,329.6228488922119
8.079432585338422,123.93017345913333,38.0,116.78552322387695,42.72056741466157,136.55444835177974,12.8,143.69909858703613
591.00585638669,93.88831520418736,652.4,63.56150817871094,662.99414361331,85.00848655362513,601.6,115.33529357910156
5.8556219404770165,0.6682576115960843,44.4,-1.6357172012329102,44.94437805952298,7.471462971365952,6.4,9.775437784194946
691.2,91.85796508789062,728.0862975011368,95.94373633122686,722.8,143.66837158203126,685.9137024988632,139.58260033869502
723.2,646.2985515594482,748.3943094314408,670.9402566255806,742.0,677.4779621124268,716.8056905685592,652.8362570462943
562.5580841684555,161.54758478478118,607.6,140.57710723876954,621.0419158315445,169.44863103553132,576.0,190.41910858154296
86.24531632840136,379.4047997156563,210.8,361.1333724975586,214.15468367159866,384.001950772625,89.6,402.2733779907227
686.4464771363308,179.21369334986213,767.6,101.79739074707031,791.5535228636692,126.90725391576287,710.4,204.32355651855468
7.29503656355377,54.81410154705539,57.2,25.34796905517578,75.50496343644622,56.34995179767118,25.6,85.81608428955079
724.8483506528406,79.98453063747216,767.6,71.87656860351562,772.3516493471594,96.93105774143409,729.6,105.03901977539063
