14.319955934635304,483.1144629041148,387.9,482.5425287783146,387.98004406536467,534.8262868497105,14.399999999999999,535.3982209755108
57.59083195364424,19.334159867190863,531.9,19.280499324202538,531.9091680463557,100.3174810140346,57.599999999999994,100.37114155702292
132.8021584497809,353.59674504978295,224.37,344.9675469589233,225.48784155021912,356.82940675990943,133.92,365.45860485076906
128.25437180925292,286.67593462869377,228.69,279.2073734664917,230.0356281907471,297.30309628561287,129.6,304.77165744781496
348.44088719814084,335.65242407315924,444.69,329.1761477279663,446.1691128018591,351.15842385774897,349.92,357.6347002029419
133.5481447073823,425.811502123744,207.09,424.2181865501404,207.46185529261768,441.38172186765,133.92,442.9750374412537
90.72,404.5355255126953,107.76588586783755,404.6069228465381,107.73,413.17455940246583,90.68411413216245,413.103162068623
348.96739161047196,364.83325882504766,453.33,356.60437196731567,454.28260838952804,368.6857990210217,349.92,376.9146858787537
349.81001488175144,438.69443988787964,427.41,438.18976447105405,427.51998511824854,455.1013144589679,349.92,455.60598987579345
344.712609561182,296.05167318399725,457.65,290.5482808685303,458.537390438818,308.75878717366874,345.6,314.26217948913575
128.22238489249543,324.3182054840994,220.05,318.39768642425537,221.4276151075046,339.76458155279636,129.6,345.6851006126404
