74.66666666666667,94.7552783191204,394.0449375180985,95.00352986798127,394.0,152.81612718105316,74.6217291485682,152.5678756321923
208.82994250584713,280.0076525812381,383.3333333333333,271.0423444112142,387.8367241608196,358.6976658696896,213.33333333333334,367.66297403971356
14.115435782882571,184.71143458047806,47.8,179.76208724975587,49.684564217117426,192.58816716512743,16.0,197.53751449584962
9.390991308647978,130.51558784612362,51.0,120.15594024658203,54.40900869135203,133.84805389276798,12.8,144.20770149230958
268.7859243014946,218.9087408462007,371.0,218.8014566898346,371.0140756985054,232.2119597992461,268.8,232.3192439556122
217.46876230840945,164.80518873664116,383.8,163.92467575073243,383.9312376915906,188.71582366493965,217.6,189.5963366508484
12.799765072259612,344.2856581162541,207.8,344.28102985583246,207.8002349277404,354.17912555338154,12.8,354.1837538138032
300.6209774344889,7.48945549722287,374.2,6.875762176513672,374.3790225655111,28.3397490621033,300.8,28.9534423828125
57.56692346392272,182.47826305606358,159.8,182.21330952644348,159.83307653607727,194.97598549149043,57.6,195.24093902111053
222.21945731409073,221.12362210476567,255.8,216.50105361938478,257.5805426859093,229.43576510226558,224.0,234.05833358764647
275.0935082450825,257.7681389916296,307.0,257.19132289886477,307.10649175491756,263.08189762946415,275.2,263.658713722229
22.4,25.661440454423428,195.04729841760278,25.844819978720626,195.0,70.37511336803436,22.352701582397223,70.19173384373717
262.4,266.36986083984374,275.160884417463,266.663881461645,275.0,273.6464782714844,262.239115582537,273.35245764968306
240.0,33.19818820953369,393.730505908409,34.756330661933376,393.4,67.3649284362793,239.66949409159102,65.80678598387962
16.0,295.1013956785202,208.65555012547156,299.2984042752747,207.8,338.57077560424807,15.144449874528457,334.37376700749354
