15.035339823792183,36.05041402525314,358.75,13.684525489807129,363.7146601762078,89.980465293461,20.0,112.34635382890701
59.93556424493177,683.3088995109773,678.75,682.6811948418617,678.8144357550682,746.2043409595736,60.0,746.8320456286892
251.75708722298856,591.2867090871249,281.625,590.7359601259232,281.8679127770115,603.9094713757124,252.0,604.4602203369141
257.94871167434985,347.5631641822306,491.625,347.12807965278625,491.67628832565015,374.6741419953856,258.0,375.10922652482986
291.3575001188212,183.41544204038647,347.625,173.75305724143982,350.2674998811789,189.14127297121024,294.0,198.80365777015686
257.88499337479186,386.13543004706963,491.625,385.1667700409889,491.74000662520825,412.91814737602607,258.0,413.8868073821068
492.0,397.4534389972687,563.9638266550826,399.2905167628636,563.625,412.563369512558,491.6611733449175,410.7262917469631
246.0,499.89238715171814,282.0534645706719,511.591394292303,275.625,531.40234208107,239.5715354293281,519.7033349404851
432.0,311.1892547607422,611.7032481101337,311.8864216214644,611.625,332.0558248758316,431.92175188986636,331.3586580151094
384.0,61.25115787982941,707.6667411915571,61.5877904507209,707.625,101.72126716375351,383.95825880844296,101.38463459286201
252.0,457.13932514190674,302.2197327768959,471.90910544407416,293.625,501.13263988494873,243.40526722310412,486.3628595827813
176.3695843383194,172.769396452982,329.625,150.36593627929688,333.2554156616806,175.20053133479877,180.0,197.6039915084839
509.81060871342726,365.5106780741226,587.625,364.7755923271179,587.8143912865728,384.82409379744416,510.0,385.55917954444885
450.0,335.45487570762634,612.3499521292592,342.22104149882676,611.625,359.6158182621002,449.2750478707408,352.84965247089985
558.0,247.81896936893463,617.7451731148619,248.44877968317564,617.625,259.84866213798523,557.8798268851382,259.2188518237443
552.0,524.8885917663574,575.8751728878126,525.4967099356535,575.625,535.3186841011047,551.7498271121875,534.7105659318088
162.0,217.06819957494736,365.85838521584765,218.556101767684,365.625,250.53235226869583,161.76661478415238,249.0444500759592
411.9802406369101,222.01795774918486,617.625,208.36674642562866,619.64475936309,238.79283231276585,414.0,252.44404363632202
384.0,14.341486930847168,667.2364902918547,26.637181563930838,665.625,63.75853729248047,382.38850970814536,51.4628426593968
