526.2589120240798,328.7812611547826,610.05,328.26973695755004,610.1910879759203,351.38089194618476,526.4,351.89241614341734
401.71850423959864,469.2802032093638,453.25,460.9109804153442,454.73149576040134,470.03293765977685,403.2,478.4021604537964
401.4321170860169,441.76964861744125,464.45,429.90659589767455,466.2178829139831,439.29779065257827,403.2,451.16084337234497
401.4863774173599,568.9956162796195,453.25,561.0248291969299,454.96362258264,572.1533804549996,403.2,580.1241675376892
492.74997058361225,504.73214962067,587.65,504.5245962023735,587.7000294163877,527.3996378463329,492.8,527.6071912646294
401.06184824192144,558.0500417138956,486.84999999999997,541.0101237773895,488.9881517580786,551.7747347448446,403.2,568.8146526813507
246.4,269.6080772399902,302.8293353294643,271.74390874539847,302.05,292.3341915130615,245.6206646705357,290.19836000765326
402.4746721682893,451.0263583189108,453.25,448.36350898742677,453.9753278317107,462.19409189166043,403.2,464.85694122314453
229.6,244.71934554576873,324.4691854642293,244.79636490741794,324.45,268.42820663154123,229.58081453577068,268.351187269892
401.63737122657454,481.8856556375424,481.25,467.6839872360229,482.81262877342544,476.4438724081119,403.2,490.6455408096313
212.79015580981135,383.4528279506175,447.65,383.25667542815205,447.6598441901886,395.0434469915421,212.79999999999998,395.2395995140076
218.4,590.3572777509689,318.91135305222656,591.0435661707392,318.84999999999997,600.0291152715682,218.33864694777344,599.342826851798
402.34221896057375,422.2212909636245,464.45,418.6391490936279,465.30778103942623,433.51150169994975,403.2,437.09364356994627
436.3117707397927,519.2391709708081,453.25,518.2514780521393,453.73822926020733,526.6242617226733,436.8,527.6119546413421
436.5499287533844,491.48657958200357,464.45,490.6577850818634,464.7000712466156,499.0760426790438,436.8,499.90483717918397
616.0,448.034895324707,638.7261845824901,448.696401240126,638.05,471.92687473297116,615.32381541751,471.26536881755214
100.8,578.8606704950332,173.43158218793394,579.4216560517857,173.25,602.9313550949097,100.61841781206604,602.3703695381572
212.79999999999998,441.3853714443743,268.4517459984598,441.3967838887622,268.45,449.9109864115715,212.7982540015402,449.89957396718364
218.4,620.6736032962799,324.6225379617789,622.037004572972,324.45,635.4794301509856,218.22746203822112,634.1160288742935
423.63105177131865,539.9570415938457,481.25,528.2734086990356,483.2189482286813,537.9834643875996,425.59999999999997,549.6670972824096
67.2,428.3036425370723,139.65693989499897,428.32514412633884,139.65,451.7114877395332,67.19306010500104,451.68998615026663
212.79615586323285,417.4790411147625,369.25,417.4126201868057,369.2538441367671,426.4674466264098,212.79999999999998,426.53386755436657
406.8673020671099,508.9961727076869,464.45,496.77169504165647,466.3826979328901,505.87555733381697,408.8,518.1000349998474
218.22413989924704,663.7450172066017,324.45,662.3454586029053,324.62586010075296,675.6931600928978,218.4,677.0927186965943
212.79505494765573,366.98544641249435,408.45,366.9144464612007,408.4549450523442,380.5415536221061,212.79999999999998,380.6125535733998
44.8,38.06224038749933,330.1744068822433,38.814692029916756,330.05,85.99717955589294,44.67559311775666,85.24472791347553
212.79999999999998,429.96847356557845,346.8672406745189,430.2120141708655,346.84999999999997,439.7028736412525,212.78275932548112,439.45933303596547
435.2060708102964,485.22060134968274,475.65,477.62964777946473,477.2439291897036,486.1219615165282,436.8,493.7129150867462
78.39999999999999,109.93722222607467,604.4500834663883,109.93817908506655,604.4499999999999,155.82529608930926,78.39991653361173,155.82433923031738
212.79999999999998,406.9731518834829,358.05443304145354,407.0498535766176,358.05,415.4449606031179,212.7955669585465,415.36825890998324
212.77918271029912,320.001997008187,492.45,319.8375705212355,492.47081728970085,355.24542075468855,212.79999999999998,355.4098472416401
363.9148667690563,39.54271028543569,654.85,39.001866543293,654.9351332309437,84.79743734692477,364.0,85.33828108906745
369.59999999999997,236.11884913444518,486.97311365271236,236.5969403109344,486.84999999999997,266.82178750038145,369.47688634728763,266.34369632389223
212.6411505316923,465.024777770411,307.65,464.1180578231811,307.8088494683077,480.76278398000096,212.79999999999998,481.66950392723083
