21.333333333333332,93.22886983553569,301.0727670532021,104.66318288287005,297.3333333333333,196.14809036254883,17.59389961346458,184.71377731521446
554.6666666666666,14.021336873372396,689.2774505876067,51.682164563330154,638.6666666666666,232.57986958821616,504.05588274572665,194.91904189825837
490.6666666666667,-2.9150079091389975,682.5978768493779,-0.19918846226436462,681.3333333333334,89.16808064778645,489.402123150622,86.45226120091183
320.0,-2.367090861002604,426.49090281317996,-0.950849017294967,425.3333333333333,86.0898068745931,318.8424305201534,84.67356503088546
266.3659424679444,148.18787674856694,510.6666666666667,31.82421875,585.6340575320556,189.215179078256,341.3333333333333,305.57883707682294
414.90541298882164,526.584323506726,454.0,524.5043655395508,455.09458701117836,545.078063578235,416.0,547.1580215454102
381.9438294729569,459.68135826844247,473.2,449.9235481262207,475.2561705270431,469.15309302550287,384.0,478.9109031677246
363.39270191941097,489.784061731326,447.6,480.3031467437744,449.00729808058907,492.80244339562717,364.8,502.2833583831787
582.4,479.44867782592775,680.7557270300766,493.88264756899497,678.0,512.6606788635254,579.6442729699233,498.22670912045817
550.4,430.7171295166016,726.7440753212074,453.88693360730423,722.8,483.9050689697266,546.4559246787926,460.73526487902393
370.0623791664605,448.4344209219809,479.6,436.80555725097656,480.7376208335395,447.52133164149564,371.2,459.1501953125
576.0,466.3630737304687,685.7120565875396,480.5358077282379,684.4,490.69252319335936,574.6879434124604,476.51978919559025
428.5855133836949,634.0553652630726,447.6,633.8387046813965,447.8144866163051,652.6624005450328,428.8,652.879061126709
556.8,505.5921043395996,647.7034281013839,517.7802872311194,646.0,530.4850074768067,555.096571898616,518.2968245852869
659.2,519.6900070190429,699.578200788443,526.9958183910119,697.2,540.1398025512696,656.8217992115569,532.8339911793007
386.98819149785373,413.466205237376,415.6,410.280078125,419.0118085021462,440.91853292180366,390.4,444.1046600341797
38.01723768214937,223.20786341590966,319.6,219.83986778259276,319.98276231785064,251.84088040428077,38.4,255.20887603759766
63.79459261818215,672.454137455615,172.4,671.9010330200196,172.60540738181786,712.2340170749102,64.0,712.7871215105057
344.73278894181504,418.2449863851595,364.4,417.68762969970703,365.26721105818496,448.28854175204754,345.6,448.8458984375
401.55232051166246,359.793495855458,447.6,356.8983947753906,449.2476794883375,383.1053612612412,403.2,386.0004623413086
620.8,388.45689849853517,668.007912446015,393.32219425171024,665.2,420.56733856201174,617.992087553985,415.7020428088366
439.3758530663862,408.0034242833673,460.4,406.4881896972656,462.6241469336138,437.348620394367,441.6,438.8638549804688
76.09773571707782,621.9193561844218,159.6,620.4709455490113,160.30226428292218,660.9571559615744,76.8,662.4055665969848
