124.64,350.8102478456497,255.77733470079235,353.6766444353867,255.63500000000002,360.18844163894653,124.49766529920767,357.3220450492096
131.20000000000002,267.2053527608514,278.6027080700891,267.3691587633469,278.595,274.3053539443016,131.19229192991097,274.1415479418061
127.91718194596064,276.4656081156598,281.875,276.40253150194883,281.8778180540394,283.2808565345241,127.92,283.34393314823507
124.64,342.82523864746094,252.5161224959903,346.02313079484196,252.35500000000002,352.466037273407,124.47887750400973,349.268145126026
124.64,334.7421378517151,249.17247549050535,336.7262718008046,249.07500000000002,342.8442378473282,124.54252450949463,340.8601038982387
124.64,326.53359045028685,242.59737255841588,328.01972145978385,242.51500000000001,334.5578062582016,124.55762744158416,333.07167524870465
121.36,285.3472693914175,288.4494963864565,285.69116515048523,288.435,292.7345608556271,121.34550361354353,292.39066509655936
121.36,293.9241013389826,285.16294788682853,294.0985736411081,285.15500000000003,301.5604302001,121.35205211317152,301.38595789797444
242.72,183.58337487220766,299.4536673161101,192.7245734486316,298.27500000000003,200.03981978416442,241.54133268388992,190.8986212077405
95.12,367.89185364723204,132.78815478120706,373.84023820293095,130.995,385.195393743515,93.32684521879295,379.24700918781616
337.23454470746543,210.28682382520415,370.435,209.70208740234375,371.0404552925346,244.078928976691,337.84000000000003,244.6636653995514
39.31233926831755,381.27833945903495,68.675,381.23711990356446,68.72266073168245,415.18813850727366,39.36,415.22935806274415
167.12884484507316,70.96423076306839,294.995,70.32618610858917,295.1461551549268,100.61815447891694,167.28,101.25619913339615
38.4891922611221,417.3917139952365,68.675,416.5422084236145,69.5458077388779,447.4849542529401,39.36,448.3344598245621
42.64,244.78848277807236,69.03544712020928,245.0650368058168,68.675,279.46758367419244,42.279552879790714,279.191029646448
42.64,75.32360832214356,69.34174904050693,75.89486747846641,68.675,107.05999692201614,41.97325095949307,106.48873776569329
39.04339384520074,180.1046493609691,68.675,179.78504305958748,68.99160615479926,209.1384971205449,39.36,209.4581034219265
39.36,348.2326895022392,72.64767526724695,348.96824855327833,71.955,380.31522107601165,38.667324732753045,379.57966202497255
42.53108269126118,317.22644324906497,65.395,317.1417785859108,65.50391730873882,346.5551872941074,42.64,346.63985195726156
39.36,279.8570731854439,69.09871021617852,280.248546330032,68.675,312.43618297576904,38.936289783821486,312.0447098311809
98.4,391.6464605385065,308.1317494662996,392.2868894457625,308.115,397.77211166143417,98.38325053370042,397.1316827541782
40.46506672501673,214.1615102420439,68.675,212.2302527332306,70.84993327498327,243.99956484454972,42.64,245.93082235336306
186.71228607535681,174.0234137872826,222.835,173.19703639030456,223.08271392464323,184.02513898333203,186.96,184.85151638031007
341.0413791682225,332.885493773263,367.15500000000003,332.8096176028252,367.23362083177756,359.8678439032621,341.12,359.9437200737
103.65757496695326,194.950166681426,163.79500000000002,183.9857123184204,165.09742503304676,191.12920393167215,104.96000000000001,202.09365829467774
337.84000000000003,296.4072574996948,368.7689917705369,298.0109011399277,367.15500000000003,329.13947418212894,336.2260082294631,327.535830541896
341.12,138.571243019104,369.37964862695765,140.14933873517896,367.15500000000003,179.98709247589113,338.8953513730424,178.40899675981618
336.56349132103384,177.8261964719998,367.15500000000003,176.65369663238525,368.43150867896617,209.95888356034882,337.84000000000003,211.1313833999634
38.96203752114298,144.44688634543255,68.675,144.0718283891678,69.07296247885701,175.59934035034343,39.36,175.9743983066082
337.55642753880727,75.34757671678432,367.15500000000003,75.08153269767762,367.43857246119273,106.63022177850834,337.84000000000003,106.89626579761506
101.67302276243034,397.9117202794328,308.115,397.65893852889536,308.1219772375697,403.3571137985811,101.68,403.6098955491185
16.036445432138205,477.0665436477888,390.115,472.7728973197937,390.4785545678618,504.44713335678694,16.400000000000002,508.740779684782
336.6289161196881,400.023372375441,367.15500000000003,398.8515031051636,368.3660838803119,430.39909041218715,337.84000000000003,431.5709596824646
170.56,183.48272706985475,233.23831085254744,186.50443694769893,232.675,198.1890043449402,169.9966891474526,195.16729446709599
121.34068299234579,310.5388448823003,294.995,310.0398916149139,295.0143170076542,316.76292960281097,121.36,317.2618828701973
337.84000000000003,364.12942165374756,368.8492728764073,365.8189792866756,367.15500000000003,396.91479331970214,336.1457271235927,395.22523568677417
337.84000000000003,243.77308834075927,369.0089182028364,245.57523798350016,367.15500000000003,277.63951469421386,335.9860817971636,275.837365051473
97.50562549567425,40.39669003160097,130.995,39.5317378616333,131.88937450432573,74.16029162733459,98.4,75.02524379730225
39.36,111.35586584568024,69.42923463580915,112.0842158965914,68.675,143.22207084178925,38.60576536419085,142.4937207908781
163.66806289665547,30.219257367921273,291.71500000000003,28.82775588989258,292.0469371033445,59.37283979051073,164.0,60.76434126853943
101.68,223.66664598107337,337.7430371803311,224.34909808354513,337.635,261.71961071729663,101.57196281966893,261.0371586148249
121.32958985281604,319.4341178296481,281.875,318.64308106422425,281.905410147184,324.8149933768835,121.36,325.6060301423073
