14.429208069367998,323.02329958056475,202.32692307692307,283.9454019986666,205.1284842383243,297.4161098221358,17.23076923076923,336.49400740403394
18.503545971979236,109.88498002166733,79.5576923076923,106.26200228471022,80.43876172032846,121.10971727403509,19.384615384615383,124.73269501099219
122.76923076923076,315.1524689564338,204.64804440913855,316.5107747152351,204.48076923076923,326.5941400161156,122.60195559086145,325.23583425731437
-2.1584884838418255,193.7306473206664,83.86538461538461,168.9240988951463,88.1777192530726,183.87836505384473,2.1538461538461537,208.68491347936484
168.0840674866149,81.59877235690989,215.25,68.7678962120643,219.47362482107738,84.29381985312615,172.3076923076923,97.12469599797176
1.0336732843316678,242.16147883984863,47.25,232.4891919356126,50.52401902336064,248.1331791699739,4.3076923076923075,257.80546607420996
18.099556339149245,122.72872606282057,223.8653846153846,106.29166661776028,225.15044366085073,122.378560977303,19.384615384615383,138.81562042236328
-2.937831108213271,92.88987245461185,70.9423076923077,67.30913683084341,76.03398495436711,82.01449278233072,2.1538461538461537,107.59522840609917
154.45835240090656,37.65080997738521,223.8653846153846,14.275581433222843,228.79164759909344,28.902916218903844,159.3846153846154,52.278144763066216
103.78169776071617,52.2174074403465,150.6346153846154,40.94050260690542,154.5452253162069,57.18817762857628,107.6923076923077,68.46508246201735
-2.5146885254883498,42.09238826756399,124.78846153846153,0.2914290794959435,129.45699621779605,14.509264803986238,2.1538461538461537,56.310223992054276
25.846153846153847,92.62519246798296,133.60684647903793,94.94236192721532,133.40384615384616,104.38295573454637,25.643153520962077,102.065786275314
12.046982939942767,290.8186798530625,142.01923076923077,246.0468633358295,147.20301706005722,261.09535609077574,17.23076923076923,305.86717260800873
143.17451680325527,344.7236779942419,185.09615384615384,338.88228379763086,186.22932935059086,347.01468688565967,144.3076923076923,352.8560810822707
76.08582895781065,162.79640827824565,133.40384615384616,157.40596221043512,134.85647873449705,172.85218283667885,77.53846153846153,178.24262890448935
51.52290468226022,227.40344136890388,189.40384615384616,181.21791370098407,193.8809414715859,194.58370486194048,56.0,240.76923252986026
165.51661701183747,236.1800848418917,213.09615384615384,221.39904183607834,217.73338298816253,236.32608146951907,170.15384615384616,251.1071244753324
1.9744155985323104,0.02284607995423482,14.942307692307692,-0.35416810787641084,15.121738247621535,5.817578618751621,2.1538461538461537,6.194592806582267
