383.71580857936505,433.9532085556954,766.6666666666666,432.92135159174603,766.9508580873016,538.3927029471428,384.0,539.4245599110922
384.0,321.48929889996845,766.959645812656,322.57590135676134,766.6666666666666,425.83279101053876,383.70702085401064,424.74618855374587
106.66666666666667,22.517845431963604,681.509054680909,23.712881454827585,681.3333333333334,108.23926989237468,106.49094531909101,107.0442338695107
147.01861565425185,323.9445026066351,268.4,323.14729347229,268.5813843457482,350.7644920680475,147.2,351.56170120239256
83.19983200983125,589.0057739634248,185.2,589.0047451378778,185.20016799016872,605.6596828803239,83.2,605.6607117058709
178.93494488754465,355.7341112423884,242.8,354.58098258972166,243.06505511245535,369.2608358096136,179.2,370.41396446228026
76.7924834661363,568.6283361774186,102.0,568.6078735351563,102.0075165338637,577.8673400897285,76.8,577.8878027319909
76.8,553.7605327129364,332.42734234097276,554.4193722665733,332.4,565.0281007766723,76.77265765902723,564.3692612230354
83.00472578675547,611.7976205985057,319.6,608.0514297485352,319.7952742132445,620.3842120011343,83.2,624.1304028511047
83.03198790487976,637.7943219431911,326.0,634.5261360168457,326.1680120951202,647.0167242756809,83.2,650.2849102020264
83.17523455411043,623.87298455706,300.4,623.4100481987,300.4247654458896,635.0307992530786,83.2,635.4937356114388
83.14595661737593,650.5164356655516,114.8,650.3705930709839,114.85404338262406,662.1003047042452,83.2,662.2461472988128
256.0,135.72759552001952,377.31251402225104,136.16861582131656,377.2,167.1181182861328,255.88748597774898,166.6770979848358
114.90434034103848,734.9577541430048,281.2,731.7408504486084,281.4956596589615,747.0247764508673,115.2,750.2416801452637
70.4,527.3726346015931,300.6646187291093,531.2158484832803,300.4,547.0703735351562,70.13538127089073,543.227159653469
396.8,135.69063892364503,524.5494011657232,136.29465265191305,524.4,167.89312229156494,396.6505988342767,167.2891085632969
