20.317687309311967,683.1977811413003,404.0,678.3013900121053,405.01564602402135,757.8876414143052,21.333333333333332,762.7840325435003
169.87783306514268,530.761346688242,254.66666666666666,529.6626567840576,255.45550026819066,590.5390521383571,170.66666666666666,591.6377420425415
313.5272525762567,233.28037055598253,473.2,232.5464147567749,473.2727474237433,248.37268253697403,313.6,249.10663833618165
45.00031591612051,42.74421491204911,121.2,29.391700744628906,127.39968408387949,64.77185182989425,51.2,78.12436599731446
217.28440149785646,619.0448511282984,249.2,618.142476272583,249.51559850214352,629.3047056038793,217.6,630.2070804595947
178.70154795704906,594.8235915340871,236.4,593.2660903930664,236.89845204295094,611.7315094790965,179.2,613.2890106201172
428.7710586347409,560.124944520355,479.6,560.0264171600342,479.6289413652591,574.9568786379091,428.8,575.05540599823
422.22345672097856,546.5043324266782,479.6,545.8247867584229,479.77654327902144,560.7309859479557,422.4,561.410531616211
307.2,220.30394706726074,364.41887614364566,220.39940502231434,364.4,231.71403799057006,307.1811238563543,231.61858003551646
210.98436300620165,767.3744749697286,249.2,766.9391561508179,249.41563699379836,785.8694314328593,211.2,786.30475025177
601.143237129847,608.564315733188,774.0,606.688776397705,774.456762870153,648.7857613236968,601.6,650.6613006591797
217.6,140.07925720214843,390.4201653104324,142.64141596096155,390.0,170.98198547363282,217.1798346895676,168.4198267148197
49.088370098632474,79.36857185440158,134.0,61.94003448486328,142.5116299013675,103.40859565658475,57.6,120.83713302612304
550.1826506322236,607.2179604841884,582.0,606.5329765319824,582.2173493677764,616.6288054154697,550.4,617.3137893676758
594.9463836819684,664.6858989014077,774.0,663.6326442718506,774.2536163180316,706.7474976287438,595.2,707.8007522583008
416.0,570.5117502212524,479.7499776651649,570.994262213621,479.6,590.8094646453858,415.8500223348351,590.3269526530172
243.13773121983763,188.05417079893806,556.4,187.38680505752563,556.4622687801624,216.61584415467524,243.2,217.28320989608764
370.6444687392521,595.0271561460847,486.0,590.4132095336914,486.5555312607479,604.3023177308684,371.2,608.9162643432617
