20.0,564.5302914455533,220.1531972038159,567.3768981665637,218.75,666.0397744178772,18.596802796184093,663.1931676968668
384.0,614.5791900157928,431.7220964812948,615.003680713313,431.625,625.9194620847702,383.9029035187052,625.4949713872502
612.0,7.262035310268402,731.7690222020026,7.841905035807501,731.625,37.58892846107483,611.8559777979975,37.00905873553573
299.7940170405724,506.17547545490334,515.625,504.6993291378021,515.8309829594277,534.8166041606896,300.0,536.2927504777908
371.9849941852816,602.7818538378866,443.625,602.6770729869604,443.64000581471845,612.9367401320546,372.0,613.0415209829807
360.0,576.9128027558327,455.7107171898452,577.6038148857671,455.625,589.4763325452805,359.9142828101548,588.7853204153462
329.8983025240639,477.8734683453979,485.625,477.10185384750366,485.72669747593613,497.6263672053872,330.0,498.3979817032814
383.96659519545307,590.2726519728275,431.625,590.1276169717312,431.658404804547,601.104413506928,384.0,601.2494485080242
389.97104787733423,640.6375860279422,431.625,640.4961335062981,431.6539521226658,649.02175268475,390.0,649.1632052063942
323.9442906631271,545.2625449369691,485.625,544.8456290066242,485.68070933687295,566.4498049248913,324.0,566.866720855236
-8.680136167244022,63.68408057251242,107.625,3.6279659271240234,128.30513616724403,43.677277593228546,12.0,103.73339223861694
491.69773521157896,657.99390870956,515.625,657.4389181137085,515.9272647884211,670.470435553517,492.0,671.0254261493683
294.0,657.8841576576233,366.24706060885205,661.3179832150707,365.625,674.4060244560242,293.377939391148,670.9721988985768
389.99803193239654,651.9737880424351,425.625,651.96537739411,425.62696806760346,660.3019858162165,390.0,660.3103964645416
563.3061405217503,46.314079476304066,587.625,45.67506980895996,588.3188594782498,72.08135442643642,564.0,72.72036409378052
15.25835252915234,113.38757087502225,155.625,20.288699626922607,176.36664747084768,51.56121109214084,36.0,144.66008234024048
328.70442118648253,431.0825181299782,497.625,425.0282578468323,498.9205788135175,461.17634412702563,330.0,467.2306044101715
329.6275065014657,302.3019943340417,479.625,300.4792867898941,479.9974934985343,331.13318478030004,330.0,332.95589232444763
545.7218163671415,3.917057170150796,587.625,3.3790197372436523,587.9031836328585,25.044389353515587,546.0,25.58242678642273
