491.497811134323,700.3758768916297,638.6666666666666,428.37786865234375,744.502188865677,485.64186399378696,597.3333333333334,757.6398722330729
428.0741931983237,573.4041660527813,473.2,571.4817169189453,473.9258068016763,588.5186397333515,428.8,590.4410888671875
146.95859393094221,652.8114004583149,204.4,652.0933172225953,204.64140606905778,671.4040368585796,147.2,672.1221200942994
25.6,730.710667642951,415.61251471189007,730.8570546154363,415.6,764.1994632482529,25.58748528810997,764.0530762757676
383.7490406065952,296.1435139290612,505.2,294.124210357666,505.4509593934048,309.21815637428347,384.0,311.2374599456787
364.5782909803537,273.2923455291619,498.8,271.3607009887695,499.02170901964627,286.76631154481277,364.8,288.6979560852051
95.90899500637393,234.02326403301603,223.6,233.2949831008911,223.69100499362608,249.25107721644991,96.0,249.97935814857482
594.7540091282893,187.2175632192429,646.0,186.8027816772461,646.4459908717106,241.90466502172393,595.2,242.3194465637207
703.7501622670845,386.852807713586,754.8,386.62019577026365,755.0498377329154,441.4504660596073,704.0,441.6830780029297
590.8044840314666,327.3973066188383,646.0,322.9158050537109,650.3955159685335,377.0522966526461,595.2,381.53379821777344
702.1501281659363,248.62748378778673,754.8,246.91024017333984,756.6498718340638,303.6264300916078,704.0,305.3436737060547
701.9213144012743,454.7892345816093,754.8,452.9134552001953,756.8786855987257,511.5121173471016,704.0,513.3878967285157
364.0227049142988,228.0638634649752,518.0,224.76505355834962,518.7772950857012,261.04656057677283,364.8,264.3453704833984
153.27814802021413,676.6411736255848,223.6,675.380313873291,223.92185197978588,693.3309441798963,153.6,694.5918039321899
702.9543148992968,522.9981112803405,754.8,522.0425857543945,755.8456851007032,578.7802227650697,704.0,579.7357482910156
24.953866000411608,673.7956921018856,153.2,671.7452754974365,153.8461339995884,712.1586175046666,25.6,714.2090341091156
704.348688011125,319.57094910176386,754.8,314.08045349121096,760.8513119888751,369.68502013651744,710.4,375.17551574707034
593.6817669574757,119.00610447954844,646.0,117.58930969238281,647.5182330425243,173.65337122845938,595.2,175.070166015625
76.43425955629436,159.39894278196138,236.4,157.81048069000244,236.76574044370562,194.64229504915434,76.8,196.2307571411133
396.4710133478087,592.2958199577574,492.4,590.3245277404785,492.7289866521913,606.3340041084047,396.8,608.3052963256836
593.4036928417447,256.31949371529083,646.0,254.52533721923828,647.7963071582552,307.184691770549,595.2,308.9788482666016
70.32439636290127,208.11855355181538,242.8,207.3189895629883,242.87560363709872,223.6276066692845,70.4,224.42717065811158
