12.640622718245695,2.8497553751420854,382.0545,1.8901612704992294,382.15787728175434,41.68719867510082,12.744000000000002,42.64679277974368
381.98026194625953,336.4096047971683,522.2385,334.6536671905518,522.5782380537405,361.7907708313031,382.32000000000005,363.5467084379196
257.7376375364414,357.28786097077733,280.1025,339.63460372924806,289.98886246355863,352.15960881682037,267.624,369.81286605834964
364.14088109611174,331.8262236078734,382.0545,331.0457550945282,383.2416189038883,358.2929729825503,365.32800000000003,359.0734414958954
373.824,397.4487762908936,397.1871077225871,402.1156735806764,390.5505,435.33941336059576,367.187392277413,430.6725160708129
293.112,41.98835141372681,305.5971375341272,42.00491966331362,305.5905,47.006686810255054,293.1053624658728,46.99011856066824
338.61781653607375,295.1723470687843,356.5665,287.6271442708969,362.0366834639263,300.63972910309076,344.088,308.1849319009781
395.064,261.50302401924137,536.3245862385406,268.47969933040906,534.9825000000001,295.6536583271027,393.72191376145946,288.6769830159349
387.577201599017,455.36733108528307,560.4705,423.598283946991,563.7092984009831,441.22445120231464,390.81600000000003,472.9934983406067
407.80800000000005,367.5948587779999,522.6478557204641,369.3831573663264,522.2385,395.6709105319977,407.3986442795359,393.88261194367124
