144.0,485.0589370727539,249.6508686391958,543.7303003897002,223.0,591.7211303710938,117.3491313608042,533.0497670541474
391.9577526444593,546.9306323911322,559.0,457.7970027923584,583.0422473555407,502.85374566062563,416.0,591.9873752593994
260.72531820594156,121.29929721937256,527.0,70.51513671875,538.2746817940584,129.63125240220947,272.0,180.41541290283203
292.8,356.8752313613891,350.3451642655745,358.2709550489076,350.09999999999997,368.37898578643797,292.55483573442547,366.98326209891957
312.0,78.79727926254272,345.34819973316735,78.95889228217571,345.3,88.9047142982483,311.95180026683266,88.7431012786153
340.45187930597535,474.25415024879374,388.5,472.1973452568054,388.8481206940246,480.3296403395851,340.8,482.38644533157344
339.5357843654054,444.85600944316667,369.3,439.87006158828734,370.5642156345946,447.41694893085673,340.8,452.40289678573606
283.2,283.72615013122555,360.3029674202102,286.3646531716109,359.7,303.98471145629884,282.5970325797898,301.3462084159135
340.6830386987047,484.08520129090346,383.7,483.4555950164795,383.8169613012953,491.44681107634506,340.8,492.076417350769
264.0,370.1989070892334,374.37144755399305,373.6740908050137,374.09999999999997,382.29523487091063,263.728552446007,378.82005115513033
33.39028647126945,42.35667907286789,561.3,38.595760059356685,561.5097135287306,68.032663241137,33.6,71.7935822546482
436.79999999999995,451.6511225223541,522.9371126189365,451.96010894321125,522.9,462.3061100006103,436.76288738106354,461.9971235797532
76.69367222282789,272.10024607424424,210.89999999999998,271.66244916915895,211.00632777717212,304.2571531271489,76.8,304.6949500322342
283.2,307.2604640007019,359.8935778607029,308.02347375887354,359.7,327.48086414337155,283.00642213929706,326.7178543851999
278.4,332.7112398147583,365.0646486137187,335.4896979488322,364.5,353.1020107269287,277.8353513862813,350.3235525928548
340.3827258832547,501.44789807346666,378.9,499.5818962097168,379.3172741167453,508.1951038643995,340.8,510.0611057281494
43.06239758663804,156.5193986582042,239.7,155.6792604446411,239.83760241336194,187.88563817269787,43.199999999999996,188.72577638626097
312.0,65.23042831420898,345.5024641893007,65.90288777796955,345.3,75.98981437683105,311.79753581069923,75.31735491307049
431.2829945424513,429.5793825185315,522.9,426.72890624999997,523.6170054575487,449.7741403543933,432.0,452.6246166229248
325.7306926210284,428.58234485714405,378.9,424.7346144676208,379.56930737897153,433.9833419409516,326.4,437.83107233047485
288.0,392.9530792236328,313.19994068174043,398.1672148992729,306.9,428.61485595703124,281.70005931825955,423.40072028139116
43.17507588690989,99.24776869843778,239.7,99.09408137798309,239.72492411309008,130.96534713451686,43.199999999999996,131.11903445497154
76.6747055543099,214.43649712661824,206.1,213.92810475826263,206.22529444569008,245.82526044984735,76.8,246.33365281820295
315.9162341854628,250.551634906642,374.09999999999997,244.3761763572693,374.98376581453715,252.70281684506696,316.8,258.8782753944397
272.74109988917803,207.86639453917388,374.09999999999997,205.15217628479002,374.95890011082196,237.22666786164396,273.59999999999997,239.94088611602783
