21.333333333333332,724.6133754464487,788.0412191829672,725.1093084005803,788.0,788.8337944746017,21.29211415036617,788.3378615204701
582.4,86.01597747802734,745.0917158235459,151.34545401728275,735.6,174.98292388916016,572.9082841764541,109.65344734990474
320.0,125.97658042907715,481.46884750089896,158.59222226641674,479.6,167.84424476623536,318.131152499101,135.22860292889575
345.6,143.6040054321289,455.4687868526297,164.80260390620992,454.0,172.41508026123046,344.1312131473703,151.21648178714946
358.4,120.47267799377441,448.8961960506055,134.82616641815153,447.6,142.99845237731932,357.10380394939455,128.64496395294222
339.2,78.49580307006836,496.08267382674705,101.85471514849823,492.4,126.5882179260254,335.5173261732529,103.22930584759551
646.4,548.1343994140625,678.6626648114527,559.9162082965465,671.6,579.2562255859375,639.3373351885473,567.4744167034535
569.6,137.15796508789063,639.1506074721165,156.16429578859098,633.2,177.93958587646483,563.6493925278835,158.9332551757645
684.8,-0.7710677146911621,787.0748999649057,0.566357349402076,786.8,21.588369846343994,684.5251000350943,20.250944782250755
588.8,61.728797912597656,705.3851039633147,101.43871365960489,697.2,125.46951751708984,580.6148960366853,85.75960177008261
563.2,-13.48510513305664,773.2311416219218,46.13823558705709,767.6,65.97468032836915,557.5688583780782,6.351339608255412
364.8,112.83703842163087,396.75845181956555,114.10393986953531,396.4,123.1461311340332,364.44154818043444,121.87922968612875
211.2,326.82759552001954,254.2617775756574,352.92161492226705,242.8,371.83646697998046,199.7382224243426,345.74244757773295
