69.00992072461909,36.37468758542225,161.135,-2.8598875522613523,185.03174594204756,53.25107087176158,92.90666666666667,92.48564600944519
162.58666666666664,664.8461444091796,237.0158700776641,745.8909440365657,207.5883333333333,772.9163439178466,133.1591299223359,691.8715442904606
5.06358634170436,211.4164660858683,230.81499999999997,18.421833518346148,272.20474699162895,66.83661982620035,46.45333333333333,259.83125239372254
625.4499795174089,774.673928982278,811.4816666666666,646.9482380485534,859.605020482591,717.039608361065,673.5733333333333,844.7652992947895
104.46696974192061,267.25788127659393,187.7005,266.9211145597101,187.75353025807942,280.0278004914062,104.52000000000001,280.3645672082901
153.29600000000002,733.8841513824464,229.13279196017817,777.4014555645668,208.60450000000003,813.1757259597779,132.76770803982188,769.6584217776574
278.4390520450971,75.15219190393172,368.86850000000004,73.09508966398239,369.14944795490294,85.4454570752553,278.72,87.50255931520462
264.74271381733837,194.78143795974447,299.18850000000003,194.60069692087174,299.22978618266166,202.46905393116285,264.78400000000005,202.64979497003557
80.78363068584885,781.678879088132,138.92450000000002,755.8166177654267,155.69286931415118,793.51353671387,97.552,819.3757980365754
383.1476207809911,73.15107073441497,494.2925,72.31856450986862,494.384879219009,84.65177816804895,383.24,85.4842843925953
62.711139790176915,666.3246400551913,187.7005,666.3222120529418,187.7013602098231,710.6043273011243,62.712,710.6067553033737
99.20934320960838,228.3617713144929,173.76450000000003,218.8502761039734,179.07515679039165,260.477469400534,104.52000000000001,269.9889646110535
236.71814424469184,132.2784747560698,354.9325,130.18993683910372,355.1263557553082,141.1624612242502,236.91200000000003,143.25099914121628
264.704971609512,222.07451652527973,292.2205,221.7980533139706,292.2995283904881,229.66350460432847,264.78400000000005,229.9399678156376
51.98132029540803,745.7239227450063,104.0845,726.4607490005494,121.78317970459199,774.332273257954,69.68,793.595447002411
