234.66666666666666,340.85551420847577,383.0228725618014,341.59203685697145,382.6666666666667,413.34184010823566,234.31046077153198,412.60531745974
277.3333333333333,267.5558344523112,388.73582095259417,277.27389912159316,382.6666666666667,346.8473078409831,271.2641790474059,337.1292431717011
533.2834306386089,52.382712299491224,766.6666666666666,52.23824711640676,766.7165693613911,132.85595812910273,533.3333333333334,133.0004233121872
384.0,146.5704304377238,767.0327338521192,148.01633961184385,766.6666666666666,244.99042161305746,383.6339328145475,243.54451243893743
288.0,512.9776947021485,371.3776424596944,515.2658147708801,370.8,536.3147392272949,287.4223575403056,534.0266191585632
179.2,458.68284759521487,218.34655993589823,461.26043348450384,217.2,478.6735786437988,178.05344006410178,476.09599275450984
614.4,755.3526676177978,786.8667102556118,755.8036232978003,786.8,781.3167697906495,614.3332897443881,780.865814110647
294.4,463.0919906616211,371.45026798384555,465.86052716236554,370.8,483.9579307556152,293.74973201615444,481.18939425487076
179.2,482.02193756103514,226.03395074072878,487.5088232760988,223.6,508.28409271240236,176.76604925927123,502.7972069973387
166.4,726.9911865234375,217.27640434638747,727.2778398484024,217.2,740.838395690918,166.32359565361253,740.551742365953
185.6,435.6810707092285,223.9004288624506,436.37888253113925,223.6,452.8683628082275,185.2995711375494,452.1705509863168
275.0946324695324,756.7779222722654,370.8,756.0081754684448,370.9053675304676,769.1088966135378,275.2,769.8786434173584
288.0,424.3892021179199,371.1825361871491,425.6370534134825,370.8,451.13715133666994,287.61746381285093,449.88930004110733
236.8,641.7394119262696,276.0480945967397,669.2247957732102,255.6,698.4239059448242,216.3519054032603,670.9385220978836
287.41940297861913,744.6277470445816,377.2,740.6582176208497,377.78059702138086,753.7898364209946,288.0,757.7593658447265
172.8,714.1809500694275,217.22804854535352,714.2952276715342,217.2,725.1997453689576,172.7719514546465,725.0854677668508
179.2,198.0567723274231,230.03569020534314,198.3027180278112,230.0,205.6796968460083,179.16430979465684,205.4337511456202
281.6,487.9669639587402,371.2457449028233,490.1780604118696,370.8,508.2501502990723,281.15425509717676,506.03905384594293
179.2,395.43069915771486,218.16113484889826,396.898548736552,217.2,422.40995330810546,178.23886515110178,420.9421037292683
