426.3036491383378,60.44769226701632,766.6666666666666,58.69987932840983,767.0296841949954,129.39265120832547,426.6666666666667,131.14046414693198
61.939253774140546,64.50264005067812,340.0,55.10852813720703,342.0607462258595,116.10552696185442,64.0,125.49963887532552
26.301447433964317,254.7161370079251,532.0,173.28960164388022,548.3652192327023,274.9256056983737,42.666666666666664,356.35214106241864
671.981695581674,485.2217672829282,703.6,485.15480222702024,703.618304418326,493.79743924096704,672.0,493.864404296875
409.38419257080807,554.191851796893,537.2,553.0244655609131,537.415807429192,576.6529785253726,409.6,577.8203647613525
608.0,478.424369430542,639.752322302427,479.06025452500046,639.6,486.6663249969482,607.8476776975729,486.0304399024898
447.79082183763404,420.38223552643666,498.8,419.5073043823242,499.00917816236597,431.7025568014442,448.0,432.57748794555664
678.4,510.378515625,722.847808034933,510.6040236842593,722.8,520.0270233154297,678.352191965067,519.8015152561704
409.120535296168,522.9806670905494,537.2,521.0052001953125,537.679464703832,552.0913109062767,409.6,554.0667778015137
674.1697735145513,527.512532279782,722.8,520.9746795654297,727.0302264854488,552.4401898881868,678.4,558.9780426025391
567.5279703579993,422.22039778136724,607.6,415.37630195617675,609.6720296420007,427.50798966980466,569.6,434.3520854949951
614.211281732907,485.708086488952,639.6,485.09603118896484,639.788718267093,492.92426977325505,614.4,493.5363250732422
518.4,483.39965324401857,543.7023577575668,483.6812818894482,543.6,492.8774082183838,518.2976422424332,492.59577957295414
678.4,556.4004745483398,723.032040981516,556.8304236195671,722.8,580.9180732727051,678.167959018484,580.4881242014778
582.4,508.62184677124026,633.2726842945966,508.98227422242974,633.2,519.2413295745849,582.3273157054034,518.8809021233955
582.019454884337,553.9170939452898,633.2,553.1046936035157,633.580545115663,577.0787190429915,582.4,577.8911193847656
574.1853730562059,525.1252163892284,633.2,521.5442535400391,635.014626943794,551.4494875902639,576.0,555.0304504394531
