115.14985294594669,487.3553702570988,594.0,486.9211505770683,594.0501470540532,542.2224768690274,115.19999999999999,542.656696549058
195.83228533729633,555.1292709490082,523.8000000000001,555.0503288698196,523.8077146627037,587.1011732653359,195.84,587.1801153445244
57.6,246.5493794631958,86.11628622133411,246.7870550164367,86.04,255.9398672962189,57.52371377866589,255.702191742978
639.36,172.07965942382813,656.2970656007589,172.11435487452547,656.28,180.445164642334,639.3429343992412,180.41046919163662
552.96,176.3751956176758,575.661936521428,176.43811125519875,575.64,184.35349662780763,552.9380634785721,184.29058099028467
57.6,165.65077880859374,74.65772208722574,165.92623657999326,74.52,174.4546766281128,57.46227791277427,174.1792188567133
616.32,292.20525003433227,644.7856722220178,292.2723139005898,644.76,303.1690470886231,616.2943277779823,303.1019832223656
512.64,176.60031372070313,529.6168434444581,176.72400822059217,529.5600000000001,184.52566680908203,512.5831565555419,184.40197230919298
57.507140960247504,299.024919775922,74.52,298.8383354187012,74.61285903975251,307.3052711115292,57.6,307.49185546875003
322.533821293608,658.7998083076781,397.08000000000004,658.671585059166,397.106178706392,673.8913096227343,322.56,674.0195328712464
138.14149552619662,177.49478715767805,155.16,177.3237380218506,155.25850447380338,187.12442377219259,138.24,187.29547290802003
639.36,332.2070947265625,656.5004850197064,332.5297080729951,656.28,344.2441030883789,639.1395149802936,343.9214897419463
318.70434980287376,619.3813929110908,397.08000000000004,612.3131130981445,400.93565019712634,655.06596090971,322.56,662.1342407226563
91.88694567804545,375.60267620892387,109.08,375.1980743408203,109.35305432195456,386.8011789241328,92.16,387.20578079223634
57.6,335.60364990234376,86.47656361862488,336.76878498241655,86.04,347.58852367401124,57.16343638137513,346.42338859393845
593.28,172.08354206085207,616.0127597326915,172.22544844081287,615.96,180.6773188018799,593.2272402673085,180.53541242191906
166.984255732659,244.2346938177345,183.96,244.16585678100586,184.015744267341,257.91282311952136,167.04,257.98166015625003
201.6,372.66740489959716,218.55148539012504,372.7373075321454,218.52,380.3725583267212,201.56851460987497,380.302655694173
