42.666666666666664,449.83383299907047,297.5541718700785,450.6241529857482,297.3333333333333,521.8471824328104,42.4458281299215,521.0568624461328
18.017063752611843,646.5676017384385,489.3333333333333,622.1205698649088,492.6496029140548,686.0551945586349,21.333333333333332,710.5022264321645
21.32009757984783,329.90001856821755,297.3333333333333,329.8482525696357,297.3465690868188,400.4205055397577,21.333333333333332,400.47227153833956
21.207253764026095,209.5624459124045,297.3333333333333,209.07674304644266,297.45941290264057,280.75401659444606,21.333333333333332,281.2397194604079
447.8892965622711,736.2960819796727,702.6666666666666,735.7730744679769,702.7773701043956,789.7010393544032,448.0,790.224046866099
595.1535437351986,290.3218042102859,742.0,289.95773487091066,742.0464562648015,308.69575293387913,595.2,309.0598222732544
723.2,314.9546669006348,742.7478884287076,315.91843830853685,742.0,331.08763656616213,722.4521115712924,330.12386515826
640.0,487.2650983810425,748.4246370558359,487.43705756368746,748.4,502.97134771347044,639.9753629441641,502.79938853082547
671.9699847867879,511.7895088857812,748.4,511.66524839401245,748.4300152132121,530.1269748025733,672.0,530.251235294342
415.96542175942966,593.3795348283552,486.0,593.1085124969483,486.03457824057034,602.0438370588519,416.0,602.3148593902588
517.66408414811,622.3122676142405,594.8,619.6656799316406,595.5359158518901,641.1142582646659,518.4,643.7608459472656
486.4,592.5311996459961,748.5123652653372,593.7804000231663,748.4,617.3573425292968,486.2876347346629,616.1081421521267
396.55312209962096,590.589506509322,415.6,590.4171615600586,415.84687790037907,617.7011245941937,396.8,617.8734695434571
543.9196818834149,264.59670713212233,742.0,263.738298034668,742.0803181165851,282.27192976210375,544.0,283.1303388595581
32.0,63.14069013595581,332.8460701108708,66.00510084473129,332.4,112.85537948608399,31.553929889129183,109.9909687773085
371.2,581.5030245780945,556.411935750415,581.7600975718424,556.4,590.3593806266784,371.188064249585,590.1023076329305
377.5200608612018,592.5479416769558,396.4,592.40944480896,396.4799391387982,603.3067748147434,377.6,603.4452716827393
396.39514177764147,149.98966232646939,505.2,148.38334884643555,505.6048582223586,175.80672668109898,396.8,177.4130401611328
569.5004483529116,309.28399734952285,678.0,308.86989841461184,678.0995516470884,334.95378360293074,569.6,335.3678825378418
357.1275628968455,592.1240289446351,377.2,591.1423980712891,378.47243710315445,617.161255479193,358.4,618.1428863525391
477.66900635197123,184.1371228099973,748.4,167.55735626220704,750.7309936480287,205.6201495288699,480.0,222.19991607666014
396.8,190.52335205078126,415.7915355106882,190.65241630749622,415.6,218.83646621704102,396.6084644893118,218.70740196032602
658.5118610515277,387.40072544357974,678.0,386.8981399536133,678.6881389484722,413.5812569782953,659.2,414.0838424682617
441.41224220753867,217.13898295600112,742.0,215.7154354095459,742.1877577924613,255.36124420922107,441.6,256.7847917556763
575.5749032353801,433.6469098080265,748.4,430.0495979309082,748.8250967646198,450.47245588411215,576.0,454.0697677612305
582.3655891679007,568.4646998270446,652.4,568.2300653457642,652.4344108320993,578.5011147634095,582.4,578.7357492446899
371.16600988336273,561.8111498910897,652.4,560.7458414077759,652.4339901166372,569.7189945142752,371.2,570.7843029975891
185.47209907015448,739.8314936935594,390.0,739.3059963226318,390.1279009298455,789.0860906780074,185.6,789.6115880489349
371.1522157419293,550.0664908414369,735.6,548.1469787597656,735.6477842580707,557.2195275301451,371.2,559.1390396118164
568.5439642072131,467.9191625409414,748.4,457.1115982055664,749.4560357927869,474.68580877253515,569.6,485.49337310791014
678.3341940748423,555.751456245575,735.6,555.3728649139405,735.6658059251577,565.3266832502746,678.4,565.7052745819092
357.9064052720644,514.7403337311109,639.6,509.6716484069824,640.0935947279356,537.1033125091234,358.4,542.1719978332519
347.42305140326584,475.5780574866203,377.2,470.47618408203124,381.77694859673414,497.1894229821297,352.0,502.2912963867187
