212.62378688872607,37.32356999729432,788.0,29.948420842488606,788.7095464446073,85.30406691219055,213.33333333333334,92.67921606699626
468.19560120745876,480.5543783666017,766.6666666666666,476.04306920369464,767.8043987925413,551.31614572194,469.3333333333333,555.827454884847
-11.766627460318878,147.64385395431609,169.33333333333334,-11.18237559000651,202.43329412698554,26.559511371611645,21.333333333333332,185.38574091593424
127.58384163758144,262.7452460235561,382.6666666666667,261.3702286084493,383.0828250290852,338.57277861175885,128.0,339.94779602686566
40.60865462541048,214.54056561677348,105.33333333333333,212.5319004058838,107.3913453745895,278.84666875314025,42.666666666666664,280.85533396402997
684.8,628.5671081542969,774.1399077737451,629.1068258892759,774.0,652.2658714294433,684.6600922262548,651.7261536944643
153.46559042193923,407.54685447643516,306.8,406.46577949523925,306.9344095780608,425.52977935840374,153.6,426.6108543395996
569.5188612513076,628.4067893400219,658.8,628.1021142959595,658.8811387486924,651.8787905321094,569.6,652.1834655761719
70.4,538.5842940330506,396.77515512773437,543.088310502009,396.4,570.2732273101807,70.02484487226563,565.7692108412223
255.87626847750025,714.4197362168924,300.4,713.9143394470215,300.52373152249976,724.8146645323142,256.0,725.3200613021851
595.2,576.5089691162109,648.8261797793211,579.9940929868723,646.0,623.480990600586,592.3738202206789,619.9958667299246
454.28988361210776,629.5829179957065,543.6,629.1517648696899,543.7101163878922,651.9615436360684,454.4,652.3926967620849
255.96960336117726,681.7882440745855,300.4,681.6690331459046,300.43039663882274,692.9979837238764,256.0,693.1171946525574
153.6,615.9256534576416,313.32768011408746,617.1969554843065,313.2,633.2388149261475,153.47231988591258,631.9675128994826
147.14072396761435,426.48118285724786,306.8,425.8537863731384,306.85927603238565,440.9382961790833,147.2,441.56569266319275
324.73747519028694,716.2216552797333,358.0,695.1711669921875,366.06252480971307,707.9110107358918,332.8,728.9614990234375
322.57225085676396,735.9302075352182,390.0,718.0149879455566,393.827749143236,732.4215380702506,326.4,750.3367576599121
132.95865414106228,355.48052080383377,313.2,347.5721893310547,314.6413458589377,380.42236997375414,134.4,388.3307014465332
707.9896738429488,581.4847212587222,748.4,578.7898254394531,750.8103261570511,614.9329911436216,710.4,617.6278869628907
255.9671000318509,741.0935805335138,300.4,740.9172540664673,300.4328999681491,749.2077904686835,256.0,749.3841169357299
334.33689443948936,722.128076818993,358.0,710.9429321289062,362.8631055605107,721.2312371458507,339.2,732.4163818359375
486.4,579.0755004882812,515.1105993463092,582.4049767308342,511.6,612.6774291992188,482.8894006536908,609.3479529566658
70.4,573.4957651138305,390.5388846171194,581.9739085732115,390.0,602.3224578857422,69.86111538288063,593.8443144263613
454.31814451553225,695.1835249804049,767.6,694.3418823242188,767.6818554844677,724.810677919528,454.4,725.6523205757142
