262.39142241201284,267.30476923010616,300.6,267.25867626667025,300.60857758798716,274.36903350331517,262.4,274.4151264667511
220.8,24.855505418777465,307.0240179095879,25.017185281756102,307.0,37.82595829963684,220.77598209041213,37.6642784366582
267.04841249266184,257.53602165905204,307.0,251.08325691223143,308.7515875073382,261.92801947864325,268.8,268.38078422546386
227.2,280.3936728477478,339.01639944212087,280.52024461294656,339.0,295.00788779258727,227.18360055787912,294.88131602738855
246.4,263.530611038208,255.8708633757892,263.62349735160507,255.8,270.84886054992677,246.32913662421078,270.7559742365297
15.57127469284669,30.043644056937136,31.8,29.373005962371828,32.22872530715331,39.74770029959973,16.0,40.41833839416504
220.8,43.66192450523376,396.6138236616938,43.74559000529497,396.6,72.79449089765549,220.78617633830623,72.71082539759428
48.0,18.691189634799958,95.86091711099822,18.8723686747417,95.8,34.96445527076721,47.93908288900178,34.78327623082547
223.96649482477332,297.3750995953452,316.6,297.16223230361936,316.6335051752267,311.74268662139065,224.0,311.95555391311643
38.4,35.354448705911636,95.80582843230943,35.3908967426685,95.8,44.57070490121841,38.39417156769058,44.53425686446155
284.8,84.72010004520416,396.60395954270905,84.7583011447067,396.6,96.34677788019181,284.7960404572909,96.30857678068926
227.2,84.41198844909668,275.09724112226894,84.81944676043659,275.0,96.25026397705078,227.10275887773105,95.84280566571087
179.2,290.01491394042966,205.55379640328593,290.9383416481995,204.6,318.1588333129883,178.24620359671408,317.2354056052185
