329.12,491.9232685780525,537.8055921260874,492.59967985920673,537.625,548.3157446497678,328.9394078739126,547.6393333686136
-43.85701462088842,387.4260909088112,88.82499999999999,276.4517407608032,177.56201462088842,382.546580294802,44.879999999999995,493.52093044281
14.635096682405168,48.872221530884325,148.665,48.24224569201469,148.9899033175948,117.36673834388719,14.959999999999999,117.99671418275683
29.919999999999998,492.58293212249873,238.65902936209892,493.47008002920103,238.42499999999998,548.5353758132458,29.685970637901086,547.6482279065434
108.92734631842993,66.24742239353351,170.2635,23.774887413024903,195.97615368157008,60.90747859218427,134.64000000000001,103.38001357269287
475.728,385.38948961544037,516.3921976928143,385.85718938648785,515.8395,433.91153885650635,475.1753023071857,433.4438390854589
475.728,427.2726650619507,513.3549180348277,431.9234312404721,506.8635,484.44210127258305,469.23658196517226,479.7913350940616
473.61532632915976,337.6528852539546,515.8395,335.94323083877566,517.9521736708402,388.12096874613695,475.728,389.83062316131594
471.24,290.9194877500534,516.1212767004789,291.18815639360116,515.8395,338.2591427764893,470.9582232995211,337.99047413294153
444.312,9.542546997070312,548.7810841224988,13.8705364105565,547.2555,50.69511262893677,442.78641587750127,46.367123215450576
412.896,90.94780103874207,525.5874446146902,93.44405945401738,524.8155,128.2928368320465,412.1240553853099,125.79657841677121
44.678969131286635,0.2319946679761241,143.3355,-0.9308745725154877,143.53653086871338,16.12436037066676,44.88,17.28722961115837
134.44751174791048,453.8581940777616,430.5675,452.3461851153374,430.7599882520895,490.04412233921727,134.64000000000001,491.55613130164147
