127.54789754473833,387.67931524940553,514.0711111111111,382.22249732547334,515.3765468997061,474.6905333028744,128.85333333333332,480.1473512268066
133.80923076923077,720.0048092635778,512.5043746170945,720.4459954855421,512.4707692307692,749.2914035580708,133.77562538290542,748.8502173361065
312.22153846153844,40.08346543091994,363.90533140150103,40.508536353614346,363.7938461538461,54.06387535241934,312.11005321388353,53.63880442972493
81.77230769230769,145.63125034038836,106.45113832254555,147.68166893141688,103.60923076923076,181.88685780451846,78.93040013899291,179.83643921348997
81.71185594304261,271.68425494787493,103.60923076923076,271.6440343592717,103.66968251849585,304.5559001107658,81.77230769230769,304.59612069936895
549.2547711747511,721.019234078366,586.8092307692308,720.1412003150352,587.659074979095,756.4899620299385,550.1046153846154,757.3679957932692
546.8730258634962,660.0303323529615,579.3753846153846,657.147445725661,582.6069741365037,693.5811649567966,550.1046153846154,696.464051584097
156.11076923076922,673.093572004575,505.0654297272777,673.4431135266801,505.0369230769231,701.9019027328491,156.08226258041458,701.5523612107439
548.6765836506115,535.3344863642659,586.8092307692308,533.773302377554,588.2372625032345,568.6536436124468,550.1046153846154,570.2148275991586
72.6647762451564,334.71742932808985,103.60923076923076,333.1707023855356,105.28291606253589,366.6551378223195,74.33846153846153,368.2018647648738
