21.241209188985906,68.82953700905988,766.6666666666666,67.69763692220052,766.758790811014,128.36702218169023,21.333333333333332,129.4989222685496
529.1075114755251,632.7392683583778,582.0,624.68818359375,584.0924885244748,638.4350175302941,531.2,646.4861022949219
96.0,454.29025545120237,179.11748549950795,455.30168518597765,178.8,481.3920753479004,95.68251450049205,480.3806456131251
281.5457423415192,18.50288649985256,767.6,17.779148483276366,767.6542576584809,54.21797760537205,281.6,54.94171562194824
249.42021145659547,748.5194429538078,326.0,746.9474796295166,326.1797885434045,755.706060967701,249.6,757.2780242919922
204.7489675966191,549.8904392328075,447.6,548.4404088974,447.65103240338084,556.9873141203115,204.8,558.437344455719
531.1873781781073,671.4362189880022,601.2,671.315281677246,601.2126218218926,678.6222644218794,531.2,678.7432017326355
204.7466878488541,537.2912427581462,454.0,535.8378345489502,454.0533121511459,544.9806412063924,204.8,546.4340494155883
479.94981376964796,722.9454066788677,601.2,722.1188087463379,601.250186230352,729.4804165328022,480.0,730.307014465332
364.8,454.74283657073977,524.5187304493988,455.4867229902144,524.4,480.9791585922241,364.6812695506012,480.2352721727495
529.5033642015677,615.5566597019981,569.2,611.1401832580566,570.8966357984323,626.3900627101112,531.2,630.8065391540528
351.95252027398857,685.3130724014746,473.2,684.992318725586,473.2474797260114,702.9400385795129,352.0,703.2607922554016
268.03334761926584,708.2397966956958,326.0,703.9275825500488,326.7666523807342,714.2332562828199,268.8,718.5454704284668
358.4,587.7115234375,402.817430248541,587.8150143476204,402.8,595.2959307670593,358.3825697514591,595.1924398569389
223.82111744771183,497.72498667853836,326.0,497.03161811828613,326.1788825522882,523.3928065953875,224.0,524.0861751556397
460.75531532183675,504.44342267165666,550.0,503.9120693206787,550.0446846781632,511.41718809952255,460.8,511.9485414505005
204.79427054328414,562.1193966450797,351.6,562.0153846502304,351.60572945671584,570.102116125573,204.8,570.2061281204224
460.7233502907602,524.0822484782609,537.2,523.2945980072021,537.2766497092398,530.7368749806014,460.8,531.5245254516601
96.0,522.840301990509,191.75547235888712,524.4236731568992,191.6,533.8259721755982,95.84452764111288,532.2426010092079
460.8,372.3198528289795,563.0994890456461,373.51429852167763,562.8,399.1643356323242,460.5005109543539,397.9698899396261
364.79215072119416,432.0581368051189,441.2,432.00003588199615,441.2078492788058,442.3225312866551,364.8,442.38063220977784
96.0,535.7783212661743,191.70721162413554,536.9852778572863,191.6,545.486764717102,95.89278837586447,544.27980812599
256.0,428.39739122390745,338.84561028788295,428.84152583502936,338.8,437.34933414459226,255.95438971211706,436.9051995334704
467.2,435.9903144836426,525.0032422758147,437.6977560672273,524.4,458.11974868774416,466.5967577241853,456.41230710415937
102.4,548.459867477417,191.68645432538943,549.4457217724355,191.6,557.2756822586059,102.31354567461055,556.2898279635874
492.8,678.1153948783874,607.6199572845028,678.3936377636776,607.6,686.629228591919,492.78004271549725,686.3509857066289
211.1996211125366,445.5839306778763,345.2,445.57893979102374,345.20037888746344,455.75169368316193,211.2,455.7566845700145
115.2,432.00422995090486,191.624930745695,432.186645075423,191.6,442.6316699504852,115.175069254305,442.4492548259671
198.346850021654,467.41257479655116,351.6,467.10939226150515,351.653149978346,493.9757208300892,198.4,494.2789033651352
89.6,483.2723146438599,191.90427025651036,484.47030439592635,191.6,510.4539545059204,89.29572974348964,509.2559647538539
352.0,608.3335724532604,473.20300352186206,608.3522060839547,473.2,627.8887031197548,351.99699647813793,627.8700694890606
351.84114893473765,633.108169703562,473.2,631.6100818634034,473.3588510652623,644.4784746598414,352.0,645.9765625
530.9373961661364,512.1816467503057,562.8,511.1323631286621,563.0626038338636,519.106605507995,531.2,520.1558891296387
351.85825913889,666.6926680947256,473.2,665.72378616333,473.34174086111005,683.4752606009531,352.0,684.4441425323487
204.75802197897985,428.52029069417966,223.6,428.42785758972167,223.64197802102012,436.98484541421874,204.8,437.07727851867674
356.82126792449685,489.14608566262166,524.4,476.1816093444824,525.9787320755031,496.58828933737834,358.4,509.5527656555176
89.52245326598674,396.48545989071965,454.0,395.41825160980227,454.07754673401325,421.9023446174896,89.6,422.96955289840696
358.33875451861354,524.1742390547215,441.2,523.6280832290649,441.2612454813865,532.9200776185573,358.4,533.4662334442139
492.8,696.203896522522,530.8248237844645,696.3343117473805,530.8,703.5721172332763,492.7751762155355,703.4417020084178
358.35926495647203,651.7530876199505,409.2,651.5635924339294,409.24073504352793,662.4926276167133,358.4,662.6821228027344
563.0508594675274,708.7429168458109,601.2,708.266843032837,601.3491405324726,720.2178955321189,563.2,720.6939693450928
358.36263019322115,415.6246691019375,537.2,414.88381690979,537.2373698067788,423.9046688764255,358.4,424.645521068573
12.60121657457295,22.441865672033213,204.4,21.169074726104736,204.59878342542703,51.12404830916605,12.8,52.39683925509453
