204.55795543723545,155.2089609339619,425.6,154.2873327891032,425.8420445627645,212.33897251737275,204.8,213.26060066223144
245.7504553652777,100.16009677327915,393.92,99.99407478332519,393.9295446347223,108.51236914240079,245.76,108.67839113235473
250.87901876331773,91.64123054369094,388.8,91.62131369113922,388.8009812366823,98.41621894494888,250.88,98.43613579750061
250.8640195385413,540.8193048209931,388.8,540.6124264907837,388.81598046145876,551.2673878746245,250.88,551.474266204834
225.25052886072572,509.0996944492932,414.4,508.6917622375488,414.4294711392743,522.356901314867,225.28,522.7648335266114
143.36,22.105181884765624,518.2194070030068,37.692364449916795,516.8,71.82797973632813,141.94059299699316,56.24079717117696
343.04,115.91261840820313,437.5318192090179,139.3469115206063,429.76,170.6844616699219,335.26818079098206,147.2501685575187
593.92,352.78887939453125,614.4643410865895,353.1760766479207,614.08,373.5688720703125,593.5356589134105,373.181674816923
593.8941139167349,533.0427724834864,614.08,533.0175771331787,614.1058860832651,553.7568612292822,593.92,553.7820565795898
552.6594770001135,403.93550480485754,568.0,403.7216162109375,568.3005229998864,425.2757342088143,552.96,425.4896228027344
363.47288392724994,524.6022562430946,404.16,524.3837181091309,404.20711607275007,533.1557208992394,363.52,533.3742590332031
200.39814443347356,135.09709345369922,291.52,121.50376586914062,295.9218555665264,151.01127568692579,204.8,164.60460327148436
245.754554699509,531.0817696636171,286.4,531.055809841156,286.405445300491,539.5815485507993,245.76,539.6075083732605
547.84,609.1259741210938,573.3452375170965,609.3956696531959,573.12,630.6964910888672,547.6147624829034,630.426795556765
312.2537117479992,524.7636957132629,332.48,524.6187483215332,332.5462882520008,533.8687615621277,312.32,534.0137089538574
204.72058144734493,525.8972154124577,286.4,525.0725506591797,286.4794185526551,532.9386091725032,204.8,533.7632739257813
