597.3333333333334,61.190354347229004,767.096218527834,62.396062538272844,766.6666666666666,122.8766695658366,596.903781472166,121.67096137479275
236.7098727154052,654.9417008844961,332.4,654.3427379608154,332.4901272845948,668.7414444478403,236.8,669.340407371521
236.78249571533843,672.4847427931342,466.8,672.2136271953583,466.8175042846616,687.0644580039468,236.8,687.3355736017227
230.23080555428402,624.1005260812819,300.4,623.4526618957519,300.569194445716,641.7778575551927,230.4,642.4257217407227
211.2,592.008650970459,275.2112684581127,594.3837942373664,274.8,605.4676795959473,210.78873154188727,603.0925363290398
512.0,751.0571521759033,793.4665877089976,752.8944869442495,793.2,793.7338233947754,511.7334122910023,791.8964886264292
217.6,525.4538352966308,284.72288605210576,544.7346952928691,281.2,556.9989967346191,214.07711394789425,537.7181367383808
625.9274175732487,501.5799939884124,671.6,500.09810638427734,672.8725824267513,539.319789336783,627.2,540.801676940918
556.3891572793369,3.4570539347318054,793.2,1.4767105102539062,793.6108427206631,50.60556851705042,556.8,52.58591194152832
198.3743190330634,371.62165569355903,422.0,371.26754994392394,422.0256809669366,387.4856535048205,198.4,387.83975925445554
198.4,331.37904891967776,499.1028101206075,335.02558943843485,498.8,359.99606590271,198.09718987939246,356.3495253839529
19.19203280434143,10.183433890291427,210.8,10.148368898034096,210.80796719565856,53.68404554059269,19.2,53.719110532850024
198.1369238562574,403.2544028087792,326.0,402.02771987915037,326.2630761437426,429.4494147495094,198.4,430.6760976791382
