21.23665032054061,16.023792908384195,254.66666666666666,15.648423512776693,254.76334967945937,75.77244406611344,21.333333333333332,76.14781346172094
651.1553194276529,726.1851243491959,766.6666666666666,706.3644866943359,776.8446805723471,765.6802422686427,661.3333333333334,785.5008799235026
64.0,120.4357837041219,727.6919212753184,149.66111463196654,724.0,233.5027084350586,60.3080787246816,204.27737750721394
275.0021146700238,735.6392768276976,370.8,734.7441970825196,370.9978853299762,755.9233112918092,275.2,756.8183910369874
76.64049353062106,704.4024818156679,351.6,702.7878324508667,351.75950646937895,729.9502746845762,76.8,731.5649240493774
543.5932903427375,31.905999921051148,754.8,28.974834442138672,755.2067096572625,58.28051817587268,544.0,61.211683654785155
70.3111030009035,636.6779546841865,370.8,635.3681699752808,370.8888969990965,655.7627898112054,70.4,657.0725745201111
435.2,643.0690765380859,769.6488177636627,658.9292294755111,767.6,702.1333953857422,433.1511822363374,686.2732424483171
300.8,22.773774719238283,473.7783961712601,25.12799368014713,473.2,67.62618255615234,300.22160382873983,65.27196359524349
108.8,435.0078758239746,159.95365023389033,436.21615140493134,159.6,451.1883155822754,108.44634976610966,449.9800400013187
153.6,734.4172445297241,255.73556483390138,735.7934209175194,255.6,745.8546245574951,153.46443516609858,744.4784481697
540.821962703865,322.29955123995535,588.4,314.0757659912109,597.9780372961351,369.4887178030134,550.4,377.71250305175784
454.32429945878886,632.0129914018197,652.4,631.2197875976562,652.4757005412112,650.1234257963614,454.4,650.9166296005249
294.4,569.233048248291,321.59671574154163,592.6022237909644,313.2,602.3742027282715,286.0032842584584,579.0050271855981
473.6,431.53540725708007,519.7126654365667,436.30215492912856,518.0,452.870174407959,471.88733456343334,448.1034267359105
434.6847504948661,690.6438175336832,614.0,687.2594207763672,614.515249505134,714.558848176766,435.2,717.943244934082
63.694389378902635,660.1104175654343,358.0,657.882149887085,358.30561062109734,698.2466542634078,64.0,700.4749219417572
