-86.38210094334102,425.5976369727533,98.22333333333333,307.76258305867515,224.39210094334103,505.42396957428446,39.78666666666667,623.2590234883627
179.04,96.88272156330447,714.9412061391865,97.12300991101631,714.9166666666666,151.85197636564573,179.01546052748026,151.6116880179339
668.3481407594627,480.09848271974755,733.691,479.6918254337311,733.7588592405373,490.5956428619938,668.416,491.00230014801025
244.65976524330353,74.04736237974014,333.835,73.88081345689297,333.86323475669644,88.99853991024648,244.688,89.16508883309365
668.2151822804149,409.11530600444365,733.691,408.14114212417604,733.8918177195851,421.63856762798736,668.416,422.612731508255
304.36376367833014,402.07966827835276,387.547,402.04775227496026,387.5512363216698,413.08895133314894,304.368,413.12086733654144
519.216,528.7878714637757,548.8258545925868,529.1283778943309,548.683,541.5507680015564,519.0731454074132,541.2102615710011
680.1048227937247,422.2399686911017,721.755,421.3169053277969,722.0021772062753,432.46995814300476,680.352,433.3930215063095
280.4226677985709,390.706347301598,399.483,389.90554212331773,399.55633220142914,400.8082641586109,280.496,401.6090693368912
495.32953809533535,396.8466714488027,572.555,396.77974085950854,572.5694619046646,413.4660912939551,495.344,413.53302188324926
501.2989139385945,500.1993547996434,566.587,500.1164559695721,566.6000860614055,510.42255923436556,501.312,510.50545806443694
268.31550870735055,268.2282260559043,411.419,266.8277179031372,411.66349129264944,291.8097628128091,268.56,293.21027096557617
286.30708683154364,370.93101893410665,399.483,369.7517519445419,399.6399131684563,384.8109296247008,286.464,385.9901966142654
489.2872500727734,516.5978224016576,578.523,515.9706998004913,578.6117499272266,528.5992772067638,489.376,529.22639980793
477.44,375.9200277552605,590.4753664319929,376.0125003332177,590.459,396.0182758654356,477.4236335680071,395.92580328747835
316.2727806702864,430.82783219072695,369.643,430.6929530010223,369.6742193297136,443.0461001231921,316.304,443.18097931289674
692.2670399632364,522.0074262421787,709.819,521.971538140297,709.8399600367636,532.2225602995693,692.288,532.2584484014511
292.1404782165757,295.2094567535524,387.547,293.9597783699036,387.83852178342426,316.21596823805527,292.432,317.4656466217041
507.28,659.6891710891723,560.6338108642204,659.7695610754987,560.619,669.5993431723118,507.26518913577956,669.5189531859855
304.3316229846585,415.5768097767172,387.547,415.3479380347729,387.5833770153415,428.57424120623494,304.368,428.80311294817926
823.8452648572261,666.4988118434509,876.923,661.2463106307983,882.6297351427738,718.9141843113343,829.552,724.1666855239868
668.2202710011387,459.83873977402817,733.691,459.14495358657837,733.8867289988613,477.61537065955036,668.416,478.3091568470001
477.44,462.78296995162964,584.7671099037547,464.8279508321471,584.491,479.3190779953003,477.16389009624527,477.2740971147828
668.3591686109297,511.6707827887321,733.691,511.2832260856628,733.7478313890703,520.8634983372903,668.416,521.2510550403595
315.43631954442253,580.5817022197274,375.611,576.5765151004791,376.4786804555775,589.6127085659476,316.304,593.6178956851959
710.192,652.9428289794922,727.7806529243404,653.0377018556023,727.723,663.7260810623169,710.1343470756597,663.6312081862068
483.40021640793435,487.7323044076415,578.523,487.6692630829811,578.5307835920656,499.41389166779794,483.408,499.47693299245833
674.3618404741236,500.649334837433,727.723,500.4972577209473,727.7451595258764,508.27264183283216,674.384,508.42471894931793
41.776,277.51548343765734,95.99108125435835,278.3423597880663,95.115,335.7836161100864,40.89991874564166,334.9567397596775
668.406272197009,493.68986540023474,727.723,493.6195691885948,727.732727802991,501.8279979029498,668.416,501.8982941145897
483.408,432.5378782691956,584.7478550329398,433.46489348441224,584.491,461.5438843955994,483.15114496706013,460.61686918038265
142.80925358134076,583.7818748818981,190.603,583.4137864894867,191.02574641865925,638.3045017343413,143.232,638.6725901267529
286.4511574729219,336.69088227770874,387.547,336.64736715015766,387.55984252707805,366.48356821866685,286.464,366.52708334621786
674.2688345884915,653.093372609047,697.883,652.8369480552674,697.9981654115085,663.4425434905014,674.384,663.6989680442811
