121.92,21.323075961470604,192.0012789482035,21.703256637521633,191.8335,52.63108651256561,121.7522210517965,52.25090583651458
338.328,2.714927307128906,372.13883003142087,16.22918156149188,362.5215,40.29043606567383,328.7106699685791,26.77618181131085
36.576,273.13643043780326,307.742593171703,274.77764772820757,307.65749999999997,288.83698381233216,36.49090682829703,287.19576652192785
36.576,301.5726266827583,140.25270622104074,303.3550603976374,140.01749999999998,317.03602147722245,36.340793778959274,315.2535877623434
252.98399999999998,352.0991061249375,380.8197581401802,352.23079149900104,380.8095,362.1890509972572,252.97374185981977,362.05736562319373
179.832,7.464711513519287,323.2653937701283,22.42008876801204,319.8495,55.18109692382812,176.41610622987167,40.22571966933537
39.624,349.3897430448532,216.4802266900526,352.7206037081275,216.2175,366.67040700244905,39.3612733099474,363.3395463391748
39.22866550610158,160.6260585980261,322.8975,157.8547982225418,323.2928344938984,198.32161112524622,39.624,201.0928715007305
27.432,15.382866642951965,123.412928958068,20.051485792480186,121.7295,54.660664664268495,25.748571041932006,49.99204551474027
320.03999999999996,252.8015082321167,374.8257153180134,253.39141277062558,374.7135,263.81309300136564,319.92778468198657,263.2231884628568
36.576,115.186382340163,362.7096546339374,116.79161327682485,362.5215,155.0188595881462,36.387845366062564,153.41362865148434
298.704,-5.513432361602783,359.73653730422643,27.177728139529382,347.2815,50.43057439041137,286.24896269577357,17.73941388927921
12.192,451.87930624857546,103.68418986115286,452.4692753022363,103.44149999999999,490.1055321807861,11.949310138847132,489.51556312712523
128.016,454.2297877096832,371.71809503443507,454.5912754076236,371.6655,490.0489691362381,127.96340496556492,489.68748143829765
33.42131341276731,205.10110707232406,325.9455,204.343896535635,326.05218658723265,245.55886336173066,33.528,246.31607389841972
18.272429906351405,83.17709952750698,365.5695,82.7712992041111,365.5850700936486,96.09669002684309,18.288,96.50249035023897
