127.07448588184137,166.9650927268948,242.84615384615384,166.93439797770517,242.84859104123555,176.12678909389393,127.07692307692307,176.15748384308355
-2.347479113696585,45.07890184810907,131.25,1.758649679330679,135.75132526754274,15.640510432853942,2.1538461538461537,58.96076260163234
49.53846153846154,312.6641415701463,90.34651265117171,312.79296234204935,90.32692307692308,318.99857914906283,49.518871964212906,318.8697583771597
131.27954665091494,13.630376241732705,139.8653846153846,13.452069465930645,139.97045334908503,18.511345080253566,131.3846153846154,18.689651856055626
87.40672698855515,317.8359849587114,208.78846153846152,276.23844425494855,213.997119165291,291.4373210809521,92.61538461538461,333.0348617847149
165.39176793721464,36.3825710918071,242.84615384615384,11.340648797842173,247.60823206278533,26.069703524140916,170.15384615384616,51.11162581810584
176.3716230861667,234.3678416630374,223.8653846153846,220.7148991364699,228.41683845229483,236.54779836100104,180.9230769230769,250.20074088756854
101.23076923076923,22.417392189686115,189.43531904515177,22.71054723746202,189.40384615384616,32.18011711193965,101.1992963394636,31.886962064163743
204.48607673865706,328.5131641338744,217.40384615384616,319.0975365271935,221.840846338266,325.1848785156148,208.9230769230769,334.60050612229566
59.87445410406706,226.76954287477338,152.78846153846155,196.49664380000186,157.52939204977906,211.04757437610925,64.61538461538461,241.32047345088077
-2.522136759075433,198.15124661030455,129.09615384615384,154.90699929457443,133.77213675907544,169.13883164454185,2.1538461538461537,212.38307896027197
1.9494269493072016,0.22743639243119393,30.019230769230766,-0.5582529948307917,30.223649973769717,6.74489639405092,2.1538461538461537,7.530585781312905
-0.7616218825978605,295.6135506048146,21.403846153846153,294.58572390446295,22.16546803644401,311.01038526887726,0.0,312.0382119692289
27.724468281991015,95.7012201075469,111.86538461538461,94.37373375892639,112.14091633339359,111.83793687956998,28.0,113.16542322819049
234.76923076923077,218.8521528977614,241.98780639781089,219.44229091621457,241.09615384615384,230.348996089055,233.87757821757373,229.75885807060183
24.729550915846257,128.37568061577875,234.6346153846154,86.18514295724722,237.90506446876913,102.45618058675468,28.0,144.6467182452862
176.77406082843368,80.70178000816665,223.8653846153846,68.37347103999211,228.01440071002784,84.22176465548269,180.9230769230769,96.55007362365723
-2.290644660734964,85.1508005188973,189.40384615384616,59.325365213247444,191.6944908145811,76.32813618999316,0.0,102.15357149564302
112.13156944296608,52.51116388279445,159.25,40.31219152303842,163.4261228647262,56.44243179216048,116.3076923076923,68.6414041519165
88.3076923076923,333.1077610345987,155.03768696824045,333.8592792302386,154.94230769230768,342.3283470593966,88.21231303175952,341.5768288637567
208.82085047537961,121.72387291946886,242.84615384615384,111.7997946372399,247.25607260154342,126.91946814498425,213.23076923076923,136.84354642721323
232.6153846153846,64.70183159754826,244.14889339726125,65.93504462146556,242.84615384615384,78.11879370762752,231.3126450642772,76.88558068371022
8.614251353606198,167.20318308340111,79.5576923076923,167.1940577189223,79.55882556947071,176.0043896513524,8.615384615384615,176.01351501583122
8.805230161573835,242.9218079206628,55.86538461538461,230.6705809373122,59.9832313768877,246.48830310316674,12.923076923076923,258.73953008651733
141.92391407658567,314.20988728029005,195.8653846153846,312.1354939020597,196.0953166926451,318.1145307142825,142.15384615384616,320.1889240925129
214.56238847389253,314.30598934015944,236.78846153846152,300.6470947265625,241.91838075687667,308.99461936814885,219.69230769230768,322.6535139817458
71.07692307692308,126.76810008745926,204.66175280961573,128.20377477290964,204.48076923076923,145.04370432633618,70.89593949807659,143.60802964088583
20.65410996269939,291.00630223834645,144.1730769230769,247.64190343710092,149.3651208065314,262.43089889479467,25.846153846153847,305.7952976960402
144.1797256860241,346.6713839656102,241.09615384615384,324.3956248210026,243.37796662166818,334.32323907187475,146.46153846153845,356.5989982164823
42.041106114545784,331.52437290980635,83.86538461538461,323.42182775644153,87.05504773160806,339.8864516458107,45.230769230769226,347.98899679917554
34.46153846153846,21.84844629581158,47.82521666650869,22.702246536670454,47.25,31.705535668593186,33.88632179502978,30.85173542773431
