42.666666666666664,46.22464895248413,257.68979528085043,55.70614854161513,254.66666666666666,124.26519521077473,39.643538052482924,114.78369562164374
20.80996014772981,184.75596259841484,340.0,182.073486328125,340.52337318560353,244.35008866777855,21.333333333333332,247.0325649380684
32.0,245.93642164468764,287.63631264435315,246.37830139846014,287.6,267.38589549064636,31.96368735564684,266.9440157368739
575.9065042094643,487.07098797031875,594.8,486.9509864807129,594.8934957905357,501.6713231258726,576.0,501.7913246154785
575.8940975079347,520.5419182875328,594.8,520.401067352295,594.9059024920653,534.6159689805336,576.0,534.7568199157715
576.0,586.2764404296875,601.2152371518455,586.3029499983294,601.2,600.7961468696594,575.9847628481546,600.7696373010175
32.0,301.6493705689907,319.68654411154137,302.29421764477536,319.6,340.90426535606383,31.913455888458667,340.2594182802792
569.6,659.8278539657592,594.8652239072072,659.9418319081913,594.8,674.3998628616333,569.5347760927928,674.2858849192013
569.2242073334567,775.8228456954381,620.4,774.5880920410157,620.7757926665433,790.163253547726,569.6,791.3980072021484
569.5398201772301,553.5649759887781,601.2,553.4363033294678,601.2601798227699,568.2436759353552,569.6,568.3723485946655
569.6,451.81911010742186,596.6651355097307,455.042447989951,594.8,470.7032775878906,567.7348644902693,467.4799397053615
547.8484568780929,425.0218306312373,594.8,417.3530700683594,597.3515431219072,432.9747452964971,550.4,440.643505859375
