234.439930717461,184.35552417588795,660.0,182.59803040822348,660.2267359492056,237.49994131572478,234.66666666666666,239.25743508338928
469.3333333333333,300.98869069417316,583.5491694257267,316.69537457760043,574.6666666666666,381.28714243570965,460.4508305742732,365.5804585522824
64.0,75.89651527404786,141.04718580082263,78.77958005039129,140.4,96.07500991821288,63.352814199177374,93.19194514186945
57.58780763035306,174.83705543886072,185.2,174.7640320420265,185.21219236964694,196.07083353687875,57.6,196.14385693371295
147.2,408.227880859375,167.49082481951706,409.6664221926526,166.0,430.69471282958983,145.70917518048296,429.2561714963123
57.52068736076643,140.2719827773423,198.0,139.88417301177978,198.07931263923356,168.61420003153376,57.6,169.00200979709626
326.4,434.24134521484376,375.3707370126625,459.573809811924,364.4,480.7815795898438,315.42926298733744,455.4491149927635
323.34398737721915,682.9890554829842,351.6,669.2738731384277,361.0560126227808,688.755146177172,332.8,702.4703285217286
249.6,380.32199630737307,330.2360417586514,428.32264475134616,319.6,446.1900764465332,238.96395824134856,398.18942800256013
57.50397076012109,101.53947841396705,210.8,100.72599792480469,210.8960292398789,118.82219243774041,57.6,119.63567292690277
121.6,411.417618560791,148.31322804679797,450.8694175078557,140.4,456.227547454834,113.68677195320201,416.77574850776926
