145.136,306.33312736463546,250.03437905582368,307.29706332688954,249.935,318.11178782749175,145.03662094417632,317.14785186523767
77.2,114.56024640440941,138.78816414823257,114.74486645613385,138.767,121.805101913929,77.17883585176743,121.62048186220456
231.60000000000002,282.2703740501404,311.52341192536954,293.58096648654646,308.607,314.1890462989807,228.68358807463045,302.87845386257464
36.998132535859895,406.93089765607,296.255,406.259638679266,296.31286746414014,428.60948873637443,37.056000000000004,429.2807477131784
30.880000000000003,243.18934541893006,259.7667916992941,274.7553554437206,256.111,301.26369249725343,27.22420830070587,269.69768247246293
77.16618453874716,104.24819931073903,138.767,103.83951422786713,138.80081546125285,108.93649494890454,77.2,109.34518003177644
95.03041932077764,81.18573193117021,141.85500000000002,79.79528030014039,142.5525806792224,103.28687257532239,95.72800000000001,104.67732420635224
77.2,228.7623199284077,277.83471694240075,229.59969972340082,277.72700000000003,255.40848849248889,77.09228305759923,254.57110869749573
336.5205854985177,481.29616408871533,358.01500000000004,480.92860555744176,358.08641450148235,485.104846252929,336.59200000000004,485.4724047842026
74.09988387389546,197.72305353711778,336.399,197.60047219878436,336.41111612610456,223.52651617334553,74.11200000000001,223.64909751167895
9.264000000000001,42.44439380931855,363.67987292212405,72.7767462318271,361.103,102.8860055923462,6.687127077875951,72.55365316983765
330.00741140342683,464.9617225664753,358.01500000000004,463.8706452560425,358.4235885965732,474.35897748387873,330.416,475.45005479431154
73.85827263719143,166.55629058187537,277.72700000000003,164.56063454437256,277.9807273628086,190.48046921569772,74.11200000000001,192.47612525320054
289.7160885275195,164.27013505846188,302.43100000000004,163.9079976348877,302.98691147248053,183.4264585809119,290.272,183.7885960044861
