280.0,693.6579701304436,479.02097070952925,694.6578933736458,478.75,748.5908867418766,279.7290292904707,747.5909634986743
-113.62740878785502,165.1909593511183,78.75,20.676002502441406,212.37740878785502,198.55997524971175,20.0,343.0749320983887
680.0,118.88618469238281,897.0133101342672,323.05324858939554,738.75,491.27452850341797,521.7366898657326,287.1074646064052
401.94144459491116,322.47029730090384,461.625,322.1217328906059,461.68355540508884,332.1479853152346,402.0,332.49654972553253
240.0,585.0758972167969,257.69210185832833,585.191035178262,257.625,595.5019083023071,239.93289814167167,595.3867703408421
143.9459970705989,309.3347538658907,209.625,309.0740430057049,209.67900292940112,322.6786107471655,144.0,322.9393216073513
432.0,625.8309853076935,485.928658379917,627.2057056024578,485.625,639.1178662776947,431.69634162008305,637.7431459829305
53.995952799342874,658.0615623311733,77.625,658.0527468658984,77.62904720065713,668.9008975166236,54.0,668.9097129818983
486.0,604.1465184688568,659.9557851966007,609.4999791210635,659.625,620.2485401630402,485.6692148033994,614.8950795108335
402.0,306.239169716835,467.66196778836024,306.4188917328099,467.625,319.9251820743084,401.9630322116398,319.74546005833355
149.69442650257443,375.7425608441885,179.625,374.8265948295593,179.9305734974256,384.8116705610697,150.0,385.72763657569885
234.0,639.0497896671295,287.83313295239026,639.8599159073103,287.625,653.6904133558273,233.7918670476098,652.8802871156466
59.91802171370361,637.54906729973,113.625,637.1855902075768,113.70697828629639,649.2986122854884,60.0,649.6620893776417
408.0,406.17576813697815,613.1647259931315,419.9957033227508,611.625,442.853803396225,406.4602740068686,429.03386821045234
84.0,611.9900174550712,179.63199874490834,612.0839059332739,179.625,619.2126183919609,83.99300125509167,619.1187299137583
432.0,645.6647766754031,479.6288678072629,645.6786110459789,479.625,658.9946690350771,431.9961321927371,658.9808346645013
402.0,84.80864665657282,605.6269518727709,84.82233368407208,605.625,113.86106417421252,401.9980481272292,113.84737714671326
72.0,585.6863711178303,155.6718369984885,585.9737913175685,155.625,599.60866355896,71.95316300151153,599.3212433592219
131.05401721890192,90.17914512679101,329.625,83.70063543319702,330.5709827810981,112.69568821862221,132.0,119.17419791221619
234.0,619.5409934520721,293.9938324536864,621.3557952192193,293.625,633.548681974411,233.63116754631358,631.733880207264
126.0,418.57404631376266,227.98785615947958,420.45917095051055,227.625,440.09019219875336,125.63714384052042,438.20506756200547
143.90593524346974,357.62309352785576,185.625,357.2626002430916,185.7190647565303,368.14849974483025,144.0,368.5089930295944
143.95977090260652,325.9540057635873,203.625,325.7298399209976,203.66522909739354,336.43744052881306,144.0,336.66160637140274
5.686742677289216,695.5070067216753,215.625,694.2085429430008,215.9382573227108,744.856622237608,6.0,746.1550860162824
336.0,599.6455535888672,353.80673993074953,600.0827338340542,353.625,607.4851627349854,335.8182600692505,607.0479824897984
240.0,568.8326389789581,330.34683648861653,573.6678440474184,329.625,587.1555125713348,239.2781635113835,582.3203075028746
258.0,404.153361082077,379.0113915656136,412.53091447190207,377.625,432.5569489002228,256.61360843438644,424.1793955103978
401.98643331384227,352.2875855230555,443.625,352.24263989925385,443.6385666861578,364.8111019320026,402.0,364.85604755580425
228.0,261.2578296661377,492.0499634149255,269.34846556280394,491.625,283.2177801132202,227.5750365850745,275.12714421655403
65.9840825647236,602.741422085008,149.625,602.6097696349025,149.6409174352764,612.7223720868022,66.0,612.8540245369077
143.20064886279786,239.720850106983,491.625,229.4598741531372,492.42435113720217,256.60284793684025,144.0,266.86382389068604
418.57665361662515,594.134721862468,497.625,588.1494455337524,499.04834638337485,606.9477719195755,420.0,612.933048248291
545.8680358868522,696.7654446724978,743.625,696.2338382005692,743.7569641131479,745.3243285652076,546.0,745.8559350371361
17.360263616380802,0.49525361433468973,89.625,-1.4158347845077515,90.2647363836192,22.77476840540923,18.0,24.68585680425167
419.92268376706244,576.1587315424555,497.625,575.7374762892723,497.70231623293756,589.9987830296882,420.0,590.4200382828712
