56.0,111.8670686086019,130.6065639428418,126.60835826034995,110.83333333333334,226.68188158671063,36.22676939049155,211.94059193496255
481.2509194780998,622.7217111581535,649.25,621.328861618042,649.5990805219002,663.4333424097327,481.59999999999997,664.8261919498443
205.3573545578028,253.34731936494276,548.4499999999999,239.02655220031738,550.2926454421971,283.172099160753,207.2,297.49286632537843
171.61313543582747,359.2186384458765,240.45,355.31837139129635,242.4368645641725,390.38507964418085,173.6,394.285346698761
403.2,350.4316827774048,529.1728260699326,360.4472326646007,526.05,399.7252782821655,400.0771739300673,389.70972839496966
285.59999999999997,408.2540081977844,370.65630463815165,414.2811044639177,369.25,434.1273240089416,284.1936953618483,428.10022774280833
78.0920464156791,622.3470100210479,240.45,621.0663711309433,240.75795358432086,660.1083790971467,78.39999999999999,661.3890179872512
543.1999999999999,367.78059253692624,599.8079889764297,379.2877279913939,593.25,411.5489774703979,536.6420110235704,400.04184201593023
526.4,149.04179706573487,688.5747742717919,149.54894752135831,688.4499999999999,189.44882168769837,526.275225728208,188.9416712320749
173.47963732075738,409.50201270609466,251.65,408.9404062509537,251.7703626792426,425.69376476973923,173.6,426.2553712248802
257.59999999999997,353.4569055557251,388.8389202019857,362.4524749088959,386.05,403.1408250808716,254.8110797980143,394.1452557277007
291.2,627.8807461798191,442.11103690557906,628.1337016145485,442.05,664.5477945566178,291.13896309442094,664.2948391218883
201.39268894078978,308.58410288819135,565.25,304.6705946922302,565.4573110592102,323.94528143874345,201.6,327.8587896347046
392.0,399.52116680145264,600.7920738741619,422.2739230080046,598.85,440.0954839706421,390.05792612583804,417.34272776409006
