96.0,40.95832860469818,527.1873199188559,42.28731681849385,527.0,103.06285488605499,95.81268008114414,101.73386667225932
415.84349906173884,219.1636829178928,559.0,218.73570084571838,559.1565009382612,271.0839840371014,416.0,271.5119661092758
448.0,350.2362699508667,543.2659394719606,350.6920493937013,543.0,406.2780878543854,447.7340605280395,405.82230841155075
339.6923076923077,329.40201509915863,374.70839779139624,331.8455734595078,373.84615384615387,344.2014934833233,338.8300637470653,341.7579351229742
305.10032423010904,704.880554668175,354.15384615384613,686.4229765671951,359.2073680775833,699.8533977807432,310.15384615384613,718.3109758817233
227.66313717181936,652.7120601917032,250.76923076923077,646.4981360802284,254.49070898202677,660.3362233119025,231.3846153846154,666.5501474233774
157.53846153846155,438.5425491333008,305.8038739936213,442.70277819387786,304.9230769230769,474.09329517071063,156.65766446791716,469.93306611013355
487.2877175300404,715.7137865684638,590.4615384615385,715.261130112868,590.5584363161134,737.3470227870519,487.38461538461536,737.7996792426476
216.6153846153846,613.2385406494141,286.554242257445,620.078080750296,285.2307692307692,633.6114748441256,215.29191158870879,626.7719347432437
393.84615384615387,486.467526949369,596.209011636186,490.2169818291235,595.3846153846154,534.710698054387,393.0217575945832,530.9612431746325
68.92307692307692,362.15441248967096,311.9468599926017,374.7610187392424,309.84615384615387,415.2573699951172,66.82237077662911,402.65076374554576
354.3625379072273,712.6441606408987,467.38461538461536,712.2787575354943,467.48361593892656,742.9004138765715,354.46153846153845,743.2658169819758
334.7692307692308,292.24876169057995,377.32109082445135,297.28297180131244,373.84615384615387,326.65501403808594,331.29429379093324,321.6208039273534
452.9230769230769,421.22515986515924,531.9670223217131,422.22408490979535,531.3846153846154,468.30936666635364,452.3406699859792,467.31044162171753
177.23076923076923,534.0846794568575,295.1331999249494,534.8309004357066,295.0769230769231,543.72260592534,177.1744923827429,542.976384946491
388.9230769230769,553.538703918457,590.7284428842294,554.6573021933917,590.4615384615385,602.8093026968149,388.65617250038605,601.6907044218801
182.15384615384616,485.4768072275015,295.52308379870976,488.04775426342223,295.0769230769231,507.7217888465294,181.70768543205944,505.1508418106087
180.95344061502496,663.877830759867,226.15384615384616,652.7089468149038,232.27732861574427,677.4906431734263,187.07692307692307,688.6595271183894
388.36849609875105,290.12857977116596,590.4615384615385,287.8794590876653,591.0161192858643,337.7109007022791,388.9230769230769,339.9600213857797
157.38381660517922,139.36156042456724,457.53846153846155,138.00696226266714,457.6931064717438,172.27350443408938,157.53846153846155,173.62810259598953
221.42864376790644,520.001275074039,295.0769230769231,518.9993517949031,295.1867408474782,527.0717162237563,221.53846153846155,528.0736395028921
59.07692307692308,294.1490393418532,325.7129925689148,303.38721697577023,324.61538461538464,335.06682762732873,57.97931512339293,325.82864999341166
223.6403009719261,684.4934998292906,270.46153846153845,671.5896976177509,273.2827759511508,681.8265121899402,226.46153846153845,694.7303144014799
24.49883140558186,0.6974982303597037,383.6923076923077,-1.4660264528714693,383.8088609021105,17.88441263659774,24.615384615384617,20.047937319828915
378.8649436086523,623.4795294403102,595.3846153846154,622.5081408574031,595.5965948528861,669.757743849297,379.0769230769231,670.729132432204
190.9247503236738,640.7550909482899,216.30769230769232,626.7668961745042,227.22909583017235,646.5848467019506,201.84615384615384,660.5730414757362
