13.292319167460645,296.0900446151135,96.96,240.90104431152344,104.14768083253935,251.79771905676145,20.48,306.9867193603516
517.12,384.9380126953125,597.0353436178542,427.08489428563627,588.48,443.3068115234375,508.56465638214576,401.15992993311374
471.9822102278507,619.2958681776386,614.08,513.771640625,623.3777897721493,526.2919443223614,481.28,631.816171875
15.001367781440623,215.61622001823372,219.84,74.88711303710937,225.31863221855937,82.86155097786002,20.48,223.59065795898437
97.25758602662154,377.5106659006963,117.44,377.4474572753906,117.46241397337846,384.6042034840693,97.28,384.667412109375
471.9431246538827,574.0748247574834,634.56,453.65812133789063,649.0168753461173,473.1814252425166,486.4,593.5981286621094
2.5459583725233834,371.7887328237549,61.12,334.46171508789064,68.81404162747661,346.5353052621826,10.24,383.86232299804686
66.56,373.61275756835937,129.32173637495055,386.15565125532527,127.68,394.3705200195312,64.91826362504946,381.82762633256533
4.495403835973447,204.56336092561378,132.8,116.90833557128906,138.54459616402656,125.31695889860497,10.24,212.9719842529297
475.2420783475932,647.3808670036501,639.68,527.8487768554687,650.8379216524067,543.1985079963499,486.4,662.7305981445312
66.56,355.42306640625,84.46212553247113,363.2682884908617,81.6,369.7994140625,63.69787446752887,361.9541919778883
286.72,220.45302978515625,428.314588843705,241.15551948124994,424.64,266.28785400390626,283.045411156295,245.58536430781257
389.96676361992667,632.8143348901318,480.96,569.09953125,495.47323638007333,589.8263682348681,404.48,653.541171875
97.28,259.1875439453125,183.65557415089995,288.21448946824717,178.88,302.4251806640625,92.50442584910006,273.3982351411278
34.39175660594222,220.19414275328748,163.52,145.40498046875,180.32824339405778,174.42548127015002,51.2,249.2146435546875
-10.32162899767036,143.7118018264252,255.68,-23.851026611328123,271.1216289976703,0.6621575241607559,5.12,168.22498596191406
-5.61487918674242,192.51823804786216,194.24,55.49412231445312,199.85487918674244,63.68363695213786,0.0,200.70775268554686
97.28,307.03767639160156,173.8489322055305,333.979921247345,168.64,348.78352722167966,92.07106779446947,321.84128236593625
