672.0,208.0616683959961,924.8050563664109,267.6285936093523,898.5,379.2685890197754,645.6949436335892,319.7016638064192
552.0,523.48974609375,633.5752713306932,538.2732035807159,622.5,599.3866653442383,540.9247286693069,584.6032078572724
120.0,254.41399508714676,480.2792517592579,259.918037697244,478.5,376.3828868865967,118.2207482407422,370.8788442764995
47.15702144794101,663.0102033846762,118.5,662.3481259346008,119.342978552059,753.1843275792216,48.0,753.8464050292969
72.0,50.30769269540906,886.7333733868537,52.091567262858256,886.5,158.67814582586288,71.76662661314639,156.8942712584137
-41.11463351471896,250.5115888730709,118.5,201.0241355895996,207.61463351471897,488.4505159242924,48.0,537.9379692077637
522.9266502386816,277.7553013719776,647.55,270.2732471466064,650.2233497613182,314.80136633737294,525.6,322.28342056274414
7.199999999999999,595.0563153594732,144.57919360559399,599.7086353152025,143.54999999999998,630.0998785972595,6.170806394405998,625.4475586415302
0.0,779.5931902885436,173.83623309325003,789.3642267073984,172.35,815.8057577133178,-1.486233093250037,806.0347212944631
504.0,847.1345289230346,719.8015117492516,850.451607965432,719.55,866.8143822669982,503.7484882507483,863.4973032246008
518.4,588.6927898406982,657.0371422603504,601.6288139478839,654.75,626.1404308319092,516.1128577396496,613.2044067247234
504.0,809.9474304199218,721.1022879650365,820.4704088742642,719.55,852.496063041687,502.44771203496356,841.9730845873446
767.0568285096632,535.740600283174,805.9499999999999,533.4275493621826,809.2931714903368,589.6418509649949,770.4,591.9549018859863
-0.46203833606406947,814.3981288326536,172.35,809.4956026554107,172.81203833606406,825.782264624759,0.0,830.6847908020019
797.0236151230771,213.57616418800086,834.75,207.1634696960449,844.1263848769228,262.3254776577022,806.4,268.73817214965817
511.2,616.2844010353089,699.3605636950455,627.5609806810437,697.9499999999999,651.0975909233093,509.78943630495445,639.8210112775745
21.599999999999998,578.1652600049972,67.4217645158056,584.9100442150279,64.35,605.778565120697,18.528235484194386,599.0337809106662
396.0,622.4913665771484,468.7383748983766,624.8952780516256,467.54999999999995,660.8535318374634,394.81162510162335,658.4496203629861
741.6,27.110100066661833,813.1691772064844,27.25265250481826,813.15,36.88066663742065,741.5808227935156,36.738114199264224
453.59999999999997,515.8486999511719,484.4906754015144,523.9604667617517,474.75,561.0542404174804,443.8593245984855,552.9424736069006
