149.33333333333334,9.560014511148134,788.0434337018845,9.902424135862782,788.0,90.92101148764293,149.28989963144883,90.57860186292828
369.94922821676477,417.7862793863633,532.0,388.7420959472656,546.0507717832353,467.13777253420966,384.0,496.1819559733073
405.3333333333333,284.089360555013,479.31285092373395,291.9814863032972,468.0,398.0263315836589,394.0204824095994,390.13420583537464
197.7229199264171,670.4615940265465,300.4,664.9300415039063,301.07708007358286,677.4980510540198,198.4,683.0296035766602
147.2,389.9312092781067,281.2735795189307,390.3027379504748,281.2,416.8553843975067,147.12642048106926,416.4838557251386
166.4,420.78346967697144,262.0507216824467,421.31462597241944,262.0,430.4485957145691,166.3492783175533,429.9174394191211
595.2,587.2555053710937,625.8341723126734,598.0380044026697,620.4,613.4770385742188,589.7658276873266,602.6945395426428
582.4,626.32314453125,610.2955517116736,634.9638059434288,607.6,643.6661376953125,579.7044482883264,635.0254762831337
563.2,597.1373779296875,587.5630562806789,607.0099701539442,582.0,620.73818359375,557.6369437193212,610.8655913694932
345.5361270747764,99.01120031310786,793.2,98.34260473251342,793.2638729252236,141.10926653908024,345.6,141.7778621196747
204.4850455165133,683.9505182753317,287.6,681.7464298248291,287.91495448348667,693.6231889237649,204.8,695.8272773742676
366.46695645047964,359.7701672032326,390.0,355.5963760375977,394.73304354952035,382.28264651747054,371.2,386.4564376831055
473.6,346.86475524902346,514.2085583471348,349.0635908350049,511.6,397.23899536132814,470.99144165286515,395.0401597753467
