0.0,348.3443166446686,216.80777350183848,351.0473119028771,216.14833333333334,403.9411356182893,-0.659440168505128,401.2381403600808
232.17893674849944,177.3708956372385,379.10833333333335,171.16496862252555,382.3160632515006,247.11008047544513,235.38666666666668,253.31600749015809
32.58448695717936,85.34596911145945,260.3965,85.2485380640775,260.4040130428206,102.81543747692355,32.592,102.91286852430551
646.3744330081246,548.0876522539844,803.5965,547.9333729152679,803.6300669918753,582.140622500659,646.4079999999999,582.2949018393755
5.4319999999999995,403.04229408280736,227.81509198416322,403.1797092944271,227.8045,420.3210298272818,5.421408015836784,420.18361461566207
608.384,275.63685520792006,771.0749844765461,276.4630682377714,771.0044999999999,290.3422839670181,608.3135155234537,289.5160709371668
680.0046889667057,420.46855080401355,765.5725,397.6650417356491,769.9998110332942,414.2780688248926,684.4319999999999,437.08157789325713
516.04,242.38783045220373,559.1768287124878,242.45786580867042,559.1564999999999,254.978915643692,516.0196712875122,254.90888028722532
646.4079999999999,581.5760445628166,809.0702138456021,582.0978290175913,809.0284999999999,595.1017934162617,646.3662861543978,594.580008961487
266.11571779196936,570.7009385970273,314.7165,570.5004190508126,314.7687822080306,583.1722819879612,266.168,583.3728015341758
616.2798208878808,174.77994897971143,711.2524999999999,159.18990575408935,714.2206791121192,177.271697977686,619.2479999999999,192.8617412033081
608.1977743157145,241.45173980210055,771.0044999999999,240.68179305887222,771.1907256842854,280.0595736177183,608.384,280.8295203609466
687.6894143085751,438.6423157933576,765.5725,420.2638293061256,767.7470856914248,429.47913894907396,689.8639999999999,447.85762543630597
97.776,491.94421595382687,192.7928013120754,508.65850038702223,189.7805,525.7827294502258,94.76369868792457,509.06844501703046
32.592,38.52903636488318,255.15419924153116,39.44113967148569,254.9645,85.72962485074996,32.402300758468826,84.81752154414745
380.22755123293837,410.02444804634206,401.6285,409.99682171571254,401.64094876706156,419.64035453484894,380.23999999999995,419.6679808654785
