31.800143077379488,11.122998718866842,591.0,9.683269381523132,591.1998569226205,87.308945010653,32.0,88.74867434799671
15.459247938323193,530.1313390284942,591.0,525.3801836967468,591.5407520616768,590.8852717280223,16.0,595.6364270597696
206.75918354059536,293.58540112413584,383.0,291.31494188308716,384.24081645940464,387.6313618954259,208.0,389.9018211364746
495.8489588998775,164.4425459040673,543.0,164.30589199066162,543.1510411001225,216.42108534440683,496.0,216.5577392578125
307.2,427.6021728515625,398.23244701511464,428.6630547530901,398.09999999999997,440.0281047821045,307.0675529848853,438.96722288057686
225.6,264.2107440948486,359.9519339013962,266.46442025204357,359.7,281.48335132598874,225.3480660986038,279.2296751687938
52.09145312958459,324.9053773224288,95.7,324.27606239318845,96.4085468704154,373.375007885701,52.8,374.0043228149414
240.0,412.8188999176025,292.63514283677137,413.4097152031632,292.5,425.44945535659787,239.86485716322863,424.8586400710372
350.37757949207224,414.1374490521472,398.09999999999997,414.0438147068023,398.1224205079277,425.47082798261226,350.4,425.56446232795713
513.6,406.62864875793457,542.811658732371,407.03513285160255,542.1,458.17792625427245,512.8883412676289,457.7714421606044
215.98342695714652,230.2690611227278,311.7,230.22220167517662,311.71657304285344,264.07481731038047,216.0,264.1216767579317
239.63830488953528,217.0423087133454,350.09999999999997,213.36475467681885,350.4616951104647,224.22889280185234,240.0,227.90644683837888
211.2,399.6313173651695,398.1166631304533,399.90285036068667,398.09999999999997,411.3733412146568,211.18333686954674,411.1018082191397
196.7470358674616,427.55275655867064,292.5,427.08631639480586,292.5529641325384,437.95903507588895,196.79999999999998,438.4254752397537
268.8,160.82634086608886,378.96219637128223,161.65692531401768,378.9,169.90616340637206,268.73780362871776,169.07557895844326
51.81566966861911,244.31562909195063,95.7,243.41924271583557,96.68433033138088,291.6090396254337,52.8,292.50542600154876
321.59681269950505,176.71347503581515,378.9,176.6899677336216,378.9031873004949,184.45957377931603,321.59999999999997,184.4830810815096
52.8,395.14436702728267,98.03323154152734,397.39751586296234,95.7,444.2384528160095,50.46676845847264,441.98530398032983
331.2,229.64692862033843,374.20421481302577,229.79243387269216,374.09999999999997,260.59322032928463,331.09578518697424,260.44771507693093
47.503502720326615,164.08917457132762,100.5,163.53815932273864,100.99649727967338,211.29113312692218,48.0,211.84214837551116
268.7542873193928,170.5444796471571,378.9,169.9340645313263,378.9457126806072,178.1826410384203,268.8,178.7930561542511
254.39999999999998,189.05781326293945,279.3337248230187,190.34117545764417,278.09999999999997,214.31052360534667,253.16627517698126,213.02716141064195
312.0,188.566056060791,336.23022038561805,189.08781944421239,335.7,213.7107753753662,311.46977961438193,213.18901199194482
492.70492435394203,329.4867417922634,542.1,327.7541175842285,543.795075646058,376.07872794955784,494.4,377.81135215759275
