280.0,127.70287303129832,671.1348532917203,129.48144265687944,670.8333333333334,195.79032536347708,279.69848004161315,194.01175573789595
17.8313545285068,618.0457520517676,297.5,615.1029078165691,298.33531213815985,694.4855035485855,18.666666666666668,697.4283477837841
334.6845012779156,305.28276762729604,446.83333333333337,303.8365491231283,448.14883205541776,405.8485513392517,336.0,407.29476984341943
354.6666666666667,30.047531843185425,615.8072609364482,34.40138612848418,614.8333333333334,92.81676165262859,353.692739063552,88.46290736732985
354.6666666666667,615.1661029656728,633.9211187268255,616.6243985018276,633.5,697.2659943898519,354.24554793984134,695.8076988536972
88.84540955156763,448.5881766756129,195.65,443.4740132331848,196.40459044843234,459.23293934268236,89.6,464.34710278511045
424.8431705656948,77.45789783935923,531.65,75.60089054107665,532.4068294343052,119.13036529082876,425.59999999999997,120.98737258911133
55.00018689447615,525.5230289770765,223.65,516.0522811889648,224.64981310552386,533.8563973115282,56.0,543.3271450996399
16.8,180.5639028161764,83.75425251882432,181.0466191799408,83.64999999999999,195.50676595568657,16.695747481175673,195.0240495919222
77.70114259330354,473.91876518251064,201.25,468.43038482666014,201.94885740669645,484.1623546409451,78.39999999999999,489.6507349967956
88.84472455402198,507.226055613399,195.65,500.2947376251221,196.40527544597805,511.9328419772382,89.6,518.8641599655151
610.4,76.39257354736328,632.4001459421937,83.34307485898178,621.25,118.63618927001953,599.2498540578063,111.68568795840103
117.6,54.67294115647673,184.46055612339424,54.70907794059874,184.45,74.24009869396686,117.58944387660574,74.20396190984486
336.0,80.26096782684326,409.456038641615,82.23267260368729,408.45,119.71273260116577,334.993961358385,117.74102782432172
87.66231271525156,395.72474846811326,195.65,390.13430175781247,197.58768728474845,427.5635769846913,89.6,433.1540236949921
358.0894050475922,434.5864518225937,470.05,433.4905207157135,470.3605949524078,465.2209784447403,358.4,466.3169095516205
4.4820772519930046,81.97335374042629,251.65,75.71107931137085,252.76792274800698,119.83476736560225,5.6,126.0970417946577
