96.0,637.6137496948242,269.52367936325857,643.6184086695542,267.59999999999997,699.2092294692993,94.07632063674144,693.2045704945692
391.68,479.18003356933593,446.8016017324481,507.92363059339783,437.40000000000003,525.9530841064453,382.27839826755195,497.2094870823834
604.8000000000001,586.149393081665,643.7292111029539,596.4237229945447,639.0,614.3426003265381,600.0707888970462,604.0682704136584
622.08,572.2071089172364,640.3497157639508,573.239479249301,639.0,597.125213470459,620.7302842360492,596.0928431383944
374.40000000000003,490.66445640563967,408.39440746759357,504.8348029232609,402.84000000000003,518.1597269439698,368.84559253240644,503.98938042634853
368.64,243.83605407714845,396.71907122726736,257.9193598668779,391.32,268.6839422607422,363.24092877273273,254.60063647101273
236.16,194.57073852539062,253.23248191248982,194.88949944580338,253.08,203.05626182556153,236.0075180875102,202.73750090514878
28.8,584.8781059706212,201.4523371579076,585.6613941715297,201.24,632.464737482071,28.58766284209239,631.6814492811625
613.4856864860362,293.84593747958337,639.0,286.3308856201172,641.8343135139638,295.9536487020573,616.32,303.46870056152346
86.4,136.98914405822754,180.85176128690824,151.18310170923354,178.20000000000002,168.82888664245607,83.74823871309178,154.63492899145007
270.72,75.97832176208496,352.5015150735318,85.00738495455221,351.0,98.60748664855957,269.21848492646825,89.57842345609232
207.36,414.37879417419435,225.56738452048106,415.82166605388056,224.28,432.0669788360596,206.07261547951896,430.6241069563734
149.76000000000002,60.186641693115234,214.16418522136215,67.0229192526192,212.76000000000002,80.25166900634765,148.35581477863784,73.4153914468437
126.72,128.01206840515138,181.63707402733323,139.24541977990725,178.20000000000002,156.0484238433838,123.28292597266679,144.8150724686279
11.52,26.55939022064209,126.80328967139603,29.34246970467857,126.36,47.70482402801514,11.07671032860397,44.92174454397866
426.24,91.9995817565918,532.4884605469789,110.30932801806897,529.5600000000001,127.30270523071289,423.3115394530211,108.99295896923573
604.8000000000001,224.65991340637208,718.312540271845,247.56289728277937,713.88,269.5316027069092,600.3674597281549,246.6286188305019
57.153541498145024,354.5798167556627,74.52,353.903095664978,74.96645850185497,365.36040525971816,57.6,366.03712635040284
213.12,179.3066009902954,254.56097771591917,184.74270946887202,253.08,196.0326174545288,211.63902228408085,190.5965089759522
420.48,209.75648551940918,502.4691767420404,217.75716530652434,500.76,235.27242622375488,418.7708232579596,227.27174643663975
380.16,232.38190338134766,403.8632664996948,234.5367397884539,402.84000000000003,245.79270263671876,379.13673350030524,243.63786622961254
138.24,102.50710338592529,155.36142959416702,102.96055570722542,155.16,110.56612403869629,138.03857040583298,110.11267171739617
558.72,285.3135550689697,587.8829784977952,286.8067811716556,587.16,300.92668327331546,557.9970215022049,299.4334571706296
345.0102588845503,185.82073687765185,460.44,183.29992492675783,461.0297411154498,210.30458279397902,345.6,212.82539474487305
207.36,140.8863949584961,320.337133450429,161.05665177174166,316.44,182.8851773071289,203.462866549571,162.71492049388334
69.12,173.73864166259767,93.00014870840823,176.83047338433335,91.8,186.09997192382812,67.91985129159177,183.00814020209245
460.8,226.45921852111817,478.1361983374474,227.02921323192774,477.72,239.68774635314944,460.3838016625526,239.11775164233987
218.88,119.67330047607422,356.1999348580829,144.28018901372232,351.0,173.29867767333985,213.68006514191714,148.69178913569175
80.64,158.3795901489258,111.69060253333491,167.1181616881592,109.08,176.39436676025392,78.02939746666509,167.6557952210205
524.16,198.3819465637207,709.2259641716475,203.6170655348795,708.12,242.71385147094728,523.0540358283525,237.47873249978852
599.0400000000001,130.75124221801758,716.8176483893121,151.51904166850116,713.88,168.17893478393555,596.1023516106878,147.41113533345197
397.44,147.90961395263673,532.1638697072694,179.5529908019503,523.8000000000001,215.16274566650392,389.07613029273057,183.51936881719033
97.92,109.9217813873291,207.43527487990445,111.76877408622306,207.0,137.57788970947266,97.48472512009556,135.7308970105787
650.88,262.1938485717774,708.5030242454206,263.25141294359804,708.12,284.1210791015625,650.4969757545795,283.0635147297418
570.24,266.9255529785156,613.1859655632072,277.533711162534,610.2,289.6220654296875,567.2540344367928,279.01390724566915
