91.80391943755964,91.94721414983852,356.8,46.323709106445314,367.3960805624404,107.86917378961462,102.4,153.4926788330078
25.579400398260137,834.7269461144558,920.0,834.5169108629227,920.02059960174,922.2388908888348,25.6,922.448926140368
102.4,150.85805587768556,256.6948892876283,156.4756656779332,254.4,219.50775604248048,100.10511071237167,213.89014624223282
383.6190210675863,258.9667201426613,587.2,257.78884239196776,587.5809789324137,323.6361376377953,384.0,324.81401538848877
68.94122158338935,23.084807664205545,152.0,-12.678274536132813,185.45877841661064,65.02882148618508,102.4,100.79190368652344
583.68,58.01653518676758,675.5581679333719,59.289904524217384,675.3599999999999,73.58843215942382,583.481832066628,72.31506282197401
583.68,103.67024002075195,675.6362457991413,105.48747193406895,675.3599999999999,119.46616470336913,583.4037542008585,117.64893279005213
583.68,119.6417852783203,699.1123618564734,124.96223997908687,698.4,140.41761291503906,582.9676381435265,135.09715821427247
529.92,97.02474334716796,560.2527153432144,97.2831125799692,560.16,108.1679539489746,529.8272846567855,107.90958471617336
775.68,418.3426080322265,956.242849326325,470.39794231459064,951.8399999999999,485.6699798583984,771.2771506736749,433.6146455760343
290.8583345439878,345.85704384721106,598.56,330.46266174316406,599.5416654560122,350.08411154829673,291.84,365.47849365234373
583.68,74.83272674560547,676.1634428605628,79.75179746748141,675.3599999999999,94.8573257446289,582.8765571394372,89.93825502275295
560.6311413164844,605.3436895518901,652.3199999999999,605.2799687004089,652.3288586835155,618.0268570751545,560.64,618.0905779266357
852.4799999999999,311.4368161010742,964.2483407530599,335.09384843914654,959.52,357.43303253173826,847.75165924694,333.77600019366594
68.87166101210869,213.34725833114308,91.67999999999999,213.16708877563474,91.92833898789131,244.60525158706977,69.11999999999999,244.78542114257812
798.7199999999999,377.56570220947265,903.4186766060535,407.29030654271793,898.0799999999999,426.09467376708983,793.3813233939464,396.3700694338445
245.76,605.2706689453124,276.0496655176813,605.3840194773592,276.0,618.655698852539,245.71033448231867,618.5423483204924
529.8844490818477,80.93931975590736,560.16,80.85843486785888,560.1955509181522,94.16529179347006,529.92,94.24617668151855
99.30928322096223,233.37199319629906,660.0,220.7985690307617,660.5307167790378,244.4649917432761,99.83999999999999,257.0384159088135
245.76,122.51196487426758,414.67523962406665,126.1680668256262,414.23999999999995,146.27653381347656,245.32476037593332,142.62043186211793
230.39999999999998,190.0877808380127,660.2172569067993,194.27719755301518,660.0,216.5668798828125,230.18274309320063,212.37746316781
798.7199999999999,170.13211807250974,908.9938080062653,199.1907595238065,905.76,211.46264511108396,795.4861919937346,182.40400365978724
860.16,436.7712524414062,890.4641068453674,436.9803746386843,890.4,446.270161743164,860.0958931546324,446.06103954588593
245.76,594.6076759529113,322.092962085685,594.684199939485,322.08,607.6139287662505,245.74703791431503,607.5374047796769
844.8,331.0909185791015,963.465376396912,360.03863847633534,959.52,376.2119183349609,840.8546236030878,347.2641984377271
568.3121224694538,951.1296857201745,636.9599999999999,951.0697347450256,636.967877530546,960.0900342619725,568.3199999999999,960.1499852371215
245.76,942.6636014199256,306.72448160968145,942.6913592382891,306.71999999999997,952.5343161821364,245.7555183903185,952.506558363773
