682.6666666666666,33.470080057779946,797.4049521079401,118.12846039462386,766.6666666666666,159.78834279378256,651.9283812253933,75.12996245693866
-16.55615778035049,111.21859062653725,126.66666666666667,-16.857996622721355,164.5561577803505,25.512276123544137,21.333333333333332,153.58886337280273
618.6666666666666,52.062764485677086,780.5479059798496,210.47414691243284,745.3333333333334,246.4600626627604,583.4520940201504,88.04868023600466
-22.307362368325546,265.93481334745485,233.33333333333334,23.247273763020832,276.9740290349922,69.21723921398721,21.333333333333332,311.9047787984212
313.6,672.9635540008545,505.37339269603183,675.088835262761,505.2,690.7348140716553,313.4266073039682,688.6095328097488
307.2,635.3929344177246,512.0265297095018,640.8056271373405,511.6,656.9463180541992,306.77347029049827,651.5336253345833
371.2,460.00292282104493,505.7674821094711,463.242205701235,505.2,486.816756439209,370.6325178905289,483.5774735590189
50.97636522837091,129.48112571370174,70.0,121.919140625,76.6236347716291,138.58217384684514,57.6,146.14415893554687
312.5560552506848,419.07353057842226,518.0,414.6397994995117,519.0439447493152,463.01263122577694,313.6,467.4463623046875
294.4,654.756679725647,524.5389581569082,656.8652754001785,524.4,672.0316184997558,294.2610418430919,669.9230228252244
326.3695898002118,548.435975197892,486.0,548.1887802124023,486.0304101997882,567.8266893586112,326.4,568.073884344101
358.4,577.2986950665712,454.0028447095556,577.3084689187555,454.0,605.1339691162109,358.39715529044446,605.1241952640268
