554.6666666666666,653.7400334676107,746.30042078752,656.4307528450533,745.3333333333334,725.3069801330566,553.69957921248,722.616260755614
191.32170408360457,41.57186887990877,489.3333333333333,38.58964316050211,490.01162924972874,106.37125668593798,192.0,109.35348240534465
554.6666666666666,576.3183555603027,725.2054952498307,579.2337749065582,724.0,649.7497876485189,553.4611714168359,646.8343683022634
689.323563918884,352.0287755370597,729.2,350.43152313232423,731.076436081116,397.2779596924325,691.2,398.87521209716795
689.550833125046,104.25505930249979,735.6,102.3946548461914,737.2491668749541,143.21521962816428,691.2,145.07562408447265
683.9772785462714,216.1282003267183,735.6,215.11165924072264,736.4227214537286,256.8916925565825,684.8,257.9082336425781
675.7961839881859,411.34592066206517,742.0,407.67027740478517,744.603816011814,454.5688864668411,678.4,458.2445297241211
678.4,158.19781036376952,749.3548324853475,159.8151094837364,748.4,201.70592498779297,677.4451675146524,200.08862586782612
678.4,45.697485733032224,742.4091461131638,46.27666736632249,742.0,91.49407730102538,677.9908538868361,90.91489566773512
678.1312610996737,269.78481916965916,735.6,269.3973045349121,735.8687389003263,309.2515043777041,678.4,309.6390190124512
