340.391268370929,710.6996274978345,446.6666666666667,709.039560953776,447.6087316290709,769.3493897725716,341.3333333333333,771.00945631663
42.666666666666664,707.247002919515,237.87651858235742,720.6754747617938,233.33333333333334,786.7198117574056,38.12348141764258,773.2913399151267
510.3865069488991,688.8073082008846,766.6666666666666,682.724983215332,768.2801597177676,750.7098833681258,512.0,756.7922083536783
0.0,20.88996124267578,639.9783658813516,31.84073413540661,638.6666666666666,108.49825668334961,-1.3116992146849347,97.54748379061878
671.7883280901469,38.63140813618164,774.0,37.842181015014646,774.2116719098531,65.25550630778808,672.0,66.04473342895508
543.9147772835133,756.4715722693498,748.4,755.9865423202515,748.4852227164866,791.9158415184919,544.0,792.4008714675904
595.2,409.368408203125,614.0532295816893,409.48779434625857,614.0,417.8937072753906,595.1467704183108,417.77432113225706
19.2,198.96759269237518,70.15116775596027,199.51728865962218,70.0,213.52898631095886,19.048832244039723,212.97929034371185
588.8,318.5735809326172,633.4263532531685,319.95362919773703,633.2,327.2731704711914,588.5736467468315,325.89312220607155
51.195945973581125,134.0935574970419,172.4,134.07302196025847,172.40405402641886,158.00054049946124,51.2,158.02107603624464
