92.26353887041425,269.6003802388006,185.5,267.7153352101644,186.5697944629191,320.6285804342138,93.33333333333334,322.51362546285
190.4,558.8239226713777,274.0576382000633,558.8906456087209,274.05,568.4674688547849,190.39236179993668,568.4007459174417
190.4,412.92830576896665,246.0824212619716,413.10127058158093,246.04999999999998,423.5386210441589,190.36757873802839,423.3656562315447
438.96757565060386,404.14112723582366,694.05,382.70917320251465,697.4824243493962,423.56177689320464,442.4,444.99373092651365
190.4,371.64848588705064,251.7256136647406,372.094925969659,251.65,382.4816599845886,190.3243863352594,382.0352199019802
190.34276849000986,478.43730395864407,268.45,477.9730972290039,268.5072315099901,487.60284732748113,190.4,488.06705405712125
433.4729118495637,324.2527282249802,671.65,303.7705814361572,674.9770881504363,342.45969815136255,436.8,362.94184494018555
330.4,78.63877849578857,689.1645074743712,84.31094427287209,688.4499999999999,129.50354480743408,329.6854925256288,123.83137903035056
207.2,543.8011415958405,229.45556727612188,544.1907736992653,229.25,555.9326612472533,206.9944327238781,555.5430291438287
190.3825126807573,466.7701556813711,218.04999999999998,466.7228512942791,218.0674873192427,476.95087057828965,190.4,476.9981749653816
139.82304922138718,162.21744180385153,184.45,161.6527856349945,184.6269507786128,175.63788687523325,140.0,176.20254304409028
483.97839313204685,474.21178856351656,682.85,457.5742965698242,686.0716068679532,496.0828731491299,487.2,512.7203651428223
156.7797648599938,590.2909422979092,218.04999999999998,590.1664081037044,218.0702351400062,600.1220013782048,156.79999999999998,600.2465355724096
196.0,398.9104866027832,246.26251430190229,399.93639501106003,246.04999999999998,410.3481462478638,195.7874856980977,409.32223783958693
425.59999999999997,156.49748097658156,694.1500186219173,157.09459845345305,694.05,202.07737624645233,425.4999813780827,201.48025876958084
218.4,193.49797077178954,274.1338276079178,193.92311710070885,274.05,204.91235334873198,218.3161723920822,204.48720701981267
196.0,449.02793707847593,229.61204393335194,450.1342172720221,229.25,461.1341761112213,195.63795606664803,460.02789591767515
61.40587166424777,324.32934448565254,201.25,322.0200451850891,201.44412833575223,333.77586561595194,61.6,336.08516491651534
78.39999999999999,334.23623416423794,178.9127449972833,334.8366237746665,178.85,345.3409226536751,78.33725500271669,344.7405330432465
196.0,356.39585766792294,229.3159090035479,356.6028668836591,229.25,367.2102128267288,195.93409099645208,367.0032036109927
