179.8299845915813,36.81628333318062,698.75,35.40437787771225,698.9200154084185,97.89043033582142,180.0,99.3023357912898
339.94252715257244,123.89813373518703,738.75,123.52882102131844,738.8074728474274,185.5916750179458,340.0,185.96098773181438
401.9779489950579,584.1633441233557,509.625,583.9804991483688,509.64705100494217,596.9626751905759,402.0,597.1455201655626
581.9833975998458,537.5833015960548,707.625,537.4094731807709,707.6416024001543,549.4095374721196,582.0,549.5833658874035
605.9743339928822,583.6970218580198,707.625,583.4891029894352,707.6506660071179,596.0371066171696,606.0,596.245025485754
618.0,549.6844950914383,653.6944062330092,549.8863748214349,653.625,562.1581084728241,617.9305937669909,561.9562287428276
401.96358796420606,566.769993582537,707.625,565.9370809793472,707.661412035794,579.2995324937798,402.0,580.1324450969696
670.7503742532332,362.93344656823416,701.625,361.7636103630066,702.8746257467669,394.74406273962717,672.0,395.91389894485474
438.0,639.0832662284374,665.6569721263811,639.784190744872,665.625,650.1685863733292,437.968027873619,649.4676618568946
401.9473411066535,488.9560088984254,707.625,487.64925277233124,707.6776588933466,499.9672721155402,402.0,501.27402824163437
479.931788492477,550.4199925469376,605.625,549.7046831846237,605.6932115075231,561.6907187295938,480.0,562.4060280919075
40.14190997280239,69.591672100493,119.625,65.8406674861908,121.48309002719762,105.21324952655168,42.0,108.96425414085388
401.96338455959744,476.7253105666268,707.625,475.8142329454422,707.6616154404026,488.0985152099503,402.0,489.0095928311348
665.990764025234,394.5810733362151,707.625,394.543625369668,707.6342359747662,404.81208019712443,666.0,404.8495281636715
402.0,537.5556623339653,539.6664124694105,538.0222994722077,539.625,550.2397284507751,401.95858753058957,549.7730913125329
539.9540915265019,394.51793623577896,569.625,394.39881974458694,569.6709084734982,405.83423143017944,540.0,405.95334792137146
540.0,371.84448194503784,573.2540884845164,377.83743783982175,569.625,397.974750995636,536.3709115154836,391.9817951008521
150.0,489.8043966293335,240.66927234806147,493.4123800404665,239.625,519.6551320552826,148.9557276519386,516.0471486441497
395.9826234604038,525.4135511351305,599.625,525.1325876712799,599.6423765395963,537.7271071540637,396.0,538.0080706179142
395.9443007862806,501.0387753473044,707.625,499.7055115699768,707.6806992137194,512.7264682425738,396.0,514.0597320199013
395.9830592939808,512.9871834492043,647.625,512.6481177806854,647.6419407060193,525.2208803320573,396.0,525.559946000576
401.77089004690515,550.1735301915126,467.625,549.0213825702667,467.8541099530949,562.1167809065862,402.0,563.268928527832
395.95188248553944,463.7406722311914,707.625,462.6065618991852,707.6731175144606,475.8300863797724,396.0,476.96419671177864
