469.3333333333333,582.2445888519287,745.6067163568628,583.3650534317634,745.3333333333334,650.7732108434042,469.0599503098039,649.6527462635694
448.0,369.3321304321289,768.2203781495359,377.15760196277466,766.6666666666666,440.73588943481445,446.44628851713077,432.9104179041687
186.07691523857736,215.9586618040382,766.6666666666666,21.13329569498698,793.9230847614226,102.35884307877429,213.33333333333334,297.1842091878255
42.666666666666664,43.01733938852946,533.6300673504719,53.92971792176385,532.0,127.2687619527181,41.03659931619478,116.35638341948372
445.118354522072,676.7733935507403,510.6666666666667,674.0666351318359,513.5483121445947,743.8501060016687,448.0,746.5568644205729
345.6,470.5620422363281,396.524105709902,471.1356275286644,396.4,482.1539928436279,345.475894290098,481.58040755129167
70.3586958678863,530.3507544986289,383.6,529.8189945220947,383.6413041321137,554.1498219259698,70.4,554.6815819025039
70.33700353499147,394.8407099521147,377.2,394.36337184906006,377.26299646500854,434.8614672148241,70.4,435.3388053178787
531.2,684.3064094543457,742.4378905383652,686.2317339138178,742.0,734.2751029968261,530.7621094616349,732.349778537354
569.6,184.5229705810547,672.9072221626354,186.96873955413935,671.6,242.18470306396483,568.2927778373645,239.73893409088018
127.98484928128524,449.65497082373014,319.6,449.49125020504,319.61515071871474,467.22333107093465,128.0,467.3870516896248
70.4,656.618636894226,153.6055208286199,659.297982327812,153.2,671.8911968231201,69.9944791713801,669.2118513895342
352.0,458.9678810119629,383.6908427771749,459.2200595780685,383.6,470.6361137390137,351.9091572228251,470.3839351729081
339.2,626.3620769500733,358.0405135589907,626.4637023398301,358.0,633.9745838165284,339.15948644100934,633.8729584267714
76.8,593.1620846748352,300.4352027058988,593.811762079486,300.4,605.9294134140015,76.76479729410121,605.2797360093507
166.35010591166946,660.7280879033142,294.0,660.2259539604187,294.0498940883305,672.9097710596985,166.4,673.411905002594
339.2,632.7982421875,358.0642869716063,632.9365522749306,358.0,641.7047332763672,339.1357130283937,641.5664231889366
70.37670781203111,492.9752543433836,383.6,492.76791751384735,383.6232921879689,527.955374629862,70.4,528.1627114593982
330.5699008709968,654.6082098771569,358.0,646.3862915039062,360.2300991290032,653.8263848494056,332.8,662.0483032226563
70.36987002943145,570.8694299581114,230.0,570.497303533554,230.03012997056854,583.4220807073054,70.4,583.7942071318627
76.8,637.7560888767242,140.4293041023868,637.955739511862,140.4,647.2950518608093,76.7706958976132,647.0954012256715
76.8,645.122038936615,140.48980348277425,645.739500924539,140.4,655.0025264739991,76.71019651722575,654.3850644860751
70.4,606.0659356117249,313.418336738261,610.1605696410817,313.2,623.1189514160156,70.18166326173902,619.0243173866588
537.6,279.5186511993408,780.7707720035647,281.58877499016046,780.4,325.14216766357424,537.2292279964353,323.0720438727546
