20.891810138400416,20.037063561748788,297.3333333333333,17.929577668507893,297.77485652826624,75.84471955610184,21.333333333333332,77.95220544934273
532.801844925587,20.163627903898405,788.0,17.850570678710938,788.5314884077465,76.48935385421927,533.3333333333334,78.80241107940674
21.333333333333332,710.2983029683431,320.5540370777164,720.2813236410934,318.6666666666667,776.8514060974121,19.44596292228363,766.8683854246618
28.24320427863788,359.7949811721255,702.6666666666666,185.5849177042643,717.0901290546955,241.42280243790051,42.666666666666664,415.6328659057617
196.65379099454017,523.9764288094173,532.0,435.71886189778644,548.6795423387931,499.0949721508692,213.33333333333334,587.3525390625
563.3319427925084,418.63783588937525,724.0,385.6275278727214,736.6680572074915,447.2856056796352,576.0,480.29591369628906
407.8179094566932,724.4914187306109,786.8,711.6228332519531,788.5820905433068,764.1057110911664,409.6,776.9742965698242
67.81063678855101,443.28286560890245,178.8,418.1257385253906,187.789363211449,457.78542204978896,76.8,482.94254913330076
195.42361396203484,410.044885481556,249.2,397.3458190917969,258.57638603796516,437.05174232606123,204.8,449.7508087158203
335.7600146562752,747.0064883358048,383.6,743.8982192993165,387.0399853437248,796.8437161319687,339.2,799.951985168457
112.5689524296337,608.3948383379684,198.0,561.4812660217285,207.0310475703663,577.927079386641,121.6,624.8406517028809
601.8114635585492,318.0651040752798,742.0,283.03076629638673,748.1885364414508,307.7939535419077,608.0,342.82829132080076
260.8707014985413,390.45348495913106,313.2,380.266455078125,321.1292985014587,420.9981141619627,268.8,431.1851440429688
333.11983939826115,367.88695235858887,377.2,361.51367645263673,383.2801606017389,403.566532748833,339.2,409.93980865478517
57.04387774147541,555.0160896318843,236.4,525.0744812011719,243.3561222585246,566.743021391065,64.0,596.6846298217773
