354.1305707231014,178.84323663814013,670.8333333333334,176.70932928721112,671.3694292768986,256.2737331856972,354.6666666666667,258.4076405366262
335.98805616321243,329.51127361599265,689.5,329.43777576461434,689.5119438367875,386.88556342727287,336.0,386.9590612786512
207.2,309.7521195411682,269.08954286900934,312.0709962674759,268.45,329.140043258667,206.5604571309906,326.8211665323593
145.6,286.6760359764099,269.1136270963524,291.37131407560145,268.45,308.8286377906799,144.93637290364762,304.1333596914884
346.88312311326104,259.9711933725413,520.4499999999999,257.9398295402527,520.7668768867389,285.0149062520925,347.2,287.0462700843811
156.79999999999998,499.72601833343504,257.37873711663906,500.7789344881907,257.25,513.076415681839,156.6712628833609,512.0234995270833
145.54675850927825,200.95161392165784,290.84999999999997,200.68770563006402,290.90324149072177,230.00152952299948,145.6,230.2654378145933
139.9558718244113,544.1386146113822,257.25,543.8225325644016,257.2941281755887,560.1979513301899,140.0,560.5140333771706
145.34804458535743,234.74595465262914,274.05,233.2551233768463,274.3019554146425,255.0061793605468,145.6,256.49701063632966
178.66720236718083,371.73766639881114,201.25,370.78185348510743,201.78279763281915,383.37015497036,179.2,384.3259678840637
173.53331937830123,329.90708439525304,262.84999999999997,329.5460996985435,262.9166806216988,346.04456028763116,173.6,346.4055449843407
145.53780951113646,268.4099452038348,251.65,267.9777062296867,251.71219048886354,283.24511475962987,145.6,283.677353733778
553.9935793080372,260.70335185241413,654.85,259.1407054901123,655.2564206919628,285.3719355850248,554.4,286.93458194732665
224.0,389.20457153320314,244.21605850533047,396.49832674883555,240.45,406.9366889953613,220.23394149466952,399.6429337797289
246.4,410.2603057861328,274.4181703909042,428.7543688143698,268.45,437.79603881835936,240.43182960909581,419.30197579012236
