313.01727924196064,360.8687611081261,373.05961538461537,358.78590297845693,373.47002845034706,370.6168380282265,313.4276923076923,372.69969615789563
229.89021511068677,258.04270009702174,285.4842307692308,255.37944833462055,286.0555541200825,267.30553048792984,230.46153846153848,269.968782250331
114.71764286017883,299.26694666012315,179.47192307692308,297.00409058570864,179.9850494475135,311.6878034225531,115.23076923076924,313.9506594969676
31.60372905503263,101.9435834072268,151.81653846153847,97.92366596882161,152.47742479112122,117.68700777740764,32.26461538461538,121.70692521581283
326.8837079758318,238.8555959618856,405.3242307692308,237.0783712240366,405.6959074087836,253.48288625003434,327.2553846153846,255.26011098788337
313.237582435362,304.598889393687,359.23192307692307,304.0179030385384,359.4220329492534,319.0681329618328,313.4276923076923,319.6491193169814
211.5541630033711,318.43563628443707,340.795,315.7001970672608,341.2654523812443,337.92758166322943,212.0246153846154,340.6630208804057
178.89722930648838,205.6810838925844,308.5303846153846,201.2054545725309,309.3931553088962,226.19494304666097,179.76000000000002,230.67057236671448
4.609230769230769,346.55993474892125,262.73776843125734,349.99312471944944,262.43807692307695,372.52579300183515,4.309539261050405,369.092603031307
238.68570165777658,63.43858054244676,400.71500000000003,58.02107192259569,401.70929834222346,87.75899649976611,239.68,93.17650511961718
73.67373745794286,239.81703494922527,124.16115384615385,239.57065093132167,124.23510869590329,254.72499951690384,73.7476923076923,254.97138353480744
179.67468488063804,337.4266783632138,225.5642307692308,337.0591864739932,225.64954588859274,347.7126789721703,179.76000000000002,348.0801708613909
119.84,374.20037583461175,336.20520478635495,374.5280393806134,336.18576923076927,387.3618685195538,119.82056444441427,387.03420497355216
